"wave" "response"
20004.66386 8.70071160711448e-16
20020.74478 3.41872948867054e-16
20036.8257 4.56049713503571e-16
20052.90662 4.96149247726985e-16
20068.98754 8.81803766454538e-16
20085.06846 6.54401664533895e-16
20101.14938 5.48293073451502e-16
20117.2303 5.59886326727028e-16
20133.31122 4.1671011580131e-16
20149.39214 3.69717853935134e-16
20165.47306 3.79465095410898e-16
20181.55398 4.29376832283865e-16
20197.6349 3.89623684263417e-16
20213.71582 3.41494219231132e-16
20229.79674 2.34255152765451e-16
20245.87766 2.26587313422758e-16
20261.95858 3.34172486327558e-16
20278.03949 3.79907900088813e-16
20294.12041 2.98136782053024e-16
20310.20133 2.84754029043314e-16
20326.28225 2.67260628173176e-16
20342.36317 2.47770686185444e-16
20358.44409 1.9989259284883e-16
20374.52501 2.7411877701543e-16
20390.60593 4.13162192952909e-16
20406.68685 5.04373883233514e-16
20422.76777 5.45265840845287e-16
20438.84869 6.06839291258527e-16
20454.92961 2.44533842549067e-16
20471.01053 1.47004206107067e-16
20487.09145 1.97043056018759e-16
20503.17237 3.56446654385232e-16
20519.25329 4.36492685003791e-16
20535.33421 4.73392943223663e-16
20551.41513 6.0213118968108e-16
20567.49605 7.24090240536238e-16
20583.57697 7.07998027095949e-16
20599.65788 6.94823125626739e-16
20615.7388 7.02315940787037e-16
20631.81972 7.27033215252757e-16
20647.90064 7.39980098803071e-16
20663.98156 7.93026204452094e-16
20680.06248 7.72124669831086e-16
20696.1434 7.64074637544809e-16
20712.22432 1.01616552276554e-15
20728.30524 9.38908313707973e-16
20744.38616 9.85344847647593e-16
20760.46708 1.09539791049972e-15
20776.548 1.41978846015043e-15
20792.62892 1.68610513361791e-15
20808.70984 2.32003869881287e-15
20824.79076 2.0836150981657e-15
20840.87168 2.01602829657905e-15
20856.9526 2.25799111768248e-15
20873.03352 2.65300336108523e-15
20889.11444 2.50873659766397e-15
20905.19536 2.97878780666553e-15
20921.27627 1.95433010433448e-15
20937.35719 3.51598861104259e-15
20953.43811 4.70679609306706e-15
20969.51903 6.98299471549065e-15
20985.59995 9.6632390017424e-15
21001.68087 1.24865564558392e-14
21017.76179 1.13878338836283e-14
21033.84271 9.82530284050122e-15
21049.92363 9.1739101830404e-15
21066.00455 9.49738011808207e-15
21082.08547 1.29400697274951e-14
21098.16639 1.80199806685867e-14
21114.24731 2.30392364500261e-14
21130.32823 2.46146565868313e-14
21146.40915 2.76499402462202e-14
21162.49007 2.97572983837825e-14
21178.57099 4.30490696029031e-14
21194.65191 2.3292262060553e-14
21210.73283 1.64531055021562e-14
21226.81375 1.88676689505781e-14
21242.89466 2.59874319237634e-14
21258.97558 1.40271253126606e-14
21275.0565 1.0221155630647e-14
21291.13742 1.03041963893238e-14
21307.21834 1.27013688971298e-14
21323.29926 1.60943171768136e-14
21339.38018 1.66955987333816e-14
21355.4611 2.03657739841262e-14
21371.54202 1.52884286048168e-14
21387.62294 1.34594434130607e-14
21403.70386 1.42333698495666e-14
21419.78478 1.88609022649941e-14
21435.8657 9.90225070760659e-15
21451.94662 5.03114084370094e-15
21468.02754 3.437610376891e-15
21484.10846 6.19121274313109e-15
21500.18938 1.17779830916217e-14
21516.2703 9.46472387103928e-15
21532.35122 9.68778048054417e-15
21548.43214 1.3605101677885e-14
21564.51305 2.49851837886206e-14
21580.59397 2.25320715316951e-14
21596.67489 1.87212522936201e-14
21612.75581 1.29546373312465e-14
21628.83673 1.06671623741449e-14
21644.91765 1.01593249929334e-14
21660.99857 1.24954431458871e-14
21677.07949 1.7237086381926e-14
21693.16041 1.27230904232735e-14
21709.24133 1.17306319794245e-14
21725.32225 1.80916053051373e-14
21741.40317 3.06087495597168e-14
21757.48409 2.79801259961815e-14
21773.56501 2.02218054309996e-14
21789.64593 1.86219908364427e-14
21805.72685 2.35462222338728e-14
21821.80777 2.94750955005334e-14
21837.88869 1.39062988074626e-14
21853.96961 1.15998522310693e-14
21870.05053 6.42778972672512e-15
21886.13145 7.08096311863989e-15
21902.21236 1.14315638868403e-14
21918.29328 1.13368887748189e-14
21934.3742 9.51611150332759e-15
21950.45512 6.59173281310971e-15
21966.53604 1.20661212440273e-14
21982.61696 1.94684043623533e-14
21998.69788 3.67512733823177e-14
22014.7788 3.1787514297654e-14
22030.85972 1.70837450027715e-14
22046.94064 1.21286470850587e-14
22063.02156 1.76762858539431e-14
22079.10248 4.66297201006379e-14
22095.1834 2.71161034923153e-14
22111.26432 2.3098088906391e-14
22127.34524 1.87744634964571e-14
22143.42616 2.05090628891329e-14
22159.50708 3.19183814720062e-14
22175.588 4.46930221674087e-14
22191.66892 1.08044223484473e-13
22207.74984 1.3037018438762e-13
22223.83075 1.60516382489674e-13
22239.91167 2.23965731869717e-13
22255.99259 3.57319685600284e-13
22272.07351 7.11355931184581e-13
22288.15443 4.24889958161885e-13
22304.23535 2.6324353259944e-13
22320.31627 2.3139808603812e-13
22336.39719 3.13072464354186e-13
22352.47811 2.89400559142866e-13
22368.55903 1.46991392054056e-13
22384.63995 9.21697013112896e-14
22400.72087 1.43958277321918e-13
22416.80179 2.75185610803774e-13
22432.88271 4.55369201352143e-13
22448.96363 5.29253048375749e-13
22465.04455 7.5803370853532e-13
22481.12547 5.9895519635597e-13
22497.20639 5.72190833360192e-13
22513.28731 7.40131402072314e-13
22529.36823 1.09266220915042e-12
22545.44914 1.26287192100573e-12
22561.53006 8.7797574295572e-13
22577.61098 7.81202987331414e-13
22593.6919 1.13717838874037e-12
22609.77282 2.07854878973784e-12
22625.85374 2.27273770990926e-12
22641.93466 7.21060669409028e-13
22658.01558 3.10583152173862e-13
22674.0965 3.46263277370061e-13
22690.17742 1.18612629445803e-12
22706.25834 2.52937546395419e-12
22722.33926 2.59247514241618e-12
22738.42018 3.52818518101696e-12
22754.5011 3.90738964051221e-12
22770.58202 4.47857469392006e-12
22786.66294 6.03047800170524e-12
22802.74386 7.12663808701372e-12
22818.82478 8.76953855872135e-12
22834.9057 4.51008823939693e-12
22850.98662 3.93100225567834e-12
22867.06753 4.13879115653144e-12
22883.14845 5.17752661533826e-12
22899.22937 9.47545743713248e-12
22915.31029 4.88176535390246e-12
22931.39121 4.09578967267578e-12
22947.47213 4.09113958580841e-12
22963.55305 5.17565565918496e-12
22979.63397 9.78655043229063e-12
22995.71489 8.42565049596528e-12
23011.79581 7.61196618578205e-12
23027.87673 9.79551600607479e-12
23043.95765 1.89999610546753e-11
23060.03857 4.20405173739976e-11
23076.11949 7.64385153747771e-11
23092.20041 1.29104444934935e-10
23108.28133 2.13873096020027e-10
23124.36225 2.97899338604822e-10
23140.44317 4.18368604431953e-10
23156.52409 5.75899974984188e-10
23172.60501 7.88413650625696e-10
23188.68592 1.06904895224842e-09
23204.76684 1.3183268701766e-09
23220.84776 1.61665048030515e-09
23236.92868 1.99055534098316e-09
23253.0096 2.44049246555048e-09
23269.09052 2.95249333882137e-09
23285.17144 3.19222372863761e-09
23301.25236 3.39304603483318e-09
23317.33328 3.55722584017191e-09
23333.4142 3.65582323893602e-09
23349.49512 3.72526639707682e-09
23365.57604 3.56694559971346e-09
23381.65696 3.32701646936634e-09
23397.73788 3.01235237117691e-09
23413.8188 2.33943324381627e-09
23429.89972 1.81237078679802e-09
23445.98064 1.3960710340508e-09
23462.06156 1.07252763519231e-09
23478.14248 8.27270026144548e-10
23494.2234 2.78410307880058e-10
23510.30431 1.09972005132819e-10
23526.38523 5.42383346842644e-11
23542.46615 5.33700476878045e-11
23558.54707 1.03529003724571e-10
23574.62799 1.39937882585696e-10
23590.70891 1.05299896933646e-10
23606.78983 1.06612301463499e-10
23622.87075 1.22672859714072e-10
23638.95167 1.49452684278638e-10
23655.03259 1.75330129862822e-10
23671.11351 1.36498730087787e-10
23687.19443 1.46997135928325e-10
23703.27535 1.90176525990578e-10
23719.35627 1.84186607361017e-10
23735.43719 1.87446569159707e-10
23751.51811 1.05125656652863e-10
23767.59903 1.3024151435926e-10
23783.67995 2.35101133502156e-10
23799.76087 1.30448767514066e-10
23815.84179 8.6211147406791e-11
23831.92271 7.85683718910919e-11
23848.00362 1.2740712912192e-10
23864.08454 2.59965058794451e-10
23880.16546 1.37720615056348e-10
23896.24638 5.29314292723394e-11
23912.3273 2.76673271354488e-11
23928.40822 4.82488129315005e-11
23944.48914 1.15056057331071e-10
23960.57006 3.09684051186151e-10
23976.65098 1.62623045806035e-10
23992.7319 1.34566920407506e-10
24008.81282 1.39017744154308e-10
24024.89374 1.7056524775595e-10
24040.97466 2.43126093226874e-10
24057.05558 3.06073028366676e-10
24073.1365 3.3535098344192e-10
24089.21742 3.96149338866995e-10
24105.29834 3.06894208378799e-10
24121.37926 2.54251468409813e-10
24137.46018 2.23075701092878e-10
24153.5411 2.71571237938655e-10
24169.62201 3.68547560530153e-10
24185.70293 3.56252648246049e-10
24201.78385 9.57288950786656e-11
24217.86477 3.28815804167686e-11
24233.94569 2.71786923701077e-11
24250.02661 6.42435017934957e-11
24266.10753 2.24099050118299e-10
24282.18845 2.54843469097726e-10
24298.26937 2.11797017168984e-10
24314.35029 2.07617433135212e-10
24330.43121 2.05876984333941e-10
24346.51213 2.14800367961909e-10
24362.59305 2.66679335521044e-10
24378.67397 2.70078385375462e-10
24394.75489 3.01169820508991e-10
24410.83581 3.27082475222937e-10
24426.91673 2.31528329152596e-10
24442.99765 1.92448177782511e-10
24459.07857 2.02865369158027e-10
24475.15949 2.63970384929059e-10
24491.2404 3.73929263106316e-10
24507.32132 3.06851416935038e-10
24523.40224 1.12957429641367e-10
24539.48316 6.23940542511653e-11
24555.56408 6.05064630814825e-11
24571.645 1.04394499158923e-10
24587.72592 2.48890555679299e-10
24603.80684 2.60893941789165e-10
24619.88776 1.75943819612808e-10
24635.96868 1.45733575763531e-10
24652.0496 7.49482596360874e-11
24668.13052 5.0385283093384e-11
24684.21144 1.23893044437355e-10
24700.29236 2.05963637094384e-10
24716.37328 2.29674431321802e-10
24732.4542 2.91744108050212e-10
24748.53512 2.54988549310393e-10
24764.61604 2.05856385838852e-10
24780.69696 1.70601282605755e-10
24796.77788 2.40901763776415e-10
24812.85879 3.79172442798318e-10
24828.93971 7.11776469548478e-10
24845.02063 5.28544674525643e-10
24861.10155 4.52253362993061e-10
24877.18247 4.15551228455373e-10
24893.26339 4.50836022771499e-10
24909.34431 5.27835584589114e-10
24925.42523 7.10089498792883e-10
24941.50615 1.0355568024285e-08
24957.58707 8.55970976080378e-09
24973.66799 7.33846888427481e-09
24989.74891 7.42217856691719e-09
24997.78162 1.06563089074427e-08
25011.29393 6.63387209846699e-10
25024.80624 3.33713887328258e-09
25038.31856 6.78693406287487e-09
25051.83087 1.09940923660677e-09
25065.34319 1.24561228623726e-09
25078.8555 1.34366134626738e-09
25092.36782 1.31815230885334e-09
25105.88013 1.32744667005621e-09
25119.39244 2.91616956022035e-09
25132.90476 2.87019436822187e-09
25146.41707 8.53945526424268e-10
25159.92939 1.19724084370042e-09
25173.4417 1.96015211743448e-09
25186.95402 1.94861587919940e-09
25200.46633 6.05928832013118e-10
25213.97865 8.04016687258671e-10
25227.49096 4.07138513327083e-10
25241.00327 5.81760254310422e-12
25254.51559 6.13720059580024e-10
25268.0279 1.31780659305022e-09
25281.54022 6.30007346271012e-10
25295.05253 1.41467250107296e-09
25308.56485 2.00689853141517e-10
25322.07716 4.63541638586237e-10
25335.58948 9.66301547826968e-10
25349.10179 8.88097394064349e-10
25362.6141 4.03866524832576e-10
25376.12642 2.1733999278273e-10
25389.63873 2.37253102591995e-10
25403.15105 4.139337088058e-10
25416.66336 3.23480288689042e-10
25430.17568 1.58404097736806e-10
25443.68799 2.09000241531009e-10
25457.2003 2.61708315523648e-10
25470.71262 2.28585535173886e-10
25484.22493 2.55777686812444e-10
25497.73725 2.67422021455492e-10
25511.24956 2.05881026770475e-10
25524.76188 1.15503303802726e-10
25538.27419 1.20264300673546e-10
25551.78651 1.06988387755988e-10
25565.29882 9.57005684041418e-11
25578.81113 1.78386689114306e-10
25592.32345 1.05357850472373e-10
25605.83576 6.0843444425336e-11
25619.34808 7.22449890738723e-11
25632.86039 4.50527632722671e-11
25646.37271 6.69786598886263e-11
25659.88502 6.01194111820995e-11
25673.39733 4.38132381965288e-11
25686.90965 6.39436807377657e-11
25700.42196 1.70188282892435e-11
25713.93428 5.34301911161185e-11
25727.44659 5.75212046431007e-11
25740.95891 2.33128550294295e-11
25754.47122 1.98773624293904e-11
25767.98354 3.19419518204308e-11
25781.49585 1.60257975218663e-11
25795.00816 1.28680911277775e-11
25808.52048 3.0552686626285e-12
25822.03279 1.25676294914737e-11
25835.54511 1.71679373372893e-11
25849.05742 2.6427511001948e-11
25862.56974 2.74298782720835e-11
25876.08205 2.0988237580667e-11
25889.59437 1.46987382748377e-11
25903.10668 8.01643520352437e-12
25916.61899 8.82523380769341e-12
25930.13131 8.63269151157366e-12
25943.64362 7.02772861073324e-12
25957.15594 8.2767162040075e-12
25970.66825 8.14151021756457e-12
25984.18057 7.54202328689404e-12
25997.69288 9.58416388845917e-12
26011.20519 1.74217204188342e-11
26024.71751 1.42438886416408e-11
26038.22982 7.81124021577253e-12
26051.74214 1.14569843872477e-11
26065.25445 2.23895745486912e-11
26078.76677 2.72241734873745e-11
26092.27908 7.18928989411873e-12
26105.7914 1.54465872695202e-11
26119.30371 1.0947236275145e-11
26132.81602 4.54346433801019e-12
26146.32834 9.45454117790111e-13
26159.84065 9.71178666384180e-12
26173.35297 5.96177071782606e-12
26186.86528 4.07172869521022e-12
26200.3776 6.98181391143392e-12
26213.88991 7.50156758212818e-13
26227.40222 7.13479993280260e-12
26240.91454 1.5058455378167e-11
26254.42685 9.0108927690035e-12
26267.93917 6.7709127836897e-12
26281.45148 5.34861217158263e-12
26294.9638 7.31172232248591e-12
26308.47611 7.56956749308482e-12
26321.98843 6.19643896431551e-12
26335.50074 1.04476587383808e-11
26349.01305 5.86081474879901e-12
26362.52537 8.33303166015243e-12
26376.03768 2.51104959779944e-12
26389.55 1.34633288531918e-11
26403.06231 1.17923096179309e-11
26416.57463 1.37061862490318e-11
26430.08694 1.8286616982978e-11
26443.59925 1.37870057235102e-11
26457.11157 8.08389654091514e-12
26470.62388 5.10279949104993e-12
26484.1362 1.33570900857643e-11
26497.64851 6.69028276986721e-12
26511.16083 6.63799042259793e-12
26524.67314 6.55362826131849e-12
26538.18546 1.00893952764151e-11
26551.69777 6.56684588452033e-12
26565.21008 2.09181082096227e-12
26578.7224 8.61852495882321e-12
26592.23471 1.68045425358207e-11
26605.74703 2.94037600886836e-11
26619.25934 2.61389566061594e-11
26632.77166 1.37142229955538e-11
26646.28397 1.23092125549106e-11
26659.79629 1.60038066356295e-11
26673.3086 2.22428897978187e-11
26686.82091 2.0356245667161e-11
26700.33323 6.56480767136189e-12
26713.84554 1.69679681648158e-11
26727.35786 4.43670879167631e-11
26740.87017 2.89180208788527e-11
26754.38249 1.70423153866867e-11
26767.8948 1.41121232759226e-11
26781.40711 1.29834553997526e-11
26794.91943 1.69837118247702e-11
26808.43174 9.14236798367383e-12
26821.94406 6.37431527886481e-12
26835.45637 5.34405710243494e-12
26848.96869 8.48903361053719e-12
26862.481 9.90758052108789e-12
26875.99332 8.47665404884676e-12
26889.50563 7.62442429254982e-12
26903.01794 4.51164854831889e-12
26916.53026 2.05933465156564e-13
26930.04257 1.31836801043425e-12
26943.55489 5.4492025535018e-12
26957.0672 8.27006368956984e-12
26970.57952 2.72327813837762e-12
26984.09183 2.56383596465187e-12
26997.60414 6.08944109830766e-13
27011.11646 1.02766870988993e-12
27024.62877 4.3690127567608e-12
27038.14109 8.83640141964567e-12
27051.6534 6.80682578451247e-12
27065.16572 2.69256540235527e-12
27078.67803 9.2668937316623e-12
27092.19035 7.02356848152584e-12
27105.70266 4.04813505446352e-12
27119.21497 5.75498644814508e-12
27132.72729 8.24658299366645e-12
27146.2396 6.66193674750655e-12
27159.75192 2.49489211703238e-12
27173.26423 3.06130256319281e-12
27186.77655 3.74074412910519e-12
27200.28886 8.66976406779062e-12
27213.80117 4.25651256526618e-12
27227.31349 3.51150678739431e-12
27240.8258 1.75986987459835e-12
27254.33812 1.79327345949528e-12
27267.85043 6.68038031775101e-12
27281.36275 3.73134229278869e-12
27294.87506 6.32822119242777e-13
27308.38738 9.24737768850737e-12
27321.89969 8.81476486578139e-12
27335.412 3.03681589756719e-12
27348.92432 3.73374258198064e-12
27362.43663 1.06719751001691e-13
27375.94895 1.17963679439114e-12
27389.46126 3.16949840194635e-12
27402.97358 2.71661731345383e-12
27416.48589 8.48511376216042e-13
27429.99821 4.16952187810833e-12
27443.51052 1.1216153709044e-11
27457.02283 3.84154776236058e-12
27470.53515 6.77756354058738e-12
27484.04746 3.60117328450481e-12
27497.55978 5.83812790378774e-12
27511.07209 2.60210691053306e-12
27524.58441 1.62032639643509e-14
27538.09672 1.07256748928062e-14
27551.60903 4.78751689040664e-13
27565.12135 4.17995196977302e-12
27578.63366 3.13291396754948e-12
27592.14598 7.28950864384026e-12
27605.65829 2.40093118891688e-12
27619.17061 2.1306442874994e-12
27632.68292 1.65504125511646e-12
27646.19524 1.06336813284155e-12
27659.70755 2.83414816971308e-12
27673.21986 2.38232296889183e-12
27686.73218 1.47907410422873e-14
27700.24449 3.1358461793443e-13
27713.75681 4.62438951734256e-13
27727.26912 3.95691721594071e-13
27740.78144 1.50557263567659e-12
27754.29375 1.22641651726824e-12
27767.80606 6.38073161920156e-13
27781.31838 1.09889394628553e-13
27794.83069 1.37414392215116e-14
27808.34301 6.95910878846436e-13
27821.85532 5.43250132864896e-12
27835.36764 1.10909288308317e-12
27848.87995 1.98021470906684e-12
27862.39227 4.80208566895965e-13
27875.90458 3.02584721270974e-12
27889.41689 4.78322345182749e-12
27902.92921 2.49961737461414e-12
27916.44152 3.99934170044904e-12
27929.95384 5.35627583601325e-12
27943.46615 6.44808232418355e-13
27956.97847 4.12410818873833e-13
27970.49078 3.04246059167149e-12
27984.00309 2.46344460196738e-12
27997.51541 9.08118565566001e-13
28011.02772 1.06893540246664e-12
28024.54004 4.37437573125736e-12
28038.05235 1.96944104952989e-12
28051.56467 4.0753268632809e-12
28065.07698 4.00511622337377e-12
28078.5893 1.95293609202634e-12
28092.10161 4.20895946035522e-12
28105.61392 2.57825553385175e-12
28119.12624 4.32233835743265e-12
28132.63855 6.34984437956792e-12
28146.15087 4.75611371479504e-12
28159.66318 2.55168033434812e-12
28173.1755 4.49824530354055e-13
28186.68781 2.18084996749683e-12
28200.20013 5.57441503647851e-12
28213.71244 3.55532626095461e-12
28227.22475 4.86462025822359e-12
28240.73707 4.59912368803073e-12
28254.24938 3.9852831469577e-12
28267.7617 3.84643635872965e-12
28281.27401 5.67884935486051e-13
28294.78633 9.69206198253556e-13
28308.29864 4.24960170041186e-13
28321.81095 1.43507175807412e-12
28335.32327 7.34918233834314e-13
28348.83558 1.4928159020216e-13
28362.3479 6.40336916078987e-13
28375.86021 1.14476199906333e-12
28389.37253 1.53893337712247e-12
28402.88484 1.43900172712799e-12
28416.39716 1.58005048764797e-12
28429.90947 3.33477115106322e-12
28443.42178 3.59884184072337e-12
28456.9341 3.27609223368256e-12
28470.44641 5.36280355672751e-12
28483.95873 2.44467566318493e-12
28497.47104 1.6385022731895e-12
28510.98336 3.96030426389926e-12
28524.49567 1.98047979097129e-12
28538.00798 1.15971516690005e-12
28551.5203 1.58513167221176e-12
28565.03261 7.32079686263322e-13
28578.54493 1.71167419573816e-12
28592.05724 8.92795139456633e-13
28605.56956 1.48360529914733e-12
28619.08187 7.23906989606004e-13
28632.59419 7.64792811428662e-13
28646.1065 7.47961006686721e-13
28659.61881 1.14796154174831e-12
28673.13113 1.26821517594098e-12
28686.64344 2.25432510981062e-12
28700.15576 1.31792897000798e-12
28713.66807 1.28866238144667e-14
28727.18039 6.98931246881296e-14
28740.6927 2.3835182341066e-12
28754.20501 6.74808039009067e-12
28767.71733 1.41804402668236e-12
28781.22964 2.25831508909416e-14
28794.74196 4.86113711951842e-12
28808.25427 4.15257029258548e-12
28821.76659 1.91176034073459e-12
28835.2789 3.78197390329323e-12
28848.79122 3.76519497327551e-14
28862.30353 8.42876626718375e-13
28875.81584 4.03885770785247e-13
28889.32816 5.57096749360833e-13
28902.84047 5.12120667319116e-13
28916.35279 2.98084240690549e-13
28929.8651 4.87291644723441e-13
28943.37742 5.00216030079817e-13
28956.88973 1.98471717745713e-13
28970.40205 1.26372132179269e-12
28983.91436 1.77228721775001e-12
28997.42667 1.15335697016959e-12
29010.93899 5.25568578249163e-13
29024.4513 8.23014689323281e-13
29037.96362 4.57659323476919e-13
29051.47593 8.31800315409326e-13
29064.98825 3.49164598941283e-13
29078.50056 9.98305851689883e-13
29092.01287 2.09966114008613e-12
29105.52519 1.12031313743964e-12
29119.0375 1.10285227647966e-12
29132.54982 1.63280113016111e-12
29146.06213 1.07115073311316e-12
29159.57445 2.79399366919125e-12
29173.08676 1.73240565060115e-12
29186.59908 2.24708830099354e-12
29200.11139 5.4608597572812e-12
29213.6237 4.96040418398386e-12
29227.13602 1.68641265352745e-12
29240.64833 3.38670731744326e-12
29254.16065 5.83920180477942e-12
29267.67296 4.84734296197972e-12
29281.18528 6.64573095840499e-13
29294.69759 3.58798786009812e-12
29308.2099 4.75377236409407e-12
29321.72222 7.53671701839311e-12
29335.23453 2.39670034555641e-12
29348.74685 6.90354125514659e-13
29362.25916 1.48877352489769e-12
29375.77148 8.3313024261372e-12
29389.28379 3.70261750447126e-12
29402.79611 8.30446784816632e-12
29416.30842 1.59076175122087e-12
29429.82073 3.11941020221568e-13
29443.33305 7.41212456225769e-13
29456.84536 2.32977331974051e-12
29470.35768 3.16454363615396e-12
29483.86999 1.16115854150046e-11
29497.38231 8.7870386533031e-12
29510.89462 4.14870868402434e-12
29524.40694 3.91710924629271e-12
29537.91925 1.04851321149009e-12
29551.43156 7.92722591247685e-13
29564.94388 6.69189769509242e-12
29578.45619 1.18050640049551e-13
29591.96851 1.08035967061179e-12
29605.48082 7.05864616696649e-13
29618.99314 6.18893211780493e-13
29632.50545 1.33302497311352e-14
29646.01776 1.45644297723378e-13
29659.53008 3.90531597380253e-12
29673.04239 4.57706370543997e-12
29686.55471 2.39040008839152e-12
29700.06702 3.91022317347818e-12
29713.57934 4.13623633196601e-12
29727.09165 1.05712913903615e-11
29740.60397 9.83166570628702e-12
29754.11628 9.25264978575924e-12
29767.62859 5.98030073987595e-12
29781.14091 1.12625292814714e-12
29794.65322 2.7617900458553e-12
29808.16554 1.65584139347819e-12
29821.67785 4.91455812815896e-12
29835.19017 8.51905161879808e-12
29848.70248 2.66650297718956e-12
29862.21479 4.81368907316711e-13
29875.72711 8.45116605307813e-12
29889.23942 3.85490440676654e-12
29902.75174 4.69489996601766e-12
29916.26405 3.27533534448636e-12
29929.77637 2.94337085263082e-12
29943.28868 1.03479416840571e-11
29956.801 8.06221781844968e-12
29970.31331 2.92234898317508e-12
29983.82562 2.27536714141502e-12
29997.33794 4.55394429885182e-12
30010.85025 1.13983047360763e-12
30024.36257 1.55213882314418e-12
30037.87488 3.38817762246133e-12
30051.3872 1.82733549697476e-12
30064.89951 3.19899557635503e-12
30078.41182 6.97801254127463e-13
30091.92414 3.0511092743261e-12
30105.43645 5.16511812650921e-12
30118.94877 5.70875211434641e-12
30132.46108 5.86276493635513e-12
30145.9734 1.60469626635509e-12
30159.48571 4.00579684756071e-12
30172.99803 5.13907301583156e-12
30186.51034 1.10758095819471e-12
30200.02265 3.75002210246342e-12
30213.53497 4.11846595957715e-12
30227.04728 2.43186371617636e-12
30240.5596 5.88756836258282e-12
30254.07191 4.29296380869025e-12
30267.58423 2.01434865130409e-12
30281.09654 3.65444004663116e-12
30294.60886 3.74729843699113e-12
30308.12117 1.9114761186595e-12
30321.63348 4.37026546332334e-12
30335.1458 1.03120585114789e-11
30348.65811 1.12694625603967e-11
30362.17043 7.39488706079504e-12
30375.68274 2.24487750839114e-12
30389.19506 6.3979821643427e-12
30402.70737 6.85997588698997e-12
30416.21968 6.03607279328222e-12
30429.732 6.49211747555439e-12
30443.24431 9.83903244126269e-12
30456.75663 1.37184198458943e-11
30470.26894 2.08626181440608e-11
30483.78126 1.51393689036031e-11
30497.29357 7.67166170672137e-12
30510.80589 8.05921092534352e-12
30524.3182 5.75238958962327e-12
30537.83051 4.05364369497196e-12
30551.34283 5.05530505783771e-12
30564.85514 8.36210637323631e-12
30578.36746 5.61931286697427e-12
30591.87977 4.45321218579825e-12
30605.39209 8.61312810690068e-12
30618.9044 6.79952829394273e-12
30632.41671 6.19620823277115e-12
30645.92903 8.09588624574116e-12
30659.44134 9.26013257396677e-12
30672.95366 6.40674098081825e-12
30686.46597 2.88336456003269e-12
30699.97829 6.78837360418451e-12
30713.4906 1.70109215957605e-11
30727.00292 1.36416271587076e-11
30740.51523 5.49981470921808e-12
30754.02754 3.33257859559862e-12
30767.53986 6.34113736200314e-12
30781.05217 1.00745203866652e-11
30794.56449 6.06108330627681e-12
30808.0768 5.36287748948986e-12
30821.58912 7.79794673693846e-12
30835.10143 9.95981403839141e-12
30848.61374 5.95651175377822e-12
30862.12606 3.6547576420621e-12
30875.63837 1.56982547179181e-12
30889.15069 1.96747539328984e-12
30902.663 7.12865101714887e-13
30916.17532 7.91138590834823e-12
30929.68763 1.15629530106904e-11
30943.19995 1.04909126870027e-11
30956.71226 7.05811156052641e-12
30970.22457 1.42719885775863e-13
30983.73689 6.78484377069538e-12
30997.2492 4.12885358580856e-12
31010.76152 5.12324809674211e-12
31024.27383 5.70867260486424e-12
31037.78615 8.17625996979142e-12
31051.29846 5.79725467264847e-12
31064.81078 2.98292170651703e-12
31078.32309 7.03718320028316e-13
31091.8354 1.76820509479273e-12
31105.34772 4.57946527198439e-12
31118.86003 7.01884872314129e-12
31132.37235 6.16053949294824e-12
31145.88466 9.78629635999121e-12
31159.39698 8.76259995641949e-12
31172.90929 2.43891139781449e-12
31186.4216 8.57016633381563e-13
31199.93392 1.25958976279712e-11
31213.44623 1.17989503553332e-11
31226.95855 1.03205088138446e-11
31240.47086 7.31589728177298e-12
31253.98318 9.31760472496084e-12
31267.49549 1.00347187014042e-11
31281.00781 1.91535178669836e-11
31294.52012 1.21994816491419e-11
31308.03243 1.60996107467221e-11
31321.54475 8.49302654002438e-12
31335.05706 2.28054577704495e-11
31348.56938 2.18772437616204e-11
31362.08169 1.85709168243199e-11
31375.59401 6.15158322712971e-12
31389.10632 9.22259672937795e-12
31402.61863 8.5386540596219e-12
31416.13095 1.73771226928223e-11
31429.64326 4.03851138213704e-11
31443.15558 1.6039194241917e-11
31456.66789 7.90264209835198e-12
31470.18021 2.49347194600078e-11
31483.69252 4.30338172956531e-11
31497.20484 3.28442597146164e-11
31510.71715 2.55490983635785e-11
31524.22946 2.69779052007289e-11
31537.74178 1.9620170681658e-11
31551.25409 1.31927247062451e-11
31564.76641 1.88445552507619e-11
31578.27872 1.8413214546768e-11
31591.79104 1.97089266101461e-11
31605.30335 3.57358512017054e-11
31618.81566 3.26150417954802e-11
31632.32798 3.71759315747872e-11
31645.84029 1.24538398622862e-11
31659.35261 7.08116952370355e-12
31672.86492 1.63074153654994e-11
31686.37724 1.71368999972153e-11
31699.88955 6.83098353348445e-12
31713.40187 6.25041064634611e-12
31726.91418 8.10379430474414e-12
31740.42649 6.04636051884648e-12
31753.93881 5.34360566225387e-12
31767.45112 8.4092401761968e-12
31780.96344 2.99627088185586e-12
31794.47575 9.9029764769506e-13
31807.98807 3.19136028783348e-12
31821.50038 3.1161867902593e-12
31835.0127 1.26202661515311e-12
31848.52501 1.98545891805058e-13
31862.03732 1.74062546330615e-12
31875.54964 1.85810781931331e-12
31889.06195 3.30838649025598e-14
31902.57427 2.34096322109642e-12
31916.08658 1.16259400884796e-11
31929.5989 1.08798428309798e-11
31943.11121 6.44397169399444e-12
31956.62352 3.77694803044481e-12
31970.13584 1.23874330076002e-11
31983.64815 9.3176612117761e-12
31997.16047 1.97566861786063e-12
32010.67278 8.14382476234519e-12
32024.1851 1.52980994185341e-11
32037.69741 1.11517774153381e-11
32051.20973 4.50799139731111e-12
32064.72204 4.68519571108371e-12
32078.23435 7.90392738894576e-12
32091.74667 1.06251351601032e-11
32105.25898 1.90936204173217e-11
32118.7713 1.79087805324953e-11
32132.28361 9.39382393031943e-12
32145.79593 1.67669503827618e-11
32159.30824 1.64987025117481e-11
32172.82055 7.0763562146889e-12
32186.33287 5.58581839987529e-12
32199.84518 7.16277270397269e-12
32213.3575 1.71990312992578e-11
32226.86981 2.25235395858296e-11
32240.38213 2.26464568131243e-11
32253.89444 1.5713804876429e-11
32267.40676 3.28338235983096e-12
32280.91907 3.53195535029952e-12
32294.43138 9.07217627332747e-12
32307.9437 8.97894290915434e-12
32321.45601 1.38461607528927e-11
32334.96833 9.29574294820474e-12
32348.48064 9.0684080477663e-12
32361.99296 1.7967406939809e-11
32375.50527 1.52031943656681e-11
32389.01759 4.74931570369798e-12
32402.5299 2.7808270141047e-14
32416.04221 2.4956699967561e-12
32429.55453 5.36521212516372e-12
32443.06684 1.02070990239539e-11
32456.57916 1.30635460074691e-11
32470.09147 1.60567425939594e-11
32483.60379 2.9748672817106e-11
32497.1161 4.11590981108506e-11
32510.62841 2.65599297420776e-11
32524.14073 1.57428435483508e-11
32537.65304 2.603258131114e-11
32551.16536 5.19408812758685e-12
32564.67767 7.05189342156867e-12
32578.18999 1.07117329674705e-12
32591.7023 7.27163451468015e-12
32605.21462 1.5445409197056e-11
32618.72693 2.24005941339748e-11
32632.23924 2.11909772012018e-11
32645.75156 1.01056700448509e-11
32659.26387 5.34728875880256e-12
32672.77619 7.24597375647394e-12
32686.2885 7.34577047801615e-12
32699.80082 1.33158480148286e-12
32713.31313 1.17717096273016e-11
32726.82544 6.18586802141667e-12
32740.33776 3.23910894942567e-12
32753.85007 1.16369063710353e-11
32767.36239 1.48975546031098e-11
32780.8747 2.79535584206445e-11
32794.38702 1.90659984545566e-11
32807.89933 4.47262982387826e-12
32821.41165 7.9615559144023e-12
32834.92396 1.66336379720809e-11
32848.43627 1.45338379186857e-11
32861.94859 1.93212980946484e-11
32875.4609 3.5208628167584e-11
32888.97322 3.30588514943315e-11
32902.48553 2.45914077511634e-11
32915.99785 1.66910528427558e-11
32929.51016 9.81397148662538e-12
32943.02247 1.30452575929467e-11
32956.53479 1.73420506157558e-11
32970.0471 2.48216382365844e-12
32983.55942 7.81803185298627e-13
32997.07173 1.40417212612401e-12
33010.58405 9.99551014701836e-12
33024.09636 1.67289456200799e-11
33037.60868 1.36708465558479e-11
33051.12099 5.55596624976405e-12
33064.6333 6.37642394719696e-14
33078.14562 1.11813511419593e-11
33091.65793 1.60447462410188e-11
33105.17025 1.5788646606361e-11
33118.68256 2.90577517159779e-11
33132.19488 1.08311528598044e-11
33145.70719 3.33929958468403e-12
33159.21951 7.98956050784283e-12
33172.73182 1.1182191165268e-11
33186.24413 1.48110256310624e-11
33199.75645 1.25110909893423e-11
33213.26876 2.07873399196635e-11
33226.78108 1.00386732953234e-11
33240.29339 1.01466249954717e-11
33253.80571 9.22950534904709e-12
33267.31802 8.32698770914545e-12
33280.83033 2.68205110067023e-12
33294.34265 1.00355761878736e-13
33307.85496 2.34065228407788e-12
33321.36728 4.78481686944008e-12
33334.87959 3.58662382962658e-12
33348.39191 2.51386212714224e-12
33361.90422 5.69279365212654e-12
33375.41654 1.72845368943664e-11
33388.92885 7.43294177387223e-13
33402.44116 1.61053484613116e-13
33415.95348 1.04017985904779e-11
33429.46579 2.86730692288693e-11
33442.97811 2.22812588096506e-11
33456.49042 1.2807764317879e-11
33470.00274 1.8267422715263e-11
33483.51505 1.73352357003342e-11
33497.02736 2.00288833308754e-11
33510.53968 1.5776426582632e-11
33524.05199 8.65949696017749e-12
33537.56431 3.74516376488142e-14
33551.07662 4.57392187890706e-14
33564.58894 7.44704547840841e-14
33578.10125 6.09876394570727e-12
33591.61357 1.2333859165015e-11
33605.12588 1.17810849282641e-11
33618.63819 2.7775004474829e-11
33632.15051 3.3903319601343e-11
33645.66282 9.18693444328636e-12
33659.17514 1.64833850744613e-11
33672.68745 4.14734028048068e-11
33686.19977 5.38532221964082e-11
33699.71208 5.29942452408122e-11
33713.22439 3.94207597608065e-11
33726.73671 3.02229129500259e-11
33740.24902 2.02689034422938e-11
33753.76134 2.29618346114934e-11
33767.27365 3.64851497821296e-11
33780.78597 6.27986228484807e-11
33794.29828 3.62109858701762e-11
33807.8106 1.71685163621432e-12
33821.32291 2.47713250446167e-12
33834.83522 5.39545607297097e-11
33848.34754 5.06134418609537e-11
33861.85985 3.78437433975396e-11
33875.37217 4.60417173321736e-11
33888.88448 5.44728138323108e-11
33902.3968 2.02190248685795e-11
33915.90911 3.19607419263465e-12
33929.42143 4.94786923532838e-11
33942.93374 1.09612397350232e-11
33956.44605 1.01959884643274e-12
33969.95837 3.42745826365794e-12
33983.47068 6.19492913823771e-11
33996.983 5.70468773490101e-11
34010.49531 3.26110853943306e-11
34024.00763 2.96793734535129e-11
34037.51994 2.86860985630971e-11
34051.03225 2.58320886689984e-11
34064.54457 2.64886197722808e-11
34078.05688 2.53305107594711e-11
34091.5692 1.82833444918553e-11
34105.08151 4.5457027521264e-11
34118.59383 4.50092923725139e-11
34132.10614 3.7796794823121e-11
34145.61846 3.51882858933358e-11
34159.13077 2.42849462575505e-11
34172.64308 2.28826317665282e-11
34186.1554 5.27851247785567e-12
34199.66771 3.23321115829632e-11
34213.18003 3.48072801045132e-11
34226.69234 1.76715926079969e-11
34240.20466 2.89976491194126e-11
34253.71697 3.67345127947502e-11
34267.22928 4.31038831397453e-11
34280.7416 1.55662105986733e-11
34294.25391 1.74279848634794e-12
34307.76623 1.00910797486399e-12
34321.27854 1.04593810362368e-11
34334.79086 3.56994756091517e-11
34348.30317 7.42935212258265e-14
34361.81549 1.74206590530007e-13
34375.3278 7.9016519853258e-13
34388.84011 2.62749298691291e-11
34402.35243 2.74593948720208e-11
34415.86474 1.35188375431457e-11
34429.37706 4.87391882460589e-11
34442.88937 7.08148925228498e-11
34456.40169 4.47007048895422e-11
34469.914 2.22253171870603e-11
34483.42631 2.29722555472361e-11
34496.93863 2.27207940973664e-11
34510.45094 3.89572210194394e-11
34523.96326 3.3064840225469e-11
34537.47557 1.78900238063436e-11
34550.98789 2.07882451918038e-11
34564.5002 1.7841171316803e-11
34578.01252 5.5021789025236e-11
34591.52483 2.4659555849363e-11
34605.03714 6.93586792139847e-12
34618.54946 1.0554160095629e-11
34632.06177 6.11349588160612e-11
34645.57409 6.36099424154686e-11
34659.0864 2.84092453779374e-11
34672.59872 2.23220651523973e-12
34686.11103 3.33182966405732e-12
34699.62335 4.6612060826488e-12
34713.13566 1.06127360826516e-11
34726.64797 2.58105951305582e-11
34740.16029 6.17562374720193e-12
34753.6726 4.91594528177921e-12
34767.18492 1.9390332328326e-12
34780.69723 5.37004648082651e-12
34794.20955 1.34604807433848e-11
34807.72186 8.98785804623727e-13
34821.23417 1.064304539889e-12
34834.74649 2.5122791512083e-12
34848.2588 9.73426039432332e-12
34861.77112 3.96073724635101e-11
34875.28343 2.81845029167429e-11
34888.79575 1.70084355842994e-11
34902.30806 1.23546424507326e-11
34915.82038 3.89701888186377e-12
34929.33269 2.00844463092283e-11
34942.845 3.26111767401401e-11
34956.35732 2.37990305497418e-11
34969.86963 1.70592198459871e-11
34983.38195 6.19817560533771e-12
34996.89426 3.09886470573831e-12
35010.40658 1.04855088829957e-12
35023.91889 1.09599456858157e-11
35037.4312 1.38240865283584e-11
35050.94352 3.98789285218771e-12
35064.45583 2.90252433276722e-12
35077.96815 1.46964245370133e-11
35091.48046 2.29377318525801e-11
35104.99278 2.29363916585766e-12
35118.50509 7.79565935653884e-13
35132.01741 8.78817965943091e-13
35145.52972 1.49503792660427e-11
35159.04203 1.04435805346007e-11
35172.55435 2.16941354153003e-11
35186.06666 2.61374452467363e-11
35199.57898 1.24950230386743e-11
35213.09129 1.19604155928762e-11
35226.60361 5.53123791799491e-12
35240.11592 8.5295510072608e-12
35253.62824 6.25969099583544e-12
35267.14055 3.07987059162532e-11
35280.65286 2.24309910510365e-11
35294.16518 1.15332182401806e-11
35307.67749 1.22870288995211e-11
35321.18981 2.34693542386301e-11
35334.70212 3.46815332359668e-11
35348.21444 2.49062648286954e-11
35361.72675 1.03470672059791e-11
35375.23906 1.15055102790144e-11
35388.75138 1.14853682180293e-11
35402.26369 3.25016409459243e-11
35415.77601 3.95668960034012e-11
35429.28832 3.72222287434191e-11
35442.80064 2.95747742813323e-11
35456.31295 1.14129949615139e-12
35469.82527 2.08418453626233e-11
35483.33758 2.64083174983328e-11
35496.84989 3.05910406124027e-11
35510.36221 1.60298877143607e-11
35523.87452 1.70334066346562e-11
35537.38684 3.52486973976346e-11
35550.89915 3.72600105470625e-11
35564.41147 3.0737771237514e-11
35577.92378 3.24170246934955e-11
35591.43609 3.3793492472442e-11
35604.94841 2.83885591240016e-11
35618.46072 4.2982236139605e-11
35631.97304 4.60389789735567e-11
35645.48535 1.11133903637888e-11
35658.99767 1.69506990910395e-11
35672.50998 4.37587274985082e-11
35686.0223 6.89263956667818e-11
35699.53461 6.56526702906161e-12
35713.04692 3.42095671171313e-11
35726.55924 5.94382101182472e-11
35740.07155 6.5733292235369e-11
35753.58387 4.81102793173699e-11
35767.09618 3.56077416061698e-11
35780.6085 2.44256490627205e-11
35794.12081 4.28920016267634e-11
35807.63312 6.78142130132768e-11
35821.14544 4.77427379945101e-11
35834.65775 3.32726766319651e-11
35848.17007 3.13973193077191e-11
35861.68238 3.26403278130361e-11
35875.1947 3.72454449921276e-11
35888.70701 5.68775115472452e-11
35902.21933 2.7334676755964e-11
35915.73164 2.59631302602166e-11
35929.24395 4.377273596466e-11
35942.75627 1.93989858711492e-11
35956.26858 1.3681123617225e-11
35969.7809 2.41969092242588e-11
35983.29321 3.06936713392352e-11
35996.80553 2.31938291266815e-12
36010.31784 2.59879383996471e-11
36023.83016 1.25920175104561e-11
36037.34247 1.14127373567426e-11
36050.85478 8.54848524985769e-11
36064.3671 1.76858112253752e-10
36077.87941 1.18541070096087e-10
36091.39173 7.56876561513486e-11
36104.90404 5.39221653068562e-11
36118.41636 6.02394768816208e-11
36131.92867 6.01457289671402e-11
36145.44098 5.5098712568552e-11
36158.9533 7.14490528748152e-11
36172.46561 1.0199696136834e-10
36185.97793 5.62275703228904e-11
36199.49024 1.8242153142717e-12
36213.00256 3.09310246341948e-11
36226.51487 1.44934245616666e-10
36240.02719 1.39965933673024e-10
36253.5395 8.53489559487158e-11
36267.05181 4.16027652020139e-11
36280.56413 4.74481601549812e-11
36294.07644 5.10310173925404e-11
36307.58876 5.73455249280375e-11
36321.10107 3.11369876546686e-11
36334.61339 2.11073765341901e-11
36348.1257 8.39533188064039e-11
36361.63801 8.16590785981562e-11
36375.15033 6.21503042390454e-11
36388.66264 4.87254485490026e-11
36402.17496 9.92110596954108e-12
36415.68727 3.95420546165378e-11
36429.19959 1.54141541966094e-10
36442.7119 2.00261524146364e-10
36456.22422 1.90164088475704e-10
36469.73653 1.05422767952666e-10
36483.24884 1.04890360167072e-11
36496.76116 2.81633118681300e-11
36510.27347 9.53211841476813e-11
36523.78579 1.41799373898015e-10
36537.2981 1.27933894290069e-10
36550.81042 1.80888497708206e-10
36564.32273 1.03029603885096e-10
36577.83504 7.90201429928833e-11
36591.34736 4.24459637776816e-11
36604.85967 3.15613697300498e-11
36618.37199 6.58141570724875e-11
36631.8843 7.56311206774151e-11
36645.39662 5.41547974999761e-11
36658.90893 2.9024694282994e-11
36672.42125 1.40586781418675e-12
36685.93356 1.01188798467548e-12
36699.44587 1.63859398638735e-11
36712.95819 8.39174820694832e-11
36726.4705 1.01464817273257e-10
36739.98282 1.54710939243109e-10
36753.49513 1.18735898743188e-10
36767.00745 1.72057361777287e-10
36780.51976 2.48955059670291e-10
36794.03208 2.17545655043189e-10
36807.54439 1.12574261911253e-10
36821.0567 7.92181433514216e-11
36834.56902 1.17984535623038e-10
36848.08133 1.58928306340408e-10
36861.59365 1.00364909130892e-10
36875.10596 1.2223594106086e-11
36888.61828 5.59786674364589e-11
36902.13059 1.25077539396725e-10
36915.6429 1.9054390033601e-10
36929.15522 1.80287164846404e-10
36942.66753 1.12956171976002e-10
36956.17985 5.98195224654674e-11
36969.69216 7.34361658125251e-11
36983.20448 1.45241421433389e-10
36996.71679 2.47661425756151e-10
37010.22911 2.67235791032676e-10
37023.74142 3.95623371781182e-10
37037.25373 6.25360626927212e-10
37050.76605 7.70208168492313e-10
37064.27836 5.4429145581338e-10
37077.79068 2.58026564956827e-10
37091.30299 4.14294120293002e-10
37104.81531 3.2400989313261e-10
37118.32762 1.6822880647463e-10
37131.83993 1.15688104289178e-11
37145.35225 1.3712531718062e-10
37158.86456 7.00640511145358e-10
37172.37688 5.09623876715663e-10
37185.88919 3.54391878609928e-10
37199.40151 2.9167489439327e-10
37212.91382 6.14802486471065e-10
37226.42614 8.39028952907414e-10
37239.93845 8.60364919113082e-10
37253.45076 8.04463573649145e-10
37266.96308 3.1704324930659e-10
37280.47539 5.52933984383479e-11
37293.98771 7.8858599464579e-10
37307.50002 5.88406303823297e-10
37321.01234 6.62290862177126e-10
37334.52465 8.88228865873644e-10
37348.03696 8.99850556408043e-10
37361.54928 8.93704666800259e-10
37375.06159 1.33923297080438e-09
37388.57391 2.97533782297815e-09
37402.08622 4.75639711908283e-09
37415.59854 5.69033875014376e-09
37429.11085 4.0687356276009e-09
37442.62317 2.50190489048958e-09
37456.13548 1.95016240944127e-09
37469.64779 2.94933943680138e-09
37483.16011 3.79379336163676e-09
37496.67242 4.45801241470798e-09
37510.18474 4.09474986547959e-09
37523.69705 3.58528108050002e-09
37537.20937 2.33525229434053e-09
37550.72168 1.0136673574435e-09
37564.234 9.86796550691276e-10
37577.74631 1.62838755405248e-09
37591.25862 1.663450640241e-09
37604.77094 2.09278123738418e-10
37618.28325 3.28109488342213e-09
37631.79557 2.2205772256849e-09
37645.30788 7.2219386037926e-10
37658.8202 4.64963156078663e-09
37672.33251 9.98011350097746e-09
37685.84482 1.03065543116573e-08
37699.35714 2.57137206450415e-09
37712.86945 1.99789384581638e-09
37726.38177 1.7651913075124e-09
37739.89408 1.66573077115157e-09
37753.4064 2.52220831707272e-09
37766.91871 2.52732177732724e-09
37780.43103 7.48444924990927e-09
37793.94334 1.35557512782121e-08
37807.45565 1.38688619891005e-08
37820.96797 1.12870562397239e-08
37834.48028 1.0233884948424e-08
37847.9926 9.43102329394262e-09
37861.50491 1.04438595366593e-08
37875.01723 1.32608992274024e-08
37888.52954 1.83300743391441e-08
37902.04185 1.6275939770363e-08
37915.55417 1.45339864397731e-08
37929.06648 1.43586100830388e-08
37942.5788 2.03370543471666e-08
37956.09111 1.82989342109956e-08
37969.60343 1.57593298023976e-08
37983.11574 2.12155975118504e-08
37996.62806 2.31171527113741e-08
38010.14037 9.259725196531e-09
38023.65268 9.99399360971212e-09
38037.165 1.74575643201663e-08
38050.67731 2.99097007898537e-08
38064.18963 4.86920037565258e-08
38077.70194 7.64942408933127e-08
38091.21426 7.27166170745882e-08
38104.72657 4.16450645404979e-08
38118.23889 1.44225120407232e-08
38131.7512 1.04159728695517e-08
38145.26351 4.92858439839e-09
38158.77583 1.53615212583052e-08
38172.28814 3.78880669554639e-08
38185.80046 5.28307669917317e-08
38199.31277 4.94517592855139e-08
38212.82509 5.46366114154639e-08
38226.3374 4.65411326040032e-08
38239.84971 2.28475703679259e-08
38253.36203 1.62235526129091e-08
38266.87434 1.22381027392135e-08
38280.38666 1.05229494432342e-08
38293.89897 1.13370870526648e-08
38307.41129 2.62071169583788e-08
38320.9236 5.29230169801267e-08
38334.43592 8.90629524132966e-08
38347.94823 2.13576459603546e-07
38361.46054 3.14674888038235e-07
38374.97286 3.1028638604354e-07
38388.48517 2.71064766234918e-07
38401.99749 2.26188397838019e-07
38415.5098 1.94750124679411e-07
38429.02212 2.66235693084854e-07
38442.53443 2.69005663684623e-07
38456.04674 2.07778032249431e-07
38469.55906 3.49445549169634e-07
38483.07137 4.05042696705565e-07
38496.58369 3.90108954748127e-07
38510.096 3.80036088899641e-07
38523.60832 3.5976491438647e-07
38537.12063 3.78167937970165e-07
38550.63295 5.9292683155437e-07
38564.14526 8.9745093982639e-07
38577.65757 8.48794782227225e-07
38591.16989 6.68445933141737e-07
38604.6822 6.73061648120331e-07
38618.19452 6.98592489817621e-07
38631.70683 6.1202204461792e-07
38645.21915 5.15644547954702e-07
38658.73146 1.0846185757977e-06
38672.24377 1.99107478932989e-06
38685.75609 1.50310160340568e-06
38699.2684 4.27112140167805e-07
38712.78072 3.31614931864401e-07
38726.29303 3.59170603240428e-07
38739.80535 3.96060648706592e-08
38753.31766 1.23472904002316e-07
38766.82998 2.02289358078104e-08
38780.34229 1.33530996031096e-07
38793.8546 7.98929778229573e-07
38807.36692 1.59626319099745e-06
38820.87923 2.06541453092806e-06
38834.39155 1.91427858536881e-06
38847.90386 2.26628347752375e-06
38861.41618 2.30307385259607e-06
38874.92849 1.25096540577113e-06
38888.44081 8.53952264454351e-07
38901.95312 7.56483861611115e-07
38915.46543 1.21216406614844e-06
38928.97775 1.1657345358886e-06
38942.49006 1.00325960058878e-06
38956.00238 6.73203020112192e-07
38969.51469 6.92476799939473e-07
38983.02701 4.11721712764528e-07
38996.53932 5.96963605858945e-07
39010.05163 3.78562946188907e-07
39023.56395 3.89730211720966e-07
39037.07626 9.98624860107305e-07
39050.58858 1.5328293563154e-06
39064.10089 1.48853867440471e-06
39077.61321 1.36869931726469e-06
39091.12552 1.19480749735704e-06
39104.63784 7.60672056637642e-07
39118.15015 1.50036772443892e-06
39131.66246 2.61552859496567e-06
39145.17478 3.65631144215631e-06
39158.68709 4.64758691870786e-06
39172.19941 3.71558185750456e-06
39185.71172 1.63828318218469e-06
39199.22404 1.08171390422407e-06
39212.73635 2.00413601854473e-06
39226.24866 2.03911388584621e-06
39239.76098 2.08456635904736e-06
39253.27329 1.93264031925623e-06
39266.78561 3.37864459752474e-07
39280.29792 3.61562342992669e-07
39293.81024 2.77323925582001e-06
39307.32255 3.42881946699768e-06
39320.83487 2.46297342962711e-06
39334.34718 2.05429937422334e-06
39347.85949 1.79577953503803e-06
39361.37181 1.2994426772398e-06
39374.88412 1.1544864282554e-06
39388.39644 2.51513499022877e-06
39401.90875 2.7211530667291e-06
39415.42107 2.26560301724905e-06
39428.93338 2.31702557444292e-06
39442.44569 3.573918096125e-06
39455.95801 3.61735948275838e-06
39469.47032 2.72720703523476e-06
39482.98264 2.64998382179714e-06
39496.49495 2.5964416789043e-06
39510.00727 2.89134827158336e-06
39523.51958 4.07863229694136e-06
39537.0319 3.40719834024321e-06
39550.54421 2.94534716100457e-06
39564.05652 2.42847158364858e-06
39577.56884 2.3620772909794e-06
39591.08115 1.76840214385707e-06
39604.59347 1.91631437351864e-06
39618.10578 3.10055386984114e-06
39631.6181 3.43176059132141e-06
39645.13041 3.07236940955418e-06
39658.64273 1.80203885645496e-06
39672.15504 1.26297283911139e-06
39685.66735 2.69107356286197e-07
39699.17967 8.7463906119957e-07
39712.69198 2.78588031737521e-06
39726.2043 4.71625953510598e-06
39739.71661 5.44477050740138e-06
39753.22893 4.62946786305092e-06
39766.74124 4.90340942969882e-06
39780.25355 5.26599561584392e-06
39793.76587 5.66415650765613e-06
39807.27818 5.67770660325248e-06
39820.7905 4.73171987795003e-06
39834.30281 4.26044734550784e-06
39847.81513 4.27550261712832e-06
39861.32744 4.10902050203244e-06
39874.83976 4.55340409935022e-06
39888.35207 4.86746368421857e-06
39901.86438 4.46355562841596e-06
39915.3767 3.66897267083488e-06
39928.88901 2.05697228756503e-06
39942.40133 2.02622302910251e-06
39955.91364 1.13091337631562e-06
39969.42596 4.20763503165904e-07
39982.93827 5.76014596335228e-07
39996.45058 1.56861369695684e-06
40009.9629 2.21190880396759e-06
40023.47521 2.97339285342091e-06
40036.98753 3.9255307662552e-06
40050.49984 3.67096804195389e-06
40064.01216 2.38319206145849e-06
40077.52447 1.63164378939688e-06
40091.03679 2.20504758199001e-06
40104.5491 2.03347691321067e-06
40118.06141 2.06135576588239e-06
40131.57373 2.3979683532535e-06
40145.08604 2.28537827577367e-06
40158.59836 2.52778414964126e-06
40172.11067 3.59096455960004e-06
40185.62299 4.04561880673835e-06
40199.1353 2.84502253591254e-06
40212.64761 2.11893944834641e-06
40226.15993 2.20002427443476e-06
40239.67224 2.04906616945418e-06
40253.18456 1.985626197726e-06
40266.69687 1.84814781442095e-06
40280.20919 2.51347658632234e-06
40293.7215 3.19037690598828e-06
40307.23382 2.5913458309479e-06
40320.74613 1.83232022153054e-06
40334.25844 2.61429883896544e-06
40347.77076 2.67513129927626e-06
40361.28307 1.93970817560199e-06
40374.79539 1.44489782498907e-06
40388.3077 1.45142650171412e-06
40401.82002 2.19561018856724e-06
40415.33233 3.5930961850448e-06
40428.84465 3.99708531673494e-06
40442.35696 2.86097230089337e-06
40455.86927 1.31741354701059e-06
40469.38159 8.71753748267281e-07
40482.8939 1.01341417150665e-06
40496.40622 2.21159304389264e-06
40509.91853 1.35017077846736e-06
40523.43085 1.19997246011706e-06
40536.94316 2.55489368591444e-06
40550.45547 3.21626341008307e-06
40563.96779 2.38309527041599e-06
40577.4801 1.3817648592372e-06
40590.99242 1.05276577304119e-06
40604.50473 1.89424485887696e-06
40618.01705 2.49036375518545e-06
40631.52936 2.59322239706307e-06
40645.04168 1.24886853098323e-06
40658.55399 1.06294079331779e-08
40672.0663 1.42688827001883e-08
40685.57862 1.74649538460037e-07
40699.09093 1.23978485642144e-06
40712.60325 3.16458707527106e-06
40726.11556 4.44279313845797e-06
40739.62788 4.32502276910301e-06
40753.14019 3.66869657105257e-06
40766.6525 2.64878154401153e-06
40780.16482 1.98182052598517e-06
40793.67713 1.44443122490701e-06
40807.18945 9.72497654330067e-07
40820.70176 4.23214309852834e-07
40834.21408 8.70865226580012e-07
40847.72639 2.88026072391796e-06
40861.23871 3.97013455055148e-06
40874.75102 3.53647245666865e-06
40888.26333 3.87136880684359e-06
40901.77565 4.22913311506617e-06
40915.28796 2.86522100387016e-06
40928.80028 1.00596129937615e-06
40942.31259 7.79134572930523e-07
40955.82491 3.96647544046038e-07
40969.33722 8.66113364999804e-07
40982.84953 1.37972079331458e-06
40996.36185 1.52474714993503e-06
41009.87416 1.05771531546364e-06
41023.38648 6.05304467547842e-07
41036.89879 3.08410492580464e-07
41050.41111 1.16535192138863e-06
41063.92342 1.87262416718236e-06
41077.43574 1.105092626809e-06
41090.94805 3.35030471264486e-08
41104.46036 1.63145644703247e-08
41117.97268 3.00708246193624e-07
41131.48499 1.18343628824859e-06
41144.99731 1.23344295673577e-06
41158.50962 8.81226966721722e-07
41172.02194 1.95070865426295e-06
41185.53425 3.65238597024561e-06
41199.04657 2.24885113689106e-06
41212.55888 1.0693966890176e-06
41226.07119 9.88976145209385e-07
41239.58351 1.07112423963585e-06
41253.09582 6.30886282783369e-07
41266.60814 6.77376182781379e-08
41280.12045 6.52305704455002e-09
41293.63277 2.14661599252753e-07
41307.14508 1.24634303455023e-06
41320.65739 2.98434708506498e-06
41334.16971 2.51766581067328e-06
41347.68202 1.04110613807054e-06
41361.19434 6.36904323955537e-07
41374.70665 6.33806426478758e-07
41388.21897 4.88649834949672e-07
41401.73128 4.27290528660643e-08
41415.2436 7.38040257726018e-08
41428.75591 6.04894890326921e-08
41442.26822 5.39834450041632e-09
41455.78054 1.9070364985483e-07
41469.29285 1.24513887520805e-06
41482.80517 1.43330530412473e-06
41496.31748 1.40519610928006e-06
41509.8298 1.01465656668504e-06
41523.34211 7.0291183619821e-07
41536.85442 7.87046787607614e-07
41550.36674 1.09001997740573e-06
41563.87905 1.36915868147786e-06
41577.39137 1.13654814710835e-06
41590.90368 4.61591830717527e-07
41604.416 2.10511085401434e-07
41617.92831 3.53295190328279e-07
41631.44063 9.37039726220132e-07
41644.95294 1.4249880604035e-06
41658.46525 1.56274361748056e-06
41671.97757 1.63805766371091e-06
41685.48988 1.93741079097296e-06
41699.0022 2.42518661442052e-06
41712.51451 2.85483612167103e-06
41726.02683 2.65150017219956e-06
41739.53914 1.81044243367215e-06
41753.05146 1.5146654558072e-06
41766.56377 1.72269105431293e-06
41780.07608 2.3868045113783e-06
41793.5884 2.85894662209929e-06
41807.10071 2.36599651057258e-06
41820.61303 1.89410085541488e-06
41834.12534 1.4457346041043e-06
41847.63766 1.08465272189154e-06
41861.14997 1.10123067068298e-06
41874.66228 1.75194113879512e-06
41888.1746 2.41244495153105e-06
41901.68691 2.54433876353304e-06
41915.19923 1.92228099514164e-06
41928.71154 1.61744683990442e-06
41942.22386 6.24558327818332e-07
41955.73617 1.77520343078281e-08
41969.24849 1.28488645590448e-08
41982.7608 2.50925504592981e-07
41996.27311 9.12315922116503e-07
42009.78543 1.02810932881653e-06
42023.29774 2.92403689122004e-06
42036.81006 3.4771887496134e-06
42050.32237 3.22693515223725e-06
42063.83469 2.22195941967417e-06
42077.347 2.00615999337532e-06
42090.85931 2.41990275268261e-06
42104.37163 2.18986111991988e-06
42117.88394 2.71324079245572e-06
42131.39626 3.17640597801598e-06
42144.90857 2.76183183848684e-06
42158.42089 2.65138010321395e-06
42171.9332 3.28849316499967e-06
42185.44552 2.75589756555804e-06
42198.95783 2.09119934820368e-06
42212.47014 2.23530391279792e-06
42225.98246 1.99174921434468e-06
42239.49477 3.39370463820095e-06
42253.00709 3.5401427582525e-06
42266.5194 1.85910294095551e-06
42280.03172 9.42892365194928e-07
42293.54403 9.23000616394247e-08
42307.05634 1.20094327924052e-07
42320.56866 5.36397613400509e-07
42334.08097 8.02228026058997e-07
42347.59329 1.93230455977714e-06
42361.1056 3.44339270563259e-06
42374.61792 4.47089081583439e-06
42388.13023 4.59690712838237e-06
42401.64255 4.44135954313939e-06
42415.15486 3.82045944030798e-06
42428.66717 3.39128989632729e-06
42442.17949 3.1483470419717e-06
42455.6918 3.20884130436594e-06
42469.20412 2.82198439013856e-06
42482.71643 2.97191110614377e-06
42496.22875 2.08217331029077e-06
42509.74106 4.70225339176569e-07
42523.25338 4.2447903519233e-07
42536.76569 1.83766859722922e-06
42550.278 2.27703072212143e-06
42563.79032 2.65224442419814e-06
42577.30263 2.98790889696526e-06
42590.81495 2.00347757332278e-06
42604.32726 8.3444299486961e-07
42617.83958 2.41634892404049e-07
42631.35189 3.1981814909475e-07
42644.8642 5.52408328884215e-07
42658.37652 1.7663235428513e-06
42671.88883 2.76640792979299e-06
42685.40115 1.70992843969498e-06
42698.91346 7.57370753835676e-07
42712.42578 3.53109819804042e-07
42725.93809 4.08377081824684e-07
42739.45041 1.252082396421e-06
42752.96272 1.62717829760835e-06
42766.47503 1.62683755781676e-06
42779.98735 2.07642370574933e-06
42793.49966 3.13606206988321e-06
42807.01198 3.40450250443365e-06
42820.52429 3.15327610566469e-06
42834.03661 2.47554547633149e-06
42847.54892 1.80694057812377e-06
42861.06123 1.18035818009005e-06
42874.57355 7.18134695316204e-07
42888.08586 7.29903105438023e-07
42901.59818 1.34777329129274e-06
42915.11049 1.56072107906784e-06
42928.62281 1.40033017509215e-06
42942.13512 1.86835066585948e-06
42955.64744 1.24700143211851e-06
42969.15975 7.0519040908097e-08
42982.67206 3.98990996327293e-08
42996.18438 4.00062600865299e-08
43009.69669 5.08510753277053e-09
43023.20901 5.08389972349759e-09
43036.72132 2.20671745623805e-08
43050.23364 1.58420860051627e-07
43063.74595 2.87518651696261e-07
43077.25826 6.3592676241859e-07
43090.77058 6.26559770056303e-07
43104.28289 4.3808985591083e-07
43117.79521 3.64077797954725e-07
43131.30752 1.91566453621118e-07
43144.81984 1.13096534769614e-08
43158.33215 4.67621899562182e-09
43171.84447 4.47597081630087e-09
43185.35678 4.99467056585183e-09
43198.86909 1.31759399001626e-07
43212.38141 8.29553758006139e-07
43225.89372 1.40288210358156e-06
43239.40604 2.34414495245221e-06
43252.91835 2.43206655035727e-06
43266.43067 1.34122415244601e-06
43279.94298 9.98504926131914e-07
43293.4553 1.03288675629352e-06
43306.96761 9.15436614004305e-07
43320.47992 4.98164683245829e-08
43333.99224 6.45305960677226e-09
43347.50455 1.4548321583541e-07
43361.01687 9.85024908215884e-09
43374.52918 5.05075431119254e-09
43388.0415 6.08261143160018e-09
43401.55381 8.85153635953742e-08
43415.06612 3.08866244368455e-08
43428.57844 2.37420515135491e-08
43442.09075 5.04358122827911e-09
43455.60307 5.04514936764293e-09
43469.11538 5.04602765719635e-09
43482.6277 1.03105926717794e-08
43496.14001 2.55205489698807e-07
43509.65233 7.55172969278215e-07
43523.16464 6.95859610563842e-07
43536.67695 3.225368984211e-07
43550.18927 8.12656061321479e-08
43563.70158 1.63485192295766e-07
43577.2139 3.16018112376485e-07
43590.72621 8.24571645580315e-07
43604.23853 1.74883899949564e-06
43617.75084 1.61877166796696e-06
43631.26315 1.58605411381855e-06
43644.77547 1.74981078938918e-06
43658.28778 9.45774172281407e-07
43671.8001 1.54898338515477e-07
43685.31241 8.85656730205056e-07
43698.82473 1.88254703663727e-06
43712.33704 1.96418216215216e-06
43725.84936 1.75966223601123e-06
43739.36167 1.94289954606509e-06
43752.87398 1.98937165224606e-06
43766.3863 1.37058380531799e-06
43779.89861 1.44905072481891e-07
43793.41093 9.28273423334931e-07
43806.92324 1.13806889661323e-06
43820.43556 1.206220178457e-06
43833.94787 1.25790925536156e-06
43847.46018 9.18734943646638e-07
43860.9725 5.56833690674629e-07
43874.48481 1.23413560850908e-08
43887.99713 4.97800844302262e-09
43901.50944 4.97511999588289e-09
43915.02176 4.97221126379414e-09
43928.53407 4.96931036768657e-09
43942.04639 9.00490396427802e-09
43955.5587 1.43001136528337e-07
43969.07101 4.46334917709002e-07
43982.58333 9.11835505973318e-07
43996.09564 8.06396124721694e-07
44009.60796 4.06378129046849e-07
44023.12027 1.18629806459661e-08
44036.63259 4.94939668610873e-09
44050.1449 4.94722677639373e-09
44063.65722 4.95038225948938e-09
44077.16953 4.94822114245359e-09
44090.68184 4.94612714426414e-09
44104.19416 4.94407797461705e-09
44117.70647 4.94208797751879e-09
44131.21879 4.94083937464928e-09
44144.7311 4.94391058253882e-09
44158.24342 4.94209128710913e-09
44171.75573 1.56301496378666e-08
44185.26804 2.1656520695998e-07
44198.78036 1.97248154996756e-06
44212.29267 2.00004258401669e-06
44225.80499 1.35331855623729e-06
44239.3173 2.67933534635913e-07
44252.82962 6.23075753425871e-09
44266.34193 4.92933268131199e-09
44279.85425 4.92793488858595e-09
44293.36656 4.92659058304760e-09
44306.87887 4.92523240014684e-09
44320.39119 4.92387875149217e-09
44333.9035 4.92255292807742e-09
44347.41582 4.92127501569772e-09
44360.92813 4.92002783246575e-09
44374.44045 4.91881317692352e-09
44387.95276 4.91762539225987e-09
44401.46507 4.9164728484371e-09
44414.97739 4.9154049320576e-09
44428.4897 4.91435146485071e-09
44442.00202 4.91329261891348e-09
44455.51433 2.92239858353499e-08
44469.02665 1.01145757067769e-07
44482.53896 5.19040108553128e-09
44496.05128 4.9084082607995e-09
44509.56359 4.90717089069075e-09
44523.0759 4.90593758645924e-09
44536.58822 4.90469211966365e-09
44550.10053 4.90344523593753e-09
44563.61285 4.90219747881547e-09
44577.12516 4.90095097758713e-09
44590.63748 4.89970222434436e-09
44604.14979 4.89845140842305e-09
44617.66211 4.89723561093124e-09
44631.17442 4.89601512580567e-09
44644.68673 4.89480107084592e-09
44658.19905 4.89355914396756e-09
44671.71136 4.89231851585114e-09
44685.22368 3.41875825171864e-08
44698.73599 8.5927349430843e-07
44712.24831 1.48800998929355e-06
44725.76062 3.99079531293605e-07
44739.27293 4.49407865290137e-08
44752.78525 4.88449694472618e-09
44766.29756 4.8865003714649e-09
44779.80988 4.88707756518012e-09
44793.32219 4.8856659683909e-09
44806.83451 4.88421664574779e-09
44820.34682 4.88274563407009e-09
44833.85914 4.88123088855317e-09
44847.37145 4.88379628216814e-09
44860.88376 4.88368745986001e-09
44874.39608 1.00146377987759e-08
44887.90839 5.54853181453319e-07
44901.42071 1.11827075626621e-06
44914.93302 1.6018997902939e-06
44928.44534 1.67007476910295e-06
44941.95765 1.17215948773171e-06
44955.46996 4.42453314056749e-07
44968.98228 7.146485608387e-08
44982.49459 5.70216742428023e-09
44996.00691 4.86582412576521e-09
45009.51922 4.86384408423433e-09
45023.03154 4.8618684550589e-09
45036.54385 4.85984317535423e-09
45050.05617 4.85776222436873e-09
45063.56848 4.91396861528806e-09
45077.08079 1.08755065598444e-07
45090.59311 9.17255741651639e-07
45104.10542 5.73612793080976e-07
45117.61774 8.13643973480997e-09
45131.13005 4.84446837712022e-09
45144.64237 4.84212333693296e-09
45158.15468 4.83972939401622e-09
45171.66699 4.83729866517629e-09
45185.17931 1.2521338442615e-08
45198.69162 1.294640553056e-06
45212.20394 2.29497251133048e-06
45225.71625 1.42281007086225e-06
45239.22857 9.5043806308454e-07
45252.74088 9.68912879057499e-07
45266.2532 1.06103016484922e-06
45279.76551 1.23104264142556e-06
45293.27782 7.33787463620173e-07
45306.79014 5.77875677955928e-08
45320.30245 4.80838206381536e-09
45333.81477 4.80551763788755e-09
45347.32708 4.80262753978769e-09
45360.8394 4.7997553013904e-09
45374.35171 4.79685115154673e-09
45387.86403 4.79393026254187e-09
45401.37634 4.79098695990681e-09
45414.88865 4.78804849005803e-09
45428.40097 4.7850959003599e-09
45441.91328 5.27142527688237e-09
45455.4256 1.34611740181932e-08
45468.93791 4.73200269037061e-08
45482.45023 1.26809637568592e-07
45495.96254 3.10113139373786e-07
45509.47485 1.13418244584123e-06
45522.98717 4.42635085178916e-06
45536.49948 7.64806206449905e-06
45550.0118 1.05723575900233e-05
45563.52411 1.57639883360774e-05
45577.03643 2.01049750261638e-05
45590.54874 2.51699686235708e-05
45604.06106 3.44299972035311e-05
45617.57337 4.59186299656091e-05
45631.08568 6.05619233564484e-05
45644.598 8.05164913771441e-05
45658.11031 0.000107229294453311
45671.62263 0.000140000480806581
45685.13494 0.000181013799565351
45698.64726 0.000231182927192746
45712.15957 0.000291353130919652
45725.67188 0.000364577562672453
45739.1842 0.000452281120421175
45752.69651 0.000546802162971314
45766.20883 0.000648995758139525
45779.72114 0.000756018562795467
45793.23346 0.000842915878182903
45806.74577 0.000918858590928003
45820.25809 0.000980501625137835
45833.7704 0.00100988827415076
45847.28271 0.00103246657945286
45860.79503 0.00104945598408857
45874.30734 0.00107545189874179
45887.81966 0.00111628335385006
45901.33197 0.00117286930822539
45914.84429 0.00125861973811066
45928.3566 0.00136784725779389
45941.86891 0.00150418413856735
45955.38123 0.00168509451830636
45968.89354 0.00190268673749792
45982.40586 0.00216515939383751
45995.91817 0.00249768381828004
46009.43049 0.00290063640078429
46022.9428 0.00339196765905137
46036.45512 0.00401060810047602
46049.96743 0.00476936665659674
46063.47974 0.00570727355516845
46076.99206 0.00689024087237388
46090.50437 0.00834957276044076
46104.01669 0.0101612789466021
46117.529 0.012435617144329
46131.04132 0.0152530680380307
46144.55363 0.018759572466823
46158.06595 0.0231344935409986
46171.57826 0.0285684511801002
46185.09057 0.0353462443312753
46198.60289 0.0437770735756816
46212.1152 0.0542423434612554
46225.62752 0.0671991944334035
46239.13983 0.0829121975336022
46252.65215 0.101938462479388
46266.16446 0.124098568365619
46279.67677 0.148639524168696
46293.18909 0.17604575181697
46306.7014 0.203572957996424
46320.21372 0.230261647003347
46333.72603 0.256598575536036
46347.23835 0.277555037768441
46360.75066 0.29490478837185
46374.26298 0.30912738624616
46387.77529 0.316772456205584
46401.2876 0.321936782772495
46414.79992 0.324768819010112
46428.31223 0.32507648837258
46441.82455 0.325050284752537
46455.33686 0.324640849610405
46468.84918 0.324509883736699
46482.36149 0.324663977051086
46495.8738 0.325235990985978
46509.38612 0.326164434566654
46522.89843 0.327524594994035
46536.41075 0.328523042297272
46549.92306 0.329221224767647
46563.43538 0.329674537422945
46576.94769 0.329557271603819
46590.46001 0.329002196840697
46603.97232 0.32818087997395
46617.48463 0.327024215552891
46630.99695 0.325820895793258
46644.50926 0.324582974446526
46658.02158 0.32334900893025
46671.53389 0.321848009440848
46685.04621 0.320015152976508
46698.55852 0.3161368718914
46712.07083 0.310487505755374
46725.58315 0.301899699196894
46739.09546 0.288052364549293
46752.60778 0.271514266732351
46766.12009 0.249492902632469
46779.63241 0.22363756303387
46793.14472 0.197241378197049
46806.65704 0.167728478760984
46820.16935 0.139876160118071
46833.68166 0.114643359309834
46847.19398 0.0912094396697996
46860.70629 0.0719230369579507
46874.21861 0.0560259366479657
46887.73092 0.0433102062181497
46901.24324 0.0334430932387754
46914.75555 0.0258460250812032
46928.26787 0.0200907190134132
46941.78018 0.015681238642094
46955.29249 0.012367538659239
46968.80481 0.00982738301859017
46982.31712 0.00786661328845324
46995.82944 0.00637427858390806
47009.34175 0.00519344810841198
47022.85407 0.00426389203656809
47036.36638 0.00353503768819051
47049.87869 0.00294523456106911
47063.39101 0.00247472981317461
47076.90332 0.00209267702787344
47090.41564 0.00177691517357223
47103.92795 0.00152243293032691
47117.44027 0.00130942654482462
47130.95258 0.00113056969279938
47144.4649 0.000978760954712011
47157.97721 0.000848911949771446
47171.48952 0.000738611227059129
47185.00184 0.000645273216147685
47198.51415 0.000564872318013644
47212.02647 0.000495770048995013
47225.53878 0.000436712412537232
47239.0511 0.000385820445057396
47252.56341 0.00034350328530959
47266.07572 0.000307624118572442
47279.58804 0.000278045469025542
47293.10035 0.000256427009183936
47306.61267 0.000238425996486694
47320.12498 0.000223968019352323
47333.6373 0.000210647339110803
47347.14961 0.000198488913819549
47360.66193 0.000188463878608739
47374.17424 0.000178337175972249
47387.68655 0.000167810972881142
47401.19887 0.000155644991595273
47414.71118 0.000143847384381618
47428.2235 0.000132978119610405
47441.73581 0.000123031240067067
47455.24813 0.000113944682462979
47468.76044 0.000105790884683571
47482.27276 9.83082350223881e-05
47495.78507 9.13464282382558e-05
47509.29738 8.24319122456956e-05
47522.8097 7.34610478262954e-05
47536.32201 6.40813498873124e-05
47549.83433 5.69207384156123e-05
47563.34664 5.14665900613166e-05
47576.85896 4.63742501125933e-05
47590.37127 4.14248954990039e-05
47603.88358 3.6314029022389e-05
47617.3959 3.19413834353977e-05
47630.90821 2.80062601106873e-05
47644.42053 2.27772386100457e-05
47657.93284 1.63811164805151e-05
47671.44516 1.1678400575296e-05
47684.95747 6.75347147476082e-06
47698.46979 3.5288362532438e-06
47711.9821 1.28046701907166e-06
47725.49441 9.45550300094616e-08
47739.00673 4.58540959170042e-09
47752.51904 4.23098662989942e-09
47766.03136 4.22756246481216e-09
47779.54367 4.22411358826831e-09
47793.05599 2.11384004498001e-08
47806.5683 9.73543692483361e-07
47820.08061 1.5463924716315e-06
47833.59293 2.94616670561609e-06
47847.10524 3.76855171748798e-06
47860.61756 5.7126522339342e-06
47874.12987 7.38603383699336e-06
47887.64219 8.74387807446257e-06
47901.1545 9.68130378470611e-06
47914.66682 1.03785474048679e-05
47928.17913 1.05135675918624e-05
47941.69144 1.02734247517035e-05
47955.20376 9.54153623033293e-06
47968.71607 8.96851862459426e-06
47982.22839 8.6861770381491e-06
47995.7407 9.05910507691888e-06
48009.25302 9.52481302153153e-06
48022.76533 9.51443008719837e-06
48036.27764 8.43365287969307e-06
48049.78996 7.89383243551653e-06
48063.30227 6.03521020997524e-06
48076.81459 4.99552047019679e-06
48090.3269 3.63599266673195e-06
48103.83922 2.86041712758475e-06
48117.35153 2.51320009946874e-06
48130.86385 2.76333537711598e-06
48144.37616 3.55773691927213e-06
48157.88847 3.58683561105715e-06
48171.40079 3.34155639458073e-06
48184.9131 2.96151382585583e-06
48198.42542 2.473060515636e-06
48211.93773 2.05858979159119e-06
48225.45005 1.63716569747789e-06
48238.96236 6.38680604150351e-08
48252.47468 4.11810658562972e-09
48265.98699 4.11533978100791e-09
48279.4993 4.11258196810574e-09
48293.01162 4.10979178738602e-09
48306.52393 8.58113674401833e-09
48320.03625 3.77069428852457e-08
48333.54856 5.94863385366702e-09
48347.06088 4.09814808421674e-09
48360.57319 4.09514730901093e-09
48374.0855 9.04905494485607e-09
48387.59782 7.62364570361789e-08
48401.11013 2.85166924692428e-07
48414.62245 9.16990917757927e-08
48428.13476 4.9253072974395e-09
48441.64708 1.28003758324603e-08
48455.15939 2.2417141801982e-07
48468.67171 4.54566400527807e-07
48482.18402 7.48410144292608e-07
48495.69633 9.7467536342125e-07
48509.20865 1.35489330857805e-06
48522.72096 1.94903481485704e-06
48536.23328 2.31400901339939e-06
48549.74559 2.65667456885355e-06
48563.25791 2.68337295168218e-06
48576.77022 2.66128441272751e-06
48590.28253 2.64147499904576e-06
48603.79485 2.75574720474978e-06
48617.30716 2.86727416242133e-06
48630.81948 2.98124542113641e-06
48644.33179 2.7755378988087e-06
48657.84411 3.07134888428173e-06
48671.35642 2.32536835913007e-06
48684.86874 1.73893107160266e-06
48698.38105 1.03442435507211e-06
48711.89336 2.36181101557868e-07
48725.40568 2.93127109368321e-08
48738.91799 6.52617872695932e-09
48752.43031 3.96093314086696e-09
48765.94262 3.95692519907924e-09
48779.45494 3.95199992742819e-09
48792.96725 3.94366855106796e-09
48806.47956 3.93524202090871e-09
48819.99188 3.92676474277317e-09
48833.50419 3.91820552358805e-09
48847.01651 3.90959397319697e-09
48860.52882 3.90096855964097e-09
48874.04114 3.89232353532979e-09
48887.55345 3.88363589931336e-09
48901.06577 3.87490439134155e-09
48914.57808 3.86613830845967e-09
48928.09039 3.85739345841825e-09
48941.60271 3.84865871584801e-09
48955.11502 3.83991018717533e-09
48968.62734 3.8311489813394e-09
48982.13965 3.82240391299267e-09
48995.65197 3.81370801730897e-09
49009.16428 3.80504672044599e-09
49022.6766 3.79639935204373e-09
49036.18891 3.78777125633572e-09
49049.70122 3.79682603069384e-09
49063.21354 1.27408079876976e-08
49076.72585 1.01746201458424e-07
49090.23817 6.30017742164227e-07
49103.75048 2.10838185995585e-06
49117.2628 3.07120499608296e-06
49130.77511 3.16933775003962e-06
49144.28742 3.05022679505312e-06
49157.79974 2.86632477036691e-06
49171.31205 2.7164206015769e-06
49184.82437 2.92127805859889e-06
49198.33668 2.4607762443872e-06
49211.849 1.57770135400502e-06
49225.36131 5.27724802858571e-07
49238.87363 4.20211050359562e-07
49252.38594 5.07201844815037e-07
49265.89825 6.53768718781222e-07
49279.41057 1.06205112644838e-06
49292.92288 1.46488936515582e-06
49306.4352 1.5450800111915e-06
49319.94751 1.00005967294445e-06
49333.45983 6.05266179434444e-07
49346.97214 1.73997538678195e-07
49360.48445 4.48374208641229e-08
49373.99677 1.20777233234267e-08
49387.50908 4.02442645720357e-08
49401.0214 2.10031673728482e-07
49414.53371 8.68247978668759e-09
49428.04603 3.50583196608302e-09
49441.55834 3.49053039023266e-09
49455.07066 6.0506385687429e-09
49468.58297 7.32431662176417e-08
49482.09528 2.31795020284987e-07
49495.6076 4.79494435718851e-07
49509.11991 5.17695778728233e-07
49522.63223 4.93526499652843e-07
49536.14454 3.6946175745245e-07
49549.65686 3.87362707913183e-08
49563.16917 3.70311080686877e-09
49576.68148 3.29066746583428e-09
49590.1938 3.26535308468537e-09
49603.70611 3.2390277171068e-09
49617.21843 3.21172592736187e-09
49630.73074 3.18330806101949e-09
49644.24306 3.15395319280738e-09
49657.75537 3.12348611716686e-09
49671.26769 3.09212997006305e-09
49684.78 3.05977306899831e-09
49698.29231 3.02646057861478e-09
49711.80463 2.99229250901923e-09
49725.31694 2.95717842245674e-09
49738.82926 2.9213391131479e-09
49752.34157 2.88457173100048e-09
49765.85389 2.84711160142562e-09
49779.3662 2.80885060540435e-09
49792.87852 2.76993175168654e-09
49806.39083 2.73040275704996e-09
49819.90314 2.6902500140426e-09
49833.41546 2.64962474607116e-09
49846.92777 2.60839333287698e-09
49860.44009 4.96632220888642e-09
49873.9524 3.69980370789425e-08
49887.46472 6.7244583959803e-09
49900.97703 2.44006243436497e-09
49914.48934 2.39727966590472e-09
49928.00166 2.35437086776592e-09
49941.51397 2.31129760241856e-09
49955.02629 2.26826111052733e-09
49968.5386 2.22512354795797e-09
49982.05092 2.18205282251778e-09
49995.56323 2.13901460166262e-09
50009.07555 2.09632133582215e-09
50022.58786 2.05389152497549e-09
50036.10017 2.01160826637745e-09
50049.61249 1.9695642672621e-09
50063.1248 1.92769230964695e-09
50076.63712 1.88617242950318e-09
50090.14943 1.84693424200977e-09
50103.66175 1.80600928436322e-09
50117.17406 1.76542194701037e-09
50130.68637 1.72520796794113e-09
50144.19869 1.6854164759567e-09
50157.711 1.64602708159098e-09
50171.22332 1.60711371909905e-09
50184.73563 1.56860327114569e-09
50198.24795 1.53059340803068e-09
50211.76026 1.49303521193653e-09
50225.27258 1.45599405069868e-09
50238.78489 1.45779911903744e-09
50252.2972 6.66449659548113e-09
50265.80952 7.94318185438528e-08
50279.32183 1.35562086905012e-07
50292.83415 1.81142162274473e-07
50306.34646 1.8271828912179e-07
50319.85878 1.28006497032565e-08
50333.37109 1.26055146205704e-09
50346.88341 1.14460449650495e-09
50360.39572 1.11239346933533e-09
50373.90803 1.08065523441256e-09
50387.42035 1.0493871257413e-09
50400.93266 1.01855101852975e-09
50414.44498 9.88200206609305e-10
50427.95729 9.5826896424111e-10
50441.46961 9.28846184114729e-10
50454.98192 8.99837843241898e-10
50468.49423 1.98280528905767e-09
50482.00655 4.25452032265387e-08
50495.51886 1.34903404968984e-08
50509.03118 3.62023301189457e-09
50522.54349 9.72961922682835e-10
50536.05581 1.23114447864491e-09
50549.56812 3.19748911312807e-08
50563.08044 1.85069600263084e-07
50576.59275 1.4891829975164e-07
50590.10506 1.15408236982788e-08
50603.61738 7.23032975932898e-10
50617.12969 5.8712489621252e-10
50630.64201 5.64063824047976e-10
50644.15432 5.41652579492777e-10
50657.66664 5.19730912314658e-10
50671.17895 4.98281004137924e-10
50684.69126 4.77350997291767e-10
50698.20358 4.56899423696671e-10
50711.71589 4.37004886851118e-10
50725.22821 4.17618318893393e-10
50738.74052 3.98797810282421e-10
50752.25284 3.8050299154879e-10
50765.76515 3.62769379660093e-10
50779.27747 3.45935937699381e-10
50792.78978 3.29323008351981e-10
50806.30209 3.13249191164483e-10
50819.81441 2.97725954964118e-10
50833.32672 2.82772950701892e-10
50846.83904 2.68361087528621e-10
50860.35135 2.54521781576347e-10
50873.86367 2.41221751207164e-10
50887.37598 2.28478711427716e-10
50900.88829 2.16265312850201e-10
50914.40061 2.04588742244492e-10
50927.91292 1.93432581793205e-10
50941.42524 1.82791387142582e-10
50954.93755 1.76219845810325e-10
50968.44987 6.18702995141557e-10
50981.96218 8.10360341370415e-09
50995.4745 1.17361887906043e-08
