"wave" "response"
20004.66386 2.21164808515642e-10
20020.74478 1.99461563588739e-10
20036.8257 1.80963808287352e-10
20052.90662 1.65330887233828e-10
20068.98754 1.51783052728628e-10
20085.06846 1.4089147706308e-10
20101.14938 1.31545798186095e-10
20117.2303 1.23129718525867e-10
20133.31122 1.16628021293636e-10
20149.39214 1.11345045559971e-10
20165.47306 1.05121714004462e-10
20181.55398 1.00553813858742e-10
20197.6349 9.52414475684555e-11
20213.71582 9.14044864016134e-11
20229.79674 8.77783094120537e-11
20245.87766 8.32673817061594e-11
20261.95858 8.02978773939116e-11
20278.03949 7.77145723966704e-11
20294.12041 7.54051405256327e-11
20310.20133 7.34382779321574e-11
20326.28225 7.1885192227368e-11
20342.36317 6.97608191783866e-11
20358.44409 6.88514224787748e-11
20374.52501 6.82484786612214e-11
20390.60593 6.80452442219313e-11
20406.68685 6.87312179853208e-11
20422.76777 6.88810139976255e-11
20438.84869 6.92478893471978e-11
20454.92961 6.98448164328276e-11
20471.01053 7.06851598847813e-11
20487.09145 7.2367267929448e-11
20503.17237 7.41499506883941e-11
20519.25329 7.59888605749966e-11
20535.33421 7.9044583208875e-11
20551.41513 8.1773154073501e-11
20567.49605 8.55796332618014e-11
20583.57697 8.94702702945674e-11
20599.65788 9.44550802898378e-11
20615.7388 9.98361698840723e-11
20631.81972 1.05684449813714e-10
20647.90064 1.12463976205852e-10
20663.98156 1.20292180499206e-10
20680.06248 1.29086039429579e-10
20696.1434 1.38774429224232e-10
20712.22432 1.49843011551654e-10
20728.30524 1.63947635080834e-10
20744.38616 1.78753913405855e-10
20760.46708 1.97072581606845e-10
20776.548 2.16904318014192e-10
20792.62892 2.41278210828385e-10
20808.70984 2.69353155588195e-10
20824.79076 3.00206967630551e-10
20840.87168 3.38029234781339e-10
20856.9526 3.82291118300171e-10
20873.03352 4.34049707195009e-10
20889.11444 4.94664434989613e-10
20905.19536 5.66921891971931e-10
20921.27627 6.51914490294614e-10
20937.35719 7.53955315758122e-10
20953.43811 8.79588537287757e-10
20969.51903 1.02182811345815e-09
20985.59995 1.19139609415412e-09
21001.68087 1.39608957917233e-09
21017.76179 1.62652580269732e-09
21033.84271 1.90047018565381e-09
21049.92363 2.21103976682094e-09
21066.00455 2.54111690841448e-09
21082.08547 2.90317941349924e-09
21098.16639 3.27001033022136e-09
21114.24731 3.62600723578942e-09
21130.32823 3.94143471101223e-09
21146.40915 4.18267986002247e-09
21162.49007 4.37260476883689e-09
21178.57099 4.45938355859841e-09
21194.65191 4.48251394442321e-09
21210.73283 4.44943769639615e-09
21226.81375 4.36698292349633e-09
21242.89466 4.23752714915912e-09
21258.97558 4.10578234623199e-09
21275.0565 3.96682537151079e-09
21291.13742 3.81803311458003e-09
21307.21834 3.67890578567093e-09
21323.29926 3.54008967129978e-09
21339.38018 3.40731323330099e-09
21355.4611 3.28700157161414e-09
21371.54202 3.19153406306629e-09
21387.62294 3.10029381563237e-09
21403.70386 3.02760798132419e-09
21419.78478 2.95637055871806e-09
21435.8657 2.90769062584151e-09
21451.94662 2.86430762629933e-09
21468.02754 2.82391892405159e-09
21484.10846 2.78791262379649e-09
21500.18938 2.75714276724612e-09
21516.2703 2.73537219177801e-09
21532.35122 2.72742265796177e-09
21548.43214 2.72709144432282e-09
21564.51305 2.74000585468988e-09
21580.59397 2.75267233520885e-09
21596.67489 2.78066646209827e-09
21612.75581 2.81856045735289e-09
21628.83673 2.85253260292425e-09
21644.91765 2.90068109667673e-09
21660.99857 2.95321357115026e-09
21677.07949 3.00824714387763e-09
21693.16041 3.06837826089879e-09
21709.24133 3.1279102306642e-09
21725.32225 3.20548494645067e-09
21741.40317 3.28812660192284e-09
21757.48409 3.38006471702145e-09
21773.56501 3.47961083445855e-09
21789.64593 3.58742186147356e-09
21805.72685 3.70746870151499e-09
21821.80777 3.83762788567065e-09
21837.88869 3.98408720607716e-09
21853.96961 4.15167201439679e-09
21870.05053 4.32532310678699e-09
21886.13145 4.51977406322499e-09
21902.21236 4.73521842453796e-09
21918.29328 4.97560333121123e-09
21934.3742 5.24203449346948e-09
21950.45512 5.53778474289831e-09
21966.53604 5.88134530825396e-09
21982.61696 6.2711474274078e-09
21998.69788 6.7168559687003e-09
22014.7788 7.25051282621996e-09
22030.85972 7.85415426074115e-09
22046.94064 8.55445361612945e-09
22063.02156 9.36860020997676e-09
22079.10248 1.03222733735705e-08
22095.1834 1.14680709104222e-08
22111.26432 1.28179712395207e-08
22127.34524 1.44560870706997e-08
22143.42616 1.64981427383347e-08
22159.50708 1.90056235281903e-08
22175.588 2.22245371293809e-08
22191.66892 2.62256668097643e-08
22207.74984 3.11753475316073e-08
22223.83075 3.71145895640962e-08
22239.91167 4.36673818408401e-08
22255.99259 4.98722198108719e-08
22272.07351 5.50486170254531e-08
22288.15443 5.85763640903093e-08
22304.23535 6.08146679139709e-08
22320.31627 6.24542356037414e-08
22336.39719 6.42285349718629e-08
22352.47811 6.67014043716075e-08
22368.55903 7.02319929932514e-08
22384.63995 7.50342518169991e-08
22400.72087 8.1153897726531e-08
22416.80179 8.91931773579982e-08
22432.88271 9.90313869172522e-08
22448.96363 1.11211519159578e-07
22465.04455 1.25906420811869e-07
22481.12547 1.43230762582357e-07
22497.20639 1.63803455827099e-07
22513.28731 1.87838215201488e-07
22529.36823 2.14931509690762e-07
22545.44914 2.45586306275371e-07
22561.53006 2.79105848381009e-07
22577.61098 3.15388710097888e-07
22593.6919 3.53416648411015e-07
22609.77282 3.93308883203248e-07
22625.85374 4.3367934372454e-07
22641.93466 4.74026784545824e-07
22658.01558 5.13862115985398e-07
22674.0965 5.51791652273937e-07
22690.17742 5.88082938635428e-07
22706.25834 6.22583438428587e-07
22722.33926 6.54885590762661e-07
22738.42018 6.8613554529915e-07
22754.5011 7.15554832631408e-07
22770.58202 7.44279711764161e-07
22786.66294 7.71446014803401e-07
22802.74386 7.98274251303561e-07
22818.82478 8.27110547844797e-07
22834.9057 8.58382389370814e-07
22850.98662 8.93152638667833e-07
22867.06753 9.34124620622045e-07
22883.14845 9.81449628741969e-07
22899.22937 1.03816355669812e-06
22915.31029 1.10551703467725e-06
22931.39121 1.18520466600749e-06
22947.47213 1.27987926188145e-06
22963.55305 1.39130160602492e-06
22979.63397 1.52084333122813e-06
22995.71489 1.67377677820035e-06
23011.79581 1.84688645512495e-06
23027.87673 2.04941355123156e-06
23043.95765 2.28636541594436e-06
23060.03857 2.56559640016104e-06
23076.11949 2.89931725421838e-06
23092.20041 3.29357703211365e-06
23108.28133 3.77300344861004e-06
23124.36225 4.36025436512533e-06
23140.44317 5.07225402321888e-06
23156.52409 5.9713063206913e-06
23172.60501 7.08485786543983e-06
23188.68592 8.43280190673103e-06
23204.76684 1.00487182116186e-05
23220.84776 1.19035950832075e-05
23236.92868 1.39741686466062e-05
23253.0096 1.61572759658904e-05
23269.09052 1.84336116143538e-05
23285.17144 2.07293445956427e-05
23301.25236 2.30270661524399e-05
23317.33328 2.53490972891893e-05
23333.4142 2.76146093048697e-05
23349.49512 2.98132317955576e-05
23365.57604 3.17699276916796e-05
23381.65696 3.34829544854785e-05
23397.73788 3.47860253104657e-05
23413.8188 3.56955799367871e-05
23429.89972 3.62568861335279e-05
23445.98064 3.65090318672096e-05
23462.06156 3.66084466870213e-05
23478.14248 3.66492790009454e-05
23494.2234 3.67517495666481e-05
23510.30431 3.69728022992199e-05
23526.38523 3.73227890070569e-05
23542.46615 3.78954764560292e-05
23558.54707 3.86343808826969e-05
23574.62799 3.95991464120375e-05
23590.70891 4.06705437418281e-05
23606.78983 4.19653002507562e-05
23622.87075 4.32858106694446e-05
23638.95167 4.46733479247758e-05
23655.03259 4.59882056779685e-05
23671.11351 4.71860308033905e-05
23687.19443 4.82332837388542e-05
23703.27535 4.901906147522e-05
23719.35627 4.95187060817894e-05
23735.43719 4.97440766254167e-05
23751.51811 4.95410903638695e-05
23767.59903 4.91333881080476e-05
23783.67995 4.86718900476088e-05
23799.76087 4.82208549255073e-05
23815.84179 4.78496438674567e-05
23831.92271 4.74758321211974e-05
23848.00362 4.71516688560725e-05
23864.08454 4.68792000825827e-05
23880.16546 4.66867972823792e-05
23896.24638 4.64733796542924e-05
23912.3273 4.62983443866904e-05
23928.40822 4.61654448513901e-05
23944.48914 4.6097030340948e-05
23960.57006 4.60755588435155e-05
23976.65098 4.60647645423791e-05
23992.7319 4.60917117128769e-05
24008.81282 4.61103457105401e-05
24024.89374 4.61017063548343e-05
24040.97466 4.60640448392133e-05
24057.05558 4.59437656799446e-05
24073.1365 4.57330665416154e-05
24089.21742 4.54410685411725e-05
24105.29834 4.51488655802035e-05
24121.37926 4.48567640885093e-05
24137.46018 4.45994437168754e-05
24153.5411 4.44204813449565e-05
24169.62201 4.43185688844665e-05
24185.70293 4.43111851663806e-05
24201.78385 4.43805334042522e-05
24217.86477 4.45688565829343e-05
24233.94569 4.46939554800292e-05
24250.02661 4.47556062172001e-05
24266.10753 4.47562041918539e-05
24282.18845 4.4657544950058e-05
24298.26937 4.44601806175411e-05
24314.35029 4.41963380357323e-05
24330.43121 4.39594267669493e-05
24346.51213 4.37493550395823e-05
24362.59305 4.35983467479028e-05
24378.67397 4.35333224639202e-05
24394.75489 4.35567393007322e-05
24410.83581 4.36840976540316e-05
24426.91673 4.39134175067427e-05
24442.99765 4.42417367171926e-05
24459.07857 4.45768521982548e-05
24475.15949 4.48545272903019e-05
24491.2404 4.50989269482796e-05
24507.32132 4.52774465090419e-05
24523.40224 4.53788561365609e-05
24539.48316 4.54016738887683e-05
24555.56408 4.53775713783376e-05
24571.645 4.53273209239817e-05
24587.72592 4.526959171878e-05
24603.80684 4.52367071703391e-05
24619.88776 4.52243572206509e-05
24635.96868 4.52565514559397e-05
24652.0496 4.53763664988552e-05
24668.13052 4.55939122037769e-05
24684.21144 4.58867566511866e-05
24700.29236 4.6254932012491e-05
24716.37328 4.67150982062583e-05
24732.4542 4.72721748352021e-05
24748.53512 4.79302394277022e-05
24764.61604 4.86189688821199e-05
24780.69696 4.93605596895153e-05
24796.77788 5.00509010900975e-05
24812.85879 5.06332152546333e-05
24828.93971 5.11021459402063e-05
24845.02063 5.14369393534307e-05
24861.10155 5.15999106687007e-05
24877.18247 5.16079014570954e-05
24893.26339 5.14371533279426e-05
24909.34431 5.11116709491673e-05
24925.42523 5.07297106951829e-05
24941.50615 0.000973266772858865
24957.58707 0.00101510675191043
24973.66799 0.00105589635657708
24989.74891 0.00109536445150663
24997.78162 0.00113411001920922
25011.29393 0.00117146299278585
25024.80624 0.00120771914418671
25038.31856 0.00124251544138716
25051.83087 0.000351853054460173
25065.34319 0.000341181130008394
25078.8555 0.000330495735213617
25092.36782 0.000319995627291075
25105.88013 0.000308196701535287
25119.39244 0.000296628159668408
25132.90476 0.000284544927664672
25146.41707 0.000272588887829316
25159.92939 0.000261095075228398
25173.4417 0.000249721162012478
25186.95402 0.000237758105928203
25200.46633 0.000225367992256793
25213.97865 0.000213927370366426
25227.49096 0.000202386559008942
25241.00327 0.000190823279499689
25254.51559 0.000179421909672957
25268.0279 0.000167651179925675
25281.54022 0.000156238035668201
25295.05253 0.000145689340024396
25308.56485 0.000135666219805375
25322.07716 0.000125663566327183
25335.58948 0.000115992368002373
25349.10179 0.000106668359818409
25362.6141 9.78042476642288e-05
25376.12642 8.95890966546721e-05
25389.63873 8.16725828848991e-05
25403.15105 7.39846564554608e-05
25416.66336 6.71806611329727e-05
25430.17568 6.05872765683292e-05
25443.68799 5.43710676408351e-05
25457.2003 4.86477215166665e-05
25470.71262 4.36736619365757e-05
25484.22493 3.91196554900126e-05
25497.73725 3.50948929996183e-05
25511.24956 3.09815497680637e-05
25524.76188 2.6976647119075e-05
25538.27419 2.40178917759364e-05
25551.78651 2.13563082292718e-05
25565.29882 1.94549564636196e-05
25578.81113 1.65932556753427e-05
25592.32345 1.42213206772279e-05
25605.83576 1.24981492761646e-05
25619.34808 1.14535695672503e-05
25632.86039 1.01070989810017e-05
25646.37271 8.74325007051456e-06
25659.88502 7.5745751951111e-06
25673.39733 6.3604505315993e-06
25686.90965 6.02477033073672e-06
25700.42196 5.6156012152648e-06
25713.93428 4.84538241206773e-06
25727.44659 4.36064242981948e-06
25740.95891 4.0885660038604e-06
25754.47122 3.8067527860713e-06
25767.98354 3.44134021265031e-06
25781.49585 3.24641224130531e-06
25795.00816 3.01329081450464e-06
25808.52048 2.88466185162016e-06
25822.03279 3.06826834793707e-06
25835.54511 2.87617595842189e-06
25849.05742 2.74994946162961e-06
25862.56974 2.59974216754919e-06
25876.08205 2.59969597849281e-06
25889.59437 2.36809523079809e-06
25903.10668 2.39525045886969e-06
25916.61899 2.53257281517342e-06
25930.13131 2.40512988205615e-06
25943.64362 2.23620434314509e-06
25957.15594 2.0559005395421e-06
25970.66825 1.77174373694146e-06
25984.18057 1.59645951279401e-06
25997.69288 1.54607874981089e-06
26011.20519 1.70533126184182e-06
26024.71751 1.76751785199741e-06
26038.22982 1.69877161048967e-06
26051.74214 2.07481126908869e-06
26065.25445 2.30018970851058e-06
26078.76677 2.42543538500999e-06
26092.27908 2.53905211841028e-06
26105.7914 2.74594689245354e-06
26119.30371 2.67559293649058e-06
26132.81602 2.31649907751711e-06
26146.32834 2.22659834156349e-06
26159.84065 1.75019474995591e-06
26173.35297 1.66214367292139e-06
26186.86528 1.59615282447421e-06
26200.3776 1.49949467011251e-06
26213.88991 1.50577074171775e-06
26227.40222 1.35988257627121e-06
26240.91454 1.28601739230664e-06
26254.42685 1.28971718312823e-06
26267.93917 1.55861321375397e-06
26281.45148 1.52308153125678e-06
26294.9638 1.50989999518767e-06
26308.47611 1.65254138786146e-06
26321.98843 1.63938711937765e-06
26335.50074 1.82213329003422e-06
26349.01305 1.97651695980608e-06
26362.52537 1.81575399844807e-06
26376.03768 1.61951948779071e-06
26389.55 1.85824608528303e-06
26403.06231 1.89258357655638e-06
26416.57463 1.66546880632224e-06
26430.08694 1.64883102922462e-06
26443.59925 1.53421816294981e-06
26457.11157 1.4895334226692e-06
26470.62388 1.65577645235377e-06
26484.1362 1.75758161769219e-06
26497.64851 1.68081676714503e-06
26511.16083 1.67468829262798e-06
26524.67314 1.68523333633193e-06
26538.18546 1.70308797844559e-06
26551.69777 1.87250447876998e-06
26565.21008 1.9932209151512e-06
26578.7224 2.20847322103302e-06
26592.23471 2.21697046643458e-06
26605.74703 2.27232256385391e-06
26619.25934 2.72173528104554e-06
26632.77166 3.30624243848821e-06
26646.28397 3.4159440500585e-06
26659.79629 3.02860078871662e-06
26673.3086 2.88517493696862e-06
26686.82091 2.48304626892286e-06
26700.33323 2.22865794217398e-06
26713.84554 2.0481855637565e-06
26727.35786 2.06124764791428e-06
26740.87017 1.51114699713731e-06
26754.38249 1.14216134348377e-06
26767.8948 1.10699578768057e-06
26781.40711 1.12897967594535e-06
26794.91943 1.40577857836038e-06
26808.43174 1.66159440984662e-06
26821.94406 1.64744323991125e-06
26835.45637 1.07741187693867e-06
26848.96869 1.03700956155304e-06
26862.481 1.09262032584318e-06
26875.99332 1.20482020760726e-06
26889.50563 1.22265801057042e-06
26903.01794 1.02315539222481e-06
26916.53026 8.06719497887188e-07
26930.04257 6.37098653905384e-07
26943.55489 6.32956247323296e-07
26957.0672 7.95099886846872e-07
26970.57952 9.20382820340146e-07
26984.09183 9.21111292816031e-07
26997.60414 7.99779679913529e-07
27011.11646 8.8068827795805e-07
27024.62877 1.0955066314757e-06
27038.14109 1.45053088360683e-06
27051.6534 1.58925404250946e-06
27065.16572 1.48452347898218e-06
27078.67803 1.50908714799812e-06
27092.19035 1.51959829020604e-06
27105.70266 1.65588737298537e-06
27119.21497 1.68445253638559e-06
27132.72729 1.43033384373247e-06
27146.2396 1.14968503604319e-06
27159.75192 1.00586134729479e-06
27173.26423 9.70590426681822e-07
27186.77655 8.19363743235895e-07
27200.28886 9.68435200152538e-07
27213.80117 9.77953687331267e-07
27227.31349 8.6223473062492e-07
27240.8258 1.00917932625342e-06
27254.33812 1.14815257725768e-06
27267.85043 1.31879698085572e-06
27281.36275 1.40970135187872e-06
27294.87506 1.52909324356277e-06
27308.38738 1.36421034930851e-06
27321.89969 1.22828042433678e-06
27335.412 1.16670292820741e-06
27348.92432 1.36348006850516e-06
27362.43663 1.29606650573246e-06
27375.94895 1.24730123633826e-06
27389.46126 1.19015678244188e-06
27402.97358 1.13938869656665e-06
27416.48589 1.16767360212826e-06
27429.99821 1.37608139445361e-06
27443.51052 1.76239159973408e-06
27457.02283 1.46422080687073e-06
27470.53515 1.40271212808085e-06
27484.04746 1.32777451222839e-06
27497.55978 1.27252449039773e-06
27511.07209 1.24606051447091e-06
27524.58441 1.24758656786073e-06
27538.09672 1.07256748928062e-06
27551.60903 8.36571842855905e-07
27565.12135 8.05007485791799e-07
27578.63366 8.05789919592928e-07
27592.14598 7.23402699354894e-07
27605.65829 7.12266900791852e-07
27619.17061 7.2385089992186e-07
27632.68292 7.45197507113935e-07
27646.19524 8.75538035378178e-07
27659.70755 9.1857780893481e-07
27673.21986 1.08427432811632e-06
27686.73218 1.04184834411745e-06
27700.24449 1.24688626794998e-06
27713.75681 1.52799068552354e-06
27727.26912 1.59272483197995e-06
27740.78144 1.63375730294961e-06
27754.29375 1.45551200229168e-06
27767.80606 1.24616669414121e-06
27781.31838 1.15526969160372e-06
27794.83069 1.37414392215116e-06
27808.34301 1.40812485218369e-06
27821.85532 1.17893512694645e-06
27835.36764 1.0329892071669e-06
27848.87995 1.04180090384922e-06
27862.39227 1.29867055735714e-06
27875.90458 1.55062022280572e-06
27889.41689 1.49042484265655e-06
27902.92921 1.24533436248444e-06
27916.44152 1.09085746412906e-06
27929.95384 1.12508294239574e-06
27943.46615 1.09065550530758e-06
27956.97847 8.74084341967567e-07
27970.49078 6.11500080371101e-07
27984.00309 7.09486908956635e-07
27997.51541 8.647965312562e-07
28011.02772 9.74665155459637e-07
28024.54004 1.07258634333112e-06
28038.05235 1.11498955635869e-06
28051.56467 1.19463322686292e-06
28065.07698 1.27828773627827e-06
28078.5893 1.41360209147248e-06
28092.10161 1.28842322156756e-06
28105.61392 1.29098960317514e-06
28119.12624 1.38673063695618e-06
28132.63855 1.47371136636418e-06
28146.15087 1.47035544429082e-06
28159.66318 1.54028499471448e-06
28173.1755 1.68141478580708e-06
28186.68781 1.50624326666992e-06
28200.20013 1.33665426134604e-06
28213.71244 1.30710471085634e-06
28227.22475 1.24121259850509e-06
28240.73707 9.67250991692213e-07
28254.24938 9.31177476526767e-07
28267.7617 9.75591146929795e-07
28281.27401 7.88286723155625e-07
28294.78633 8.57516846298844e-07
28308.29864 8.47845999985411e-07
28321.81095 6.6357765075669e-07
28335.32327 7.6058779335624e-07
28348.83558 8.68807169476496e-07
28362.3479 7.44557267881975e-07
28375.86021 5.46547968083067e-07
28389.37253 5.4406061291427e-07
28402.88484 5.29140277664178e-07
28416.39716 5.73099872577019e-07
28429.90947 7.61471750971399e-07
28443.42178 5.71631924128898e-07
28456.9341 5.55549251276165e-07
28470.44641 7.3765627252361e-07
28483.95873 9.53799622526741e-07
28497.47104 1.06130780303596e-06
28510.98336 1.0792630573594e-06
28524.49567 9.87880076735342e-07
28538.00798 8.04101537275165e-07
28551.5203 8.28816947161215e-07
28565.03261 7.58840061006002e-07
28578.54493 6.4235793599693e-07
28592.05724 4.6075390898218e-07
28605.56956 3.55613249100196e-07
28619.08187 2.79706963434592e-07
28632.59419 3.42265574565561e-07
28646.1065 4.1859572579989e-07
28659.61881 4.56211542298285e-07
28673.13113 5.68793301634261e-07
28686.64344 7.40480733282812e-07
28700.15576 8.50070564061006e-07
28713.66807 9.67894098408303e-07
28727.18039 1.06967887654233e-06
28740.6927 1.00736878522627e-06
28754.20501 9.25870082610422e-07
28767.71733 8.59361377242155e-07
28781.22964 8.32519382698524e-07
28794.74196 6.95232325784979e-07
28808.25427 6.46439451124443e-07
28821.76659 6.47458362793922e-07
28835.2789 7.0379366441603e-07
28848.79122 7.11563247960868e-07
28862.30353 7.68608662560042e-07
28875.81584 7.26675562177747e-07
28889.32816 6.16944844623004e-07
28902.84047 5.59839396536819e-07
28916.35279 4.87319187369234e-07
28929.8651 4.24450543360124e-07
28943.37742 3.08384850345522e-07
28956.88973 2.99642583402673e-07
28970.40205 2.52461319600811e-07
28983.91436 2.90758084535459e-07
28997.42667 3.09970650413456e-07
29010.93899 2.57706090362705e-07
29024.4513 2.35694780683826e-07
29037.96362 1.6580650861156e-07
29051.47593 2.98878681069573e-07
29064.98825 5.01015607007669e-07
29078.50056 7.3537043633013e-07
29092.01287 8.28168367528907e-07
29105.52519 8.04510734637458e-07
29119.0375 8.03444495593636e-07
29132.54982 8.0277692361782e-07
29146.06213 7.78613270877901e-07
29159.57445 8.41606558303038e-07
29173.08676 8.98310987387372e-07
29186.59908 9.00372096823223e-07
29200.11139 8.80214345197516e-07
29213.6237 1.00006140986279e-06
29227.13602 1.27011657820296e-06
29240.64833 1.36556891292385e-06
29254.16065 1.52384311918587e-06
29267.67296 1.44546725772642e-06
29281.18528 1.34126126337306e-06
29294.69759 1.29198659302068e-06
29308.2099 1.31360826887675e-06
29321.72222 1.40663423647404e-06
29335.23453 1.25105841633479e-06
29348.74685 1.38079806224152e-06
29362.25916 1.5271492670786e-06
29375.77148 1.55340789041183e-06
29389.28379 1.44391827523127e-06
29402.79611 1.37838439066299e-06
29416.30842 1.38925730296769e-06
29429.82073 1.27248971896824e-06
29443.33305 1.28976685366267e-06
29456.84536 1.23048404585026e-06
29470.35768 1.23453208249065e-06
29483.86999 1.29222762937804e-06
29497.38231 1.42002319018382e-06
29510.89462 1.38094579639394e-06
29524.40694 1.28865488436587e-06
29537.91925 1.30994626661862e-06
29551.43156 1.32226632533252e-06
29564.94388 1.39403819881642e-06
29578.45619 1.37128854643705e-06
29591.96851 1.3506883679852e-06
29605.48082 1.2858505609654e-06
29618.99314 1.30590235144349e-06
29632.50545 1.33302497311352e-06
29646.01776 1.30301864082182e-06
29659.53008 1.22462086259836e-06
29673.04239 1.15734434223251e-06
29686.55471 1.05451225118767e-06
29700.06702 1.01932601510962e-06
29713.57934 1.10803287970453e-06
29727.09165 1.20434376671371e-06
29740.60397 1.39339093318301e-06
29754.11628 1.44279535102193e-06
29767.62859 1.46628705716453e-06
29781.14091 1.47590422898065e-06
29794.65322 1.4164781291274e-06
29808.16554 1.34703479765875e-06
29821.67785 1.26042623455159e-06
29835.19017 1.20195004022502e-06
29848.70248 9.82561448648851e-07
29862.21479 8.99398527631093e-07
29875.72711 1.00427133556102e-06
29889.23942 1.05507345900305e-06
29902.75174 9.65033102405796e-07
29916.26405 1.03176854422305e-06
29929.77637 1.14553958691305e-06
29943.28868 1.24337851956655e-06
29956.801 1.35041064186573e-06
29970.31331 1.34719796959801e-06
29983.82562 1.17811794739662e-06
29997.33794 1.02259315459651e-06
30010.85025 1.15685624819134e-06
30024.36257 1.205048387852e-06
30037.87488 1.19242077620994e-06
30051.3872 9.65498823546075e-07
30064.89951 7.97289721836268e-07
30078.41182 7.73768211633219e-07
30091.92414 8.59395241202228e-07
30105.43645 9.55976527499269e-07
30118.94877 9.28531501356644e-07
30132.46108 8.73180412407311e-07
30145.9734 8.5662470879813e-07
30159.48571 9.28465853513815e-07
30172.99803 9.60005627104766e-07
30186.51034 9.7872878650964e-07
30200.02265 9.84903592927861e-07
30213.53497 9.74237003407535e-07
30227.04728 1.02704546356594e-06
30240.5596 9.64365333707646e-07
30254.07191 8.73178280998311e-07
30267.58423 9.30213172551993e-07
30281.09654 1.06658075479435e-06
30294.60886 1.2587945887001e-06
30308.12117 1.31075565861455e-06
30321.63348 1.29697341823113e-06
30335.1458 1.14220069278751e-06
30348.65811 1.11763225911565e-06
30362.17043 1.21811998147976e-06
30375.68274 1.1952655342946e-06
30389.19506 1.21548818845419e-06
30402.70737 1.1026659686851e-06
30416.21968 1.10149729936914e-06
30429.732 1.28588755058454e-06
30443.24431 1.55913165500227e-06
30456.75663 1.81883445087332e-06
30470.26894 1.88945912746318e-06
30483.78126 1.95741395649869e-06
30497.29357 1.95900344561285e-06
30510.80589 2.07656059050279e-06
30524.3182 2.19262443043005e-06
30537.83051 2.21335469493305e-06
30551.34283 2.13492291353094e-06
30564.85514 1.90345514039641e-06
30578.36746 1.8082541658054e-06
30591.87977 1.82325576975335e-06
30605.39209 1.87732126786522e-06
30618.9044 1.91939742998371e-06
30632.41671 1.97960082784081e-06
30645.92903 1.8523648115354e-06
30659.44134 1.69063607922863e-06
30672.95366 1.66323434952627e-06
30686.46597 1.63014721935534e-06
30699.97829 1.63481051829218e-06
30713.4906 1.47187562108205e-06
30727.00292 1.32390295072662e-06
30740.51523 1.21611308990618e-06
30754.02754 1.20492558590792e-06
30767.53986 1.32248058216522e-06
30781.05217 1.45214069480951e-06
30794.56449 1.42548988276947e-06
30808.0768 1.35672227204459e-06
30821.58912 1.34235275145776e-06
30835.10143 1.27986435377924e-06
30848.61374 1.1850957173716e-06
30862.12606 1.06324398313496e-06
30875.63837 1.0110417940874e-06
30889.15069 9.85027395032906e-07
30902.663 1.3001094149149e-06
30916.17532 1.59655264873129e-06
30929.68763 1.83136979608224e-06
30943.19995 2.06565142124356e-06
30956.71226 2.14912390651618e-06
30970.22457 2.24976046320927e-06
30983.73689 2.24599100691911e-06
30997.2492 2.26964442817817e-06
31010.76152 1.98993763407764e-06
31024.27383 1.68318463344463e-06
31037.78615 1.50085083579556e-06
31051.29846 1.35208084866201e-06
31064.81078 1.42633367958476e-06
31078.32309 1.41259457584439e-06
31091.8354 1.41385035775629e-06
31105.34772 1.37939838356591e-06
31118.86003 1.44521724628825e-06
31132.37235 1.48765885862935e-06
31145.88466 1.42105350712847e-06
31159.39698 1.35660716820119e-06
31172.90929 1.23507596051102e-06
31186.4216 1.30232811429541e-06
31199.93392 1.45927324913416e-06
31213.44623 1.58251961285298e-06
31226.95855 1.76783734436668e-06
31240.47086 2.05492669988763e-06
31253.98318 2.40357223825066e-06
31267.49549 2.8110575303004e-06
31281.00781 3.16946965094273e-06
31294.52012 3.36921381828148e-06
31308.03243 3.49169020173112e-06
31321.54475 3.61459468975353e-06
31335.05706 3.68215830088714e-06
31348.56938 3.76110728597248e-06
31362.08169 3.81478647378192e-06
31375.59401 3.85439488103137e-06
31389.10632 3.97883957845123e-06
31402.61863 4.17298916988707e-06
31416.13095 4.29801869498354e-06
31429.64326 4.60673175661094e-06
31443.15558 4.71331793672075e-06
31456.66789 4.69126524386979e-06
31470.18021 4.85569901333978e-06
31483.69252 4.93271766899092e-06
31497.20484 4.60325962566194e-06
31510.71715 4.45878345557656e-06
31524.22946 4.71432574693837e-06
31537.74178 4.73248699608048e-06
31551.25409 4.54890201172887e-06
31564.76641 4.37286143771569e-06
31578.27872 4.12549409525273e-06
31591.79104 3.90011327997392e-06
31605.30335 4.03183065096358e-06
31618.81566 4.02767882580414e-06
31632.32798 3.5401683463657e-06
31645.84029 2.93093031975721e-06
31659.35261 2.71923363769768e-06
31672.86492 2.50403656798704e-06
31686.37724 2.26789960006469e-06
31699.88955 2.0135121760223e-06
31713.40187 1.67755407723823e-06
31726.91418 1.31048247571384e-06
31740.42649 1.11509828910008e-06
31753.93881 9.70447796391781e-07
31767.45112 7.83861112864556e-07
31780.96344 6.52065109508181e-07
31794.47575 5.06132731612514e-07
31807.98807 4.10148922025796e-07
31821.50038 3.82500654923754e-07
31835.0127 2.64181911775348e-07
31848.52501 1.5525713494273e-07
31862.03732 2.29523425200659e-07
31875.54964 4.50850135844836e-07
31889.06195 6.39618165330934e-07
31902.57427 8.2080693019591e-07
31916.08658 1.00147684669121e-06
31929.5989 1.2136597809085e-06
31943.11121 1.41927338640061e-06
31956.62352 1.56908919989405e-06
31970.13584 1.71144566732064e-06
31983.64815 1.83740366998485e-06
31997.16047 1.99392203320726e-06
32010.67278 2.02805924695482e-06
32024.1851 2.09904603475618e-06
32037.69741 2.17603457722591e-06
32051.20973 2.49055264624773e-06
32064.72204 2.66235264410542e-06
32078.23435 2.70061699814572e-06
32091.74667 2.64022203871631e-06
32105.25898 2.50610078882154e-06
32118.7713 2.44120577457356e-06
32132.28361 2.47064692104949e-06
32145.79593 2.451464799377e-06
32159.30824 2.23795528426459e-06
32172.82055 2.24404858105686e-06
32186.33287 2.30258232877932e-06
32199.84518 2.21494451348076e-06
32213.3575 2.18823904708306e-06
32226.86981 2.27225370123423e-06
32240.38213 2.09350605278543e-06
32253.89444 1.93533604178412e-06
32267.40676 1.88541404930764e-06
32280.91907 1.76652826595032e-06
32294.43138 1.61484885829187e-06
32307.9437 1.64821597934068e-06
32321.45601 1.66433367497914e-06
32334.96833 1.58778332634715e-06
32348.48064 1.70205695883504e-06
32361.99296 1.74809155151409e-06
32375.50527 1.68516824517835e-06
32389.01759 1.79935963805179e-06
32402.5299 2.02980434728656e-06
32416.04221 2.12788302892263e-06
32429.55453 2.43341200980326e-06
32443.06684 2.81644561176625e-06
32456.57916 3.03690008515044e-06
32470.09147 3.14273864216266e-06
32483.60379 3.31156398441294e-06
32497.1161 3.48248705194735e-06
32510.62841 3.49557968191932e-06
32524.14073 3.5664502004881e-06
32537.65304 3.58184125656804e-06
32551.16536 3.45221904263768e-06
32564.67767 3.16147802275806e-06
32578.18999 2.95953908515176e-06
32591.7023 2.9146155481016e-06
32605.21462 3.1184108975569e-06
32618.72693 3.53533014246542e-06
32632.23924 3.83902351101541e-06
32645.75156 3.82081405995231e-06
32659.26387 3.88593212047845e-06
32672.77619 4.05690478032798e-06
32686.2885 4.30051766569713e-06
32699.80082 4.46100298964164e-06
32713.31313 4.30403781317576e-06
32726.82544 4.02693089041911e-06
32740.33776 3.62659736820168e-06
32753.85007 3.52625090579582e-06
32767.36239 3.71038021546661e-06
32780.8747 4.05974909176116e-06
32794.38702 4.14169166060485e-06
32807.89933 4.12933624854572e-06
32821.41165 4.05175903690761e-06
32834.92396 4.13384378107527e-06
32848.43627 4.39615983970967e-06
32861.94859 4.29289777427664e-06
32875.4609 3.99311163751735e-06
32888.97322 3.76763664696364e-06
32902.48553 3.71766960220461e-06
32915.99785 3.5638747384186e-06
32929.51016 3.56189432656102e-06
32943.02247 3.29564616653161e-06
32956.53479 2.92322119591159e-06
32970.0471 2.81971441983166e-06
32983.55942 2.70663701171547e-06
32997.07173 2.65168132071765e-06
33010.58405 2.60902294447651e-06
33024.09636 2.67006576160921e-06
33037.60868 2.42521350297515e-06
33051.12099 2.45042940455556e-06
33064.6333 2.67423771776081e-06
33078.14562 2.90237029994874e-06
33091.65793 3.17879861413464e-06
33105.17025 3.27372643493941e-06
33118.68256 3.34295622282098e-06
33132.19488 3.32618700303376e-06
33145.70719 3.45219244323867e-06
33159.21951 3.37457261408494e-06
33172.73182 3.27572665155991e-06
33186.24413 3.17866959057432e-06
33199.75645 2.95061198397126e-06
33213.26876 2.63196469161244e-06
33226.78108 2.31288163133196e-06
33240.29339 2.26459601529761e-06
33253.80571 2.2859465652024e-06
33267.31802 2.18757315494931e-06
33280.83033 2.02970748999828e-06
33294.34265 2.02049209209286e-06
33307.85496 2.16963595727724e-06
33321.36728 2.38091034346393e-06
33334.87959 2.78999468785177e-06
33348.39191 3.12933156262145e-06
33361.90422 3.30920590308988e-06
33375.41654 3.46225538547581e-06
33388.92885 3.56133277984027e-06
33402.44116 3.68036522120319e-06
33415.95348 3.74683141339535e-06
33429.46579 3.77062322223359e-06
33442.97811 3.57192305370628e-06
33456.49042 3.30317411166247e-06
33470.00274 3.18904275721946e-06
33483.51505 3.37661462537975e-06
33497.02736 3.69575032750477e-06
33510.53968 3.71274133233244e-06
33524.05199 3.57809623319976e-06
33537.56431 3.64961097936091e-06
33551.07662 3.88392377223575e-06
33564.58894 4.14709972751803e-06
33578.10125 4.50176093005806e-06
33591.61357 4.61944610208741e-06
33605.12588 4.73620451332618e-06
33618.63819 4.97961912843436e-06
33632.15051 5.17642452261894e-06
33645.66282 5.27181427101482e-06
33659.17514 5.36141918940402e-06
33672.68745 5.38569513199223e-06
33686.19977 5.23489652763303e-06
33699.71208 5.35058420354229e-06
33713.22439 5.62590037805536e-06
33726.73671 6.05425667010156e-06
33740.24902 6.39322304688852e-06
33753.76134 6.36808201582306e-06
33767.27365 6.3006544018116e-06
33780.78597 6.39298148352917e-06
33794.29828 6.64528681637002e-06
33807.8106 6.69676609472663e-06
33821.32291 6.63619978083622e-06
33834.83522 6.50923900420121e-06
33848.34754 6.40440416033542e-06
33861.85985 6.74213000585402e-06
33875.37217 7.16169027256096e-06
33888.88448 7.5179990171284e-06
33902.3968 7.62262856354699e-06
33915.90911 7.58415800965443e-06
33929.42143 7.62118692718214e-06
33942.93374 7.66600642693889e-06
33956.44605 7.8977087041324e-06
33969.95837 7.91504755621423e-06
33983.47068 7.86487981711941e-06
33996.983 7.79023230843002e-06
34010.49531 7.71921106518845e-06
34024.00763 7.96724608567782e-06
34037.51994 8.18657658871718e-06
34051.03225 8.30204601748667e-06
34064.54457 8.32311376104404e-06
34078.05688 8.35637665556289e-06
34091.5692 8.40638040829716e-06
34105.08151 8.30588672946642e-06
34118.59383 8.30688305017336e-06
34132.10614 8.08291855226357e-06
34145.61846 7.78617128252426e-06
34159.13077 7.45547740306484e-06
34172.64308 7.19328350351806e-06
34186.1554 7.2330384303331e-06
34199.66771 7.17885198861952e-06
34213.18003 7.05925920162671e-06
34226.69234 6.6911755169422e-06
34240.20466 6.38134623312863e-06
34253.71697 6.3156385263935e-06
34267.22928 6.55997675634556e-06
34280.7416 6.81060757574326e-06
34294.25391 6.73712765599992e-06
34307.76623 6.52807446457299e-06
34321.27854 6.52019928550648e-06
34334.79086 6.92339953692396e-06
34348.30317 7.42935212258265e-06
34361.81549 7.56864519844788e-06
34375.3278 7.50159321759377e-06
34388.84011 7.54466999124975e-06
34402.35243 7.58397509902033e-06
34415.86474 7.70028141295697e-06
34429.37706 7.58324776866192e-06
34442.88937 7.21528280629282e-06
34456.40169 6.76003492559446e-06
34469.914 6.35718796656012e-06
34483.42631 5.88865597977056e-06
34496.93863 5.42040281972294e-06
34510.45094 5.21152003618864e-06
34523.96326 5.0523805528495e-06
34537.47557 5.0238619304953e-06
34550.98789 5.20296240583767e-06
34564.5002 5.48211485291496e-06
34578.01252 5.82911309934788e-06
34591.52483 6.11120499999021e-06
34605.03714 6.3177442780817e-06
34618.54946 6.61885620683135e-06
34632.06177 6.78834188517146e-06
34645.57409 6.83770752292114e-06
34659.0864 6.61637646236564e-06
34672.59872 6.39461185269604e-06
34686.11103 6.24222930071441e-06
34699.62335 6.08843407751646e-06
34713.13566 5.84445129650706e-06
34726.64797 5.39918435464989e-06
34740.16029 5.4569460089044e-06
34753.6726 5.71507530176141e-06
34767.18492 5.91582710383021e-06
34780.69723 5.90610730314558e-06
34794.20955 5.76088937389645e-06
34807.72186 5.83920150634485e-06
34821.23417 6.08787207613661e-06
34834.74649 6.20464623600405e-06
34848.2588 6.21201339016844e-06
34861.77112 6.27502670629092e-06
34875.28343 6.49724063065579e-06
34888.79575 6.69189617178932e-06
34902.30806 6.79935934158697e-06
34915.82038 6.92268973967265e-06
34929.33269 7.07821323857712e-06
34942.845 7.16656255669593e-06
34956.35732 6.65821364117001e-06
34969.86963 6.00569860790811e-06
34983.38195 5.50054646547134e-06
34996.89426 5.32037748344767e-06
35010.40658 5.24018149965488e-06
35023.91889 5.06547181339998e-06
35037.4312 4.81717462644036e-06
35050.94352 4.7982577969538e-06
35064.45583 4.94188131999329e-06
35077.96815 5.38806188924921e-06
35091.48046 5.79385859304298e-06
35104.99278 5.8461134239629e-06
35118.50509 5.66042900831981e-06
35132.01741 5.39758747920184e-06
35145.52972 5.10409505010999e-06
35159.04203 4.78389579772034e-06
35172.55435 4.74457447763745e-06
35186.06666 4.81743664413736e-06
35199.57898 4.93625328143382e-06
35213.09129 5.05095933201869e-06
35226.60361 5.40754600471459e-06
35240.11592 5.73404561402422e-06
35253.62824 5.94907624997413e-06
35267.14055 6.07770346155785e-06
35280.65286 6.27469067647943e-06
35294.16518 6.28854478725861e-06
35307.67749 6.10450776427627e-06
35321.18981 6.15021562034727e-06
35334.70212 6.25638780678056e-06
35348.21444 6.29475607270034e-06
35361.72675 6.33382349807091e-06
35375.23906 6.43513756410974e-06
35388.75138 6.55108036379212e-06
35402.26369 6.69830297939187e-06
35415.77601 6.9370640834018e-06
35429.28832 6.96834650787888e-06
35442.80064 6.88738624369642e-06
35456.31295 6.94861931774693e-06
35469.82527 7.15601458841084e-06
35483.33758 7.35743422113066e-06
35496.84989 7.54806193867714e-06
35510.36221 7.58504743086379e-06
35523.87452 7.4903799590895e-06
35537.38684 7.49157629806634e-06
35550.89915 7.65409728160766e-06
35564.41147 7.88334306923983e-06
35577.92378 8.04982686527505e-06
35591.43609 8.16570433677515e-06
35604.94841 8.35719804513853e-06
35618.46072 8.54484994992805e-06
35631.97304 8.72738910869828e-06
35645.48535 8.88979885544383e-06
35658.99767 9.01607465073944e-06
35672.50998 9.26557239668843e-06
35686.0223 9.69255434830836e-06
35699.53461 1.01941254964985e-05
35713.04692 1.05729958251226e-05
35726.55924 1.0860211125004e-05
35740.07155 1.12588163407332e-05
35753.58387 1.16865211917246e-05
35767.09618 1.1926468696559e-05
35780.6085 1.20227262226683e-05
35794.12081 1.20480477015982e-05
35807.63312 1.20084211374866e-05
35821.14544 1.19391397408573e-05
35834.65775 1.20221917328577e-05
35848.17007 1.2132649252308e-05
35861.68238 1.21379709680733e-05
35875.1947 1.22373270771948e-05
35888.70701 1.24051298584335e-05
35902.21933 1.24688824442312e-05
35915.73164 1.26041407259906e-05
35929.24395 1.29380061979961e-05
35942.75627 1.31654049901852e-05
35956.26858 1.32242277180393e-05
35969.7809 1.33417982553562e-05
35983.29321 1.35878531223736e-05
35996.80553 1.38192050041675e-05
36010.31784 1.39810102974464e-05
36023.83016 1.39218148544938e-05
36037.34247 1.36902179318091e-05
36050.85478 1.36117818386668e-05
36064.3671 1.376771186819e-05
36077.87941 1.39492727310287e-05
36091.39173 1.40640223875475e-05
36104.90404 1.41231507740823e-05
36118.41636 1.43255252474117e-05
36131.92867 1.49350634893451e-05
36145.44098 1.5560528876655e-05
36158.9533 1.58187297126414e-05
36172.46561 1.59847387131238e-05
36185.97793 1.61852998136658e-05
36199.49024 1.63981480621107e-05
36213.00256 1.66550774811232e-05
36226.51487 1.69491514100924e-05
36240.02719 1.6945174303358e-05
36253.5395 1.6975799620771e-05
36267.05181 1.72776346905416e-05
36280.56413 1.76770166231445e-05
36294.07644 1.80511910806322e-05
36307.58876 1.82608768600428e-05
36321.10107 1.83190266433952e-05
36334.61339 1.84017030576703e-05
36348.1257 1.8684501558781e-05
36361.63801 1.91227953152908e-05
36375.15033 1.97162742374244e-05
36388.66264 2.01977622862617e-05
36402.17496 2.05784462708396e-05
36415.68727 2.10971767807718e-05
36429.19959 2.18619688112595e-05
36442.7119 2.2641921549075e-05
36456.22422 2.32229141765525e-05
36469.73653 2.36251546565038e-05
36483.24884 2.38509087188973e-05
36496.76116 2.40190383668592e-05
36510.27347 2.43631140051421e-05
36523.78579 2.4704249888527e-05
36537.2981 2.47541357819265e-05
36550.81042 2.46709479266495e-05
36564.32273 2.46773991410635e-05
36577.83504 2.471384998614e-05
36591.34736 2.49662934235406e-05
36604.85967 2.54144549748643e-05
36618.37199 2.58254367760179e-05
36631.8843 2.63206803226936e-05
36645.39662 2.68780115763412e-05
36658.90893 2.75805752501345e-05
36672.42125 2.84545749728125e-05
36685.93356 2.92457102977506e-05
36699.44587 2.98332624782517e-05
36712.95819 3.04023999529696e-05
36726.4705 3.11897386847339e-05
36739.98282 3.2165391704973e-05
36753.49513 3.31907969493126e-05
36767.00745 3.4261226583382e-05
36780.51976 3.54048115504363e-05
36794.03208 3.65881521280017e-05
36807.54439 3.79519650856835e-05
36821.0567 3.92092095995919e-05
36834.56902 3.99959711119475e-05
36848.08133 4.07227686998419e-05
36861.59365 4.16470468064102e-05
36875.10596 4.2603490430987e-05
36888.61828 4.3766063997057e-05
36902.13059 4.51855813964403e-05
36915.6429 4.67403196199476e-05
36929.15522 4.87857905667569e-05
36942.66753 5.13225978246702e-05
36956.17985 5.40559199526076e-05
36969.69216 5.72251801852618e-05
36983.20448 6.04980743748144e-05
36996.71679 6.3590357351563e-05
37010.22911 6.67129194133976e-05
37023.74142 6.99402544921014e-05
37037.25373 7.35206121472474e-05
37050.76605 7.73443803952699e-05
37064.27836 8.10575640351911e-05
37077.79068 8.4788402927166e-05
37091.30299 8.90702570222161e-05
37104.81531 9.40077263068041e-05
37118.32762 9.94010641461836e-05
37131.83993 0.000105078535387673
37145.35225 0.00011104310178404
37158.86456 0.000117880687713298
37172.37688 0.000125669465124325
37185.88919 0.000134103187513214
37199.40151 0.000142806548919924
37212.91382 0.000151869985981225
37226.42614 0.000162043038445437
37239.93845 0.000173401649495456
37253.45076 0.000185177929219476
37266.96308 0.000197201144044111
37280.47539 0.000209706261719397
37293.98771 0.000223089566439485
37307.50002 0.000238073964364694
37321.01234 0.000254511164666947
37334.52465 0.000271741323796498
37348.03696 0.000289914102818426
37361.54928 0.000309707142578746
37375.06159 0.000330672687928948
37388.57391 0.000353333995231313
37402.08622 0.000377172775075188
37415.59854 0.000402053029399968
37429.11085 0.000427952089734689
37442.62317 0.000455329805314488
37456.13548 0.0004843294067332
37469.64779 0.000515272951380487
37483.16011 0.000547962625027446
37496.67242 0.000582707537426422
37510.18474 0.000620141940590563
37523.69705 0.000659978642807828
37537.20937 0.000701959493563029
37550.72168 0.000746257392897092
37564.234 0.000792952472186474
37577.74631 0.000842476323733925
37591.25862 0.00089501484572218
37604.77094 0.000950179294045456
37618.28325 0.00100817297082619
37631.79557 0.0010694056737274
37645.30788 0.00113391151531917
37658.8202 0.00120197688376653
37672.33251 0.00127371745855668
37685.84482 0.00134910186943314
37699.35714 0.00142861545824311
37712.86945 0.00151232564745475
37726.38177 0.00160000157212968
37739.89408 0.0016921104649191
37753.4064 0.00178899729363396
37766.91871 0.00189224487610979
37780.43103 0.00200022117230447
37793.94334 0.00211324097993603
37807.45565 0.00223218832944833
37820.96797 0.00235776377138889
37834.48028 0.00249023709177568
37847.9926 0.00262972316196707
37861.50491 0.00277703282379623
37875.01723 0.00293277619854748
37888.52954 0.00309724746468657
37902.04185 0.0032710708573073
37915.55417 0.00345417063376843
37929.06648 0.00364800738935516
37942.5788 0.00385376754968364
37956.09111 0.00407209863000728
37969.60343 0.00430392675726461
37983.11574 0.00455073736510914
37996.62806 0.00481318809022757
38010.14037 0.00509336403194179
38023.65268 0.00539253886457163
38037.165 0.00571184158658398
38050.67731 0.0060530423900626
38064.18963 0.00641830031413962
38077.70194 0.00680904065083043
38091.21426 0.00722727372049567
38104.72657 0.00767566020385153
38118.23889 0.00815608853794837
38131.7512 0.0086717555371138
38145.26351 0.00922605960725489
38158.77583 0.00982234983619171
38172.28814 0.0104673788967752
38185.80046 0.0111702878066275
38199.31277 0.0119184595425713
38212.82509 0.012726157076642
38226.3374 0.0135993507797334
38239.84971 0.0145440066305701
38253.36203 0.0155659963212542
38266.87434 0.0166718823097293
38280.38666 0.0178687935516697
38293.89897 0.0191650233998594
38307.41129 0.0205698906534261
38320.9236 0.022092851229625
38334.43592 0.0237444191549847
38347.94823 0.0255362158379928
38361.46054 0.0274804029196577
38374.97286 0.0295900800671025
38388.48517 0.0319094400456765
38401.99749 0.0344009269471222
38415.5098 0.0370963788115946
38429.02212 0.0400176478623628
38442.53443 0.0431812374142442
38456.04674 0.0466045156710508
38469.55906 0.0503059111433882
38483.07137 0.0543038362713526
38496.58369 0.0586168126849805
38510.096 0.0632627250596931
38523.60832 0.0682602218955405
38537.12063 0.0736276852502402
38550.63295 0.0793812241740569
38564.14526 0.0855350827128611
38577.65757 0.092183005052356
38591.16989 0.0992032075320626
38604.6822 0.106626486366008
38618.19452 0.114482029528191
38631.70683 0.122767415560024
38645.21915 0.131476830151438
38658.73146 0.140600881634503
38672.24377 0.150124275156068
38685.75609 0.160026908433032
38699.2684 0.170286096559446
38712.78072 0.180867154864921
38726.29303 0.191736159064854
38739.80535 0.202853909234276
38753.31766 0.214175509141007
38766.82998 0.22565034585732
38780.34229 0.237229526476616
38793.8546 0.248854954295438
38807.36692 0.260474106061563
38820.87923 0.272035060445703
38834.39155 0.283482691532288
38847.90386 0.29476402762363
38861.41618 0.305832762412383
38874.92849 0.316647140105483
38888.44081 0.327164718012364
38901.95312 0.337356341975345
38915.46543 0.347192704600938
38928.97775 0.356650323586992
38942.49006 0.365712471416828
38956.00238 0.374371617699542
38969.51469 0.38261292273665
38983.02701 0.390884526975036
38996.53932 0.398301796385319
39010.05163 0.405305426717879
39023.56395 0.411907077716991
39037.07626 0.418124320031299
39050.58858 0.423970346348482
39064.10089 0.429456845778744
39077.61321 0.434609157433523
39091.12552 0.439445122705859
39104.63784 0.443979417454155
39118.15015 0.448237168925615
39131.66246 0.452225649446173
39145.17478 0.456215827851711
39158.68709 0.459950103979082
39172.19941 0.463212994552905
39185.71172 0.46625796434501
39199.22404 0.469098063185155
39212.73635 0.471750767675125
39226.24866 0.474220079127653
39239.76098 0.476516547986924
39253.27329 0.478657649253346
39266.78561 0.480646669154305
39280.29792 0.482489956519592
39293.81024 0.484201042923801
39307.32255 0.485777728746867
39320.83487 0.487226289453874
39334.34718 0.488562589807014
39347.85949 0.48979266414611
39361.37181 0.490918276182028
39374.88412 0.492226414663304
39388.39644 0.493463711085324
39401.90875 0.494334716807333
39415.42107 0.495190245137945
39428.93338 0.495978283599111
39442.44569 0.496697385240401
39455.95801 0.497354764147038
39469.47032 0.497958137477407
39482.98264 0.498508879913707
39496.49495 0.499009842381193
39510.00727 0.499411413735588
39523.51958 0.499754052982986
39537.0319 0.500057439083443
39550.54421 0.500333550749504
39564.05652 0.500583529060938
39577.56884 0.500807152867485
39591.08115 0.501012125666093
39604.59347 0.501203039212703
39618.10578 0.501379163965545
39631.6181 0.50153888384191
39645.13041 0.501689979214311
39658.64273 0.501827664106075
39672.15504 0.501953446593067
39685.66735 0.50207532482751
39699.17967 0.502699865717343
39712.69198 0.502863776747271
39726.2043 0.50298115546066
39739.71661 0.503097572661022
39753.22893 0.50320907247917
39766.74124 0.503319764786606
39780.25355 0.504011806393375
39793.76587 0.504117663251142
39807.27818 0.504215242093927
39820.7905 0.504307661981988
39834.30281 0.504395916954992
39847.81513 0.504481181063192
39861.32744 0.504567412332679
39874.83976 0.504652515867374
39888.35207 0.504732269732048
39901.86438 0.504814805298544
39915.3767 0.504897093754253
39928.88901 0.504975346884757
39942.40133 0.505055005837656
39955.91364 0.505135429517704
39969.42596 0.505212420481077
39982.93827 0.505286144438235
39996.45058 0.505361760381801
40009.9629 0.50542619362512
40023.47521 0.505483519997405
40036.98753 0.505543935664032
40050.49984 0.505603118537719
40064.01216 0.505659894064451
40077.52447 0.505717888243802
40091.03679 0.505778643349102
40104.5491 0.505859205316464
40118.06141 0.505985038682765
40131.57373 0.506115363393761
40145.08604 0.50624214131411
40158.59836 0.506367228428474
40172.11067 0.506493380291958
40185.62299 0.50694602811493
40199.1353 0.507322150313689
40212.64761 0.507947277773792
40226.15993 0.508009651442949
40239.67224 0.508068969949486
40253.18456 0.508130970704061
40266.69687 0.508195906507157
40280.20919 0.508260348650224
40293.7215 0.508323622272079
40307.23382 0.508388620196212
40320.74613 0.508451485361996
40334.25844 0.508509847277195
40347.77076 0.508570732069123
40361.28307 0.508631914651548
40374.79539 0.508691204341377
40388.3077 0.508750719892042
40401.82002 0.508824548099341
40415.33233 0.508957294778229
40428.84465 0.50908883470713
40442.35696 0.509225093607491
40455.86927 0.509360604080816
40469.38159 0.509493356754102
40482.8939 0.509625821552625
40496.40622 0.509759495366834
40509.91853 0.509835424200073
40523.43085 0.509891427988372
40536.94316 0.50994895150271
40550.45547 0.510003451594077
40563.96779 0.510056049743093
40577.4801 0.510110262257378
40590.99242 0.510166081050037
40604.50473 0.510481144254889
40618.01705 0.510856946121389
40631.52936 0.510911160743604
40645.04168 0.510960798683382
40658.55399 0.511006121827693
40672.0663 0.511051101999066
40685.57862 0.511092984451972
40699.09093 0.51112742903331
40712.60325 0.51122751013033
40726.11556 0.511676823029064
40739.62788 0.511996445076853
40753.14019 0.512095081812807
40766.6525 0.512196963832361
40780.16482 0.512295706006124
40793.67713 0.512391436577972
40807.18945 0.512452714106747
40820.70176 0.512480435728415
40834.21408 0.512502984146166
40847.72639 0.512523403469724
40861.23871 0.512546163318113
40874.75102 0.512564436064522
40888.26333 0.512582277526603
40901.77565 0.512602822507488
40915.28796 0.512623574847232
40928.80028 0.512642067365417
40942.31259 0.512663420926526
40955.82491 0.512689214456579
40969.33722 0.512712308600033
40982.84953 0.512736526898857
40996.36185 0.512763125709971
41009.87416 0.512741076346472
41023.38648 0.512696685081966
41036.89879 0.51306073473004
41050.41111 0.513202786903799
41063.92342 0.51316082517448
41077.43574 0.513119865291794
41090.94805 0.513083618427399
41104.46036 0.513069401484077
41117.97268 0.513095838745086
41131.48499 0.513127472824056
41144.99731 0.51316009173827
41158.50962 0.513190488634286
41172.02194 0.513218583108082
41185.53425 0.513563732381984
41199.04657 0.513844291774446
41212.55888 0.513873051901729
41226.07119 0.513902404728983
41239.58351 0.513931898671277
41253.09582 0.513957552825194
41266.60814 0.513982765132016
41280.12045 0.514011745472054
41293.63277 0.514038002138637
41307.14508 0.514025241081619
41320.65739 0.513978947340894
41334.16971 0.513931690468311
41347.68202 0.513876955641776
41361.19434 0.513819321266666
41374.70665 0.513759169884058
41388.21897 0.513693950459766
41401.73128 0.513637718605222
41415.2436 0.513693935213422
41428.75591 0.513747984766975
41442.26822 0.513796431578404
41455.78054 0.513842812797573
41469.29285 0.513889221709897
41482.80517 0.51452016322532
41496.31748 0.514554872628853
41509.8298 0.514539487285394
41523.34211 0.514502026500615
41536.85442 0.514458836338824
41550.36674 0.514409239549935
41563.87905 0.514357515328641
41577.39137 0.514299199942326
41590.90368 0.514234643969087
41604.416 0.514420290322325
41617.92831 0.514676270583015
41631.44063 0.514609288613083
41644.95294 0.514538112975201
41658.46525 0.514466865392484
41671.97757 0.514391737448228
41685.48988 0.514306331654367
41699.0022 0.514218568757052
41712.51451 0.514134180236913
41726.02683 0.514044287051675
41739.53914 0.513950296319567
41753.05146 0.51385397048019
41766.56377 0.513755953178411
41780.07608 0.513652806249117
41793.5884 0.51354916643917
41807.10071 0.513446339086686
41820.61303 0.513342497812019
41834.12534 0.513235167872573
41847.63766 0.513129772256058
41861.14997 0.513024935959352
41874.66228 0.512917287743343
41888.1746 0.512806902990359
41901.68691 0.512696971708824
41915.19923 0.512580314480617
41928.71154 0.512460580679909
41942.22386 0.512927845553687
41955.73617 0.512811038843618
41969.24849 0.5126934899092
41982.7608 0.512575960429783
41996.27311 0.512463744495724
42009.78543 0.512351421430248
42023.29774 0.5122384444758
42036.81006 0.512511913294023
42050.32237 0.512584814547895
42063.83469 0.512477155753425
42077.347 0.512369727322629
42090.85931 0.512264298254697
42104.37163 0.512167218975296
42117.88394 0.512080234143901
42131.39626 0.511993663908898
42144.90857 0.511910112652123
42158.42089 0.511829270157975
42171.9332 0.511747441838744
42185.44552 0.511667876835142
42198.95783 0.511591878728884
42212.47014 0.511506171239159
42225.98246 0.5114192704067
42239.49477 0.511335243138545
42253.00709 0.511252445030658
42266.5194 0.511167069207185
42280.03172 0.511078618740106
42293.54403 0.510990222666112
42307.05634 0.510901280585896
42320.56866 0.510808453264593
42334.08097 0.510711904641702
42347.59329 0.51061596653374
42361.1056 0.510520043042381
42374.61792 0.510425624824632
42388.13023 0.51033759712949
42401.64255 0.51025570722314
42415.15486 0.510169433852622
42428.66717 0.510592549359143
42442.17949 0.510594804053053
42455.6918 0.510522565916616
42469.20412 0.510449246875086
42482.71643 0.510938309393485
42496.22875 0.510865204915029
42509.74106 0.510781946298664
42523.25338 0.510692629954186
42536.76569 0.510603533491999
42550.278 0.510516431254578
42563.79032 0.510429055899817
42577.30263 0.510341828637655
42590.81495 0.510256435165487
42604.32726 0.509867207468828
42617.83958 0.508828762898735
42631.35189 0.507790358807658
42644.8642 0.506752788735054
42658.37652 0.505713183103649
42671.88883 0.504669004546657
42685.40115 0.503622137446359
42698.91346 0.502573847737155
42712.42578 0.501082147365985
42725.93809 0.499548715049166
42739.45041 0.498015085977708
42752.96272 0.496482502956805
42766.47503 0.494949050524707
42779.98735 0.493415519971517
42793.49966 0.49188468483137
42807.01198 0.492318576564416
42820.52429 0.494569383155367
42834.03661 0.496817429758905
42847.54892 0.499063310231773
42861.06123 0.501305418648914
42874.57355 0.503542253978738
42888.08586 0.505775811329905
42901.59818 0.507739582088208
42915.11049 0.507701726160048
42928.62281 0.507661877311849
42942.13512 0.508305373939847
42955.64744 0.508723234050499
42969.15975 0.508684487190749
42982.67206 0.508645287097426
42996.18438 0.50860674708318
43009.69669 0.508510753277053
43023.20901 0.508389972349758
43036.72132 0.508267170436503
43050.23364 0.508144449756431
43063.74595 0.508021195639894
43077.25826 0.507895935706046
43090.77058 0.507769592201485
43104.28289 0.507643050289304
43117.79521 0.507513695438832
43131.30752 0.507383441481192
43144.81984 0.507253347407565
43158.33215 0.507124240306739
43171.84447 0.506994610460075
43185.35678 0.506863592112659
43198.86909 0.506732258965162
43212.38141 0.506614855782677
43225.89372 0.506497118838212
43239.40604 0.506377048698691
43252.91835 0.506256002099905
43266.43067 0.506134158738882
43279.94298 0.506010534518943
43293.4553 0.50588516283235
43306.96761 0.505755329698499
43320.47992 0.505620768689387
43333.99224 0.505485135760153
43347.50455 0.50534822943495
43361.01687 0.505212108171945
43374.52918 0.505075431119254
43388.0415 0.504937565919686
43401.55381 0.504797361534494
43415.06612 0.504654411434857
43428.57844 0.504508035540296
43442.09075 0.504358122827911
43455.60307 0.504514936764293
43469.11538 0.504602765719635
43482.6277 0.504439900657866
43496.14001 0.504261468604091
43509.65233 0.504075079233214
43523.16464 0.504459752614541
43536.67695 0.504265974844771
43550.18927 0.504068596413506
43563.70158 0.503866692554053
43577.2139 0.503661203814426
43590.72621 0.503449834670366
43604.23853 0.503237027425429
43617.75084 0.503028366541731
43631.26315 0.502813820288448
43644.77547 0.502592538275061
43658.28778 0.502364744759071
43671.8001 0.502131362328206
43685.31241 0.501892368504377
43698.82473 0.501648105463018
43712.33704 0.501394544382539
43725.84936 0.501136736984904
43739.36167 0.500874022592356
43752.87398 0.500606937602338
43766.3863 0.500334711267623
43779.89861 0.500059706230409
43793.41093 0.499780316474253
43806.92324 0.499502686702811
43820.43556 0.499224870196309
43833.94787 0.498944430171152
43847.46018 0.4986608628514
43860.9725 0.49837590079046
43874.48481 0.498088477942898
43887.99713 0.497800844302262
43901.50944 0.497511999588289
43915.02176 0.497221126379414
43928.53407 0.496931036768657
43942.04639 0.496643036915579
43955.5587 0.496357075553191
43969.07101 0.49610328046964
43982.58333 0.495866472303699
43996.09564 0.495631491910814
44009.60796 0.495398654796008
44023.12027 0.495167218775308
44036.63259 0.494939668610873
44050.1449 0.494722677639373
44063.65722 0.495038225948938
44077.16953 0.494822114245359
44090.68184 0.494612714426414
44104.19416 0.494407797461705
44117.70647 0.494208797751879
44131.21879 0.494083937464928
44144.7311 0.494391058253882
44158.24342 0.494209128710913
44171.75573 0.494033157849316
44185.26804 0.493861589066693
44198.78036 0.493694139088104
44212.29267 0.493533188920786
44225.80499 0.493376277552999
44239.3173 0.493224331210307
44252.82962 0.493075947597885
44266.34193 0.492933268131199
44279.85425 0.492793488858595
44293.36656 0.49265905830476
44306.87887 0.492523240014684
44320.39119 0.492387875149217
44333.9035 0.492255292807742
44347.41582 0.492127501569772
44360.92813 0.492002783246575
44374.44045 0.491881317692352
44387.95276 0.491762539225987
44401.46507 0.49164728484371
44414.97739 0.49154049320576
44428.4897 0.491435146485071
44442.00202 0.491329261891348
44455.51433 0.491205199360355
44469.02665 0.491083578970633
44482.53896 0.490961284696495
44496.05128 0.49084082607995
44509.56359 0.490717089069076
44523.0759 0.490593758645924
44536.58822 0.490469211966365
44550.10053 0.490344523593753
44563.61285 0.490219747881547
44577.12516 0.490095097758713
44590.63748 0.489970222434436
44604.14979 0.489845140842305
44617.66211 0.489723561093124
44631.17442 0.489601512580567
44644.68673 0.489480107084592
44658.19905 0.489355914396756
44671.71136 0.489231851585114
44685.22368 0.489105700707567
44698.73599 0.48897894530455
44712.24831 0.488848821346023
44725.76062 0.488717437760935
44739.27293 0.488584541434449
44752.78525 0.488449694472618
44766.29756 0.48865003714649
44779.80988 0.488707756518012
44793.32219 0.48856659683909
44806.83451 0.488421664574779
44820.34682 0.488274563407009
44833.85914 0.488123088855317
44847.37145 0.488379628216814
44860.88376 0.488368745986001
44874.39608 0.488209587870702
44887.90839 0.488047980639988
44901.42071 0.487884194482615
44914.93302 0.487714360583972
44928.44534 0.487540140461416
44941.95765 0.487362287066392
44955.46996 0.487171546111425
44968.98228 0.486979599293583
44982.49459 0.486782455002448
44996.00691 0.486582412576521
45009.51922 0.486384408423433
45023.03154 0.48618684550589
45036.54385 0.485984317535423
45050.05617 0.485776222436873
45063.56848 0.485565602324027
45077.08079 0.485350528960129
45090.59311 0.48513225349731
45104.10542 0.484907238693085
45117.61774 0.484679188564156
45131.13005 0.484446837712022
45144.64237 0.484212333693296
45158.15468 0.483972939401622
45171.66699 0.483729866517629
45185.17931 0.483484872184143
45198.69162 0.483235641520458
45212.20394 0.482985822429858
45225.71625 0.482730483753097
45239.22857 0.482473702670047
45252.74088 0.482211674968464
45266.2532 0.481945804531158
45279.76551 0.481674626938119
45293.27782 0.481401201614866
45306.79014 0.481122998487874
45320.30245 0.480838206381536
45333.81477 0.480551763788756
45347.32708 0.480262753978769
45360.8394 0.47997553013904
45374.35171 0.479685115154673
45387.86403 0.479393026254187
45401.37634 0.479098695990681
45414.88865 0.478804849005803
45428.40097 0.47850959003599
45441.91328 0.478210102408808
45455.4256 0.477907762348506
45468.93791 0.477602039758446
45482.45023 0.477297515786374
45495.96254 0.476990617774536
45509.47485 0.47668924150517
45522.98717 0.476390166275901
45536.49948 0.476092434067774
45550.0118 0.475795094486147
45563.52411 0.475497133233903
45577.03643 0.475202298755499
45590.54874 0.474908143105349
45604.06106 0.474614720329305
45617.57337 0.474711537935562
45631.08568 0.474542443729833
45644.598 0.474249297012994
45658.11031 0.473957202805269
45671.62263 0.473665626963551
45685.13494 0.473373414333515
45698.64726 0.4730856091338
45712.15957 0.47291151378243
45725.67188 0.473043071002309
45739.1842 0.472751349223962
45752.69651 0.472461586725572
45766.20883 0.47217401562957
45779.72114 0.471885487187152
45793.23346 0.471596764748582
45806.74577 0.471307832757694
45820.25809 0.471023158229288
45833.7704 0.470736178945213
45847.28271 0.470448057550884
45860.79503 0.470157564627295
45874.30734 0.469865717894238
45887.81966 0.469572742270183
45901.33197 0.469273266234616
45914.84429 0.468965191999047
45928.3566 0.468654933660058
45941.86891 0.468345344122359
45955.38123 0.468031124119482
45968.89354 0.467712677137999
45982.40586 0.467392331087014
45995.91817 0.46707008858454
46009.43049 0.466746440477323
46022.9428 0.466415442915525
46036.45512 0.466081219500304
46049.96743 0.465742669778956
46063.47974 0.465399882753577
46076.99206 0.465049785352185
46090.50437 0.464691566643887
46104.01669 0.46434938406717
46117.529 0.464048627149958
46131.04132 0.46374142494183
46144.55363 0.463424367811607
46158.06595 0.463102071023046
46171.57826 0.462776253687557
46185.09057 0.46244536760499
46198.60289 0.462108544352491
46212.1152 0.461699913890033
46225.62752 0.461280444317525
46239.13983 0.460854782473378
46252.65215 0.460422062177897
46266.16446 0.459981968903163
46279.67677 0.459535962566857
46293.18909 0.459086230694181
46306.7014 0.458630049730617
46320.21372 0.458168689625211
46333.72603 0.457700320731026
46347.23835 0.457228980906385
46360.75066 0.45675345640322
46374.26298 0.456270072099709
46387.77529 0.455782392146025
46401.2876 0.455290604182533
46414.79992 0.454800429251326
46428.31223 0.454305307309591
46441.82455 0.453805505812513
46455.33686 0.45330371861312
46468.84918 0.452801041837974
46482.36149 0.452298209684628
46495.8738 0.451790181063757
46509.38612 0.451278258966265
46522.89843 0.451255507915769
46536.41075 0.450738705997278
46549.92306 0.450220997837781
46563.43538 0.449700154137709
46576.94769 0.449182092941372
46590.46001 0.448666346100121
46603.97232 0.448155139907285
46617.48463 0.44764934189161
46630.99695 0.447146153791204
46644.50926 0.446649812465941
46658.02158 0.446158067220973
46671.53389 0.445670912046146
46685.04621 0.445185790401629
46698.55852 0.44470753007375
46712.07083 0.444239149931542
46725.58315 0.443776315216623
46739.09546 0.443318819601592
46752.60778 0.442865470832124
46766.12009 0.442420955545655
46779.63241 0.441983533624961
46793.14472 0.44155032825297
46806.65704 0.4411184399639
46820.16935 0.44068865356992
46833.68166 0.44026967812041
46847.19398 0.439858014464529
46860.70629 0.43945359168491
46874.21861 0.439058097410436
46887.73092 0.43867373988653
46901.24324 0.438302383261755
46914.75555 0.437941849606603
46928.26787 0.437589390356444
46941.78018 0.437246075035284
46955.29249 0.436913549368744
46968.80481 0.436590361058966
46982.31712 0.436767328386111
46995.82944 0.436456926514168
47009.34175 0.436157746309459
47022.85407 0.435868882209475
47036.36638 0.435586120182414
47049.87869 0.435307399364734
47063.39101 0.43503801884779
47076.90332 0.434777137989239
47090.41564 0.434524457740175
47103.92795 0.434292815562123
47117.44027 0.43410671552347
47130.95258 0.433929128897881
47144.4649 0.433758136003779
47157.97721 0.433592459364548
47171.48952 0.433427817934988
47185.00184 0.433266603522671
47198.51415 0.433110636132444
47212.02647 0.432903632180572
47225.53878 0.432691137586993
47239.0511 0.432478052359307
47252.56341 0.432267901661057
47266.07572 0.432060737714202
47279.58804 0.431852354273839
47293.10035 0.431643152670603
47306.61267 0.4314332576487
47320.12498 0.431226509784726
47333.6373 0.431020610517134
47347.14961 0.431148127999905
47360.66193 0.431069964148926
47374.17424 0.430855675342018
47387.68655 0.430641908480302
47401.19887 0.430425251214471
47414.71118 0.430206005181983
47428.2235 0.429982355962262
47441.73581 0.429755394195
47455.24813 0.429526364778948
47468.76044 0.429290252447621
47482.27276 0.429046412619074
47495.78507 0.428797994064088
47509.29738 0.428545718729243
47522.8097 0.428290466853697
47536.32201 0.428027596293625
47549.83433 0.427758396850572
47563.34664 0.42748686073692
47576.85896 0.42721263950445
47590.37127 0.426934920101268
47603.88358 0.426651181389214
47617.3959 0.426365821952365
47630.90821 0.426062031180821
47644.42053 0.425751086537948
47657.93284 0.425435091816575
47671.44516 0.425111555394959
47684.95747 0.424784552692893
47698.46979 0.424456189128944
47711.9821 0.424122869921061
47725.49441 0.423785032093219
47739.00673 0.423441951638693
47752.51904 0.423098662989942
47766.03136 0.422756246481216
47779.54367 0.422411358826831
47793.05599 0.422064179540653
47806.5683 0.421711033610816
47820.08061 0.421356793389651
47833.59293 0.421005554027728
47847.10524 0.420653336945199
47860.61756 0.420300652018822
47874.12987 0.419948841028003
47887.64219 0.419601796467125
47901.1545 0.419258064208713
47914.66682 0.418916204794253
47928.17913 0.418574940804172
47941.69144 0.418236288284138
47955.20376 0.41790305080655
47968.71607 0.417572810636261
47982.22839 0.417242761329005
47995.7407 0.416915256362265
48009.25302 0.416595307732091
48022.76533 0.416282586700579
48036.27764 0.415972603226056
48049.78996 0.415663038669796
48063.30227 0.415357755973021
48076.81459 0.415058412028373
48090.3269 0.41521831337476
48103.83922 0.414925064751195
48117.35153 0.414626501042406
48130.86385 0.414332770341241
48144.37616 0.414044852201495
48157.88847 0.413760668262619
48171.40079 0.413476602544372
48184.9131 0.413191485888564
48198.42542 0.412908673953686
48211.93773 0.41263585359507
48225.45005 0.412363586251207
48238.96236 0.412088529982576
48252.47468 0.411810658562972
48265.98699 0.411533978100791
48279.4993 0.411258196810574
48293.01162 0.410979178738602
48306.52393 0.410693293468162
48320.03625 0.410400914285889
48333.54856 0.410108466521494
48347.06088 0.409814808421674
48360.57319 0.409514730901093
48374.0855 0.409206591530315
48387.59782 0.408890681304946
48401.11013 0.408569567298454
48414.62245 0.408240423326997
48428.13476 0.40789909550736
48441.64708 0.407545139552433
48455.15939 0.407179738764415
48468.67171 0.406805518653025
48482.18402 0.406421244964353
48495.69633 0.40602166318894
48509.20865 0.405615305479211
48522.72096 0.405200100333055
48536.23328 0.404775214974904
48549.74559 0.404339058062605
48563.25791 0.40388624535686
48576.77022 0.403419102515185
48590.28253 0.402939292179126
48603.79485 0.402448288604569
48617.30716 0.401943369551567
48630.81948 0.401421428326613
48644.33179 0.400884734659839
48657.84411 0.400334903446983
48671.35642 0.399773298792074
48684.86874 0.399197430313693
48698.38105 0.398604805638472
48711.89336 0.397993461919881
48725.40568 0.397370429104201
48738.91799 0.396737842894067
48752.43031 0.396093314086696
48765.94262 0.395692519907924
48779.45494 0.395199992742819
48792.96725 0.394366855106796
48806.47956 0.393524202090871
48819.99188 0.392676474277317
48833.50419 0.391820552358805
48847.01651 0.390959397319697
48860.52882 0.390096855964097
48874.04114 0.389232353532979
48887.55345 0.388363589931336
48901.06577 0.387490439134155
48914.57808 0.386613830845967
48928.09039 0.385739345841825
48941.60271 0.384865871584801
48955.11502 0.383991018717533
48968.62734 0.38311489813394
48982.13965 0.382240391299267
48995.65197 0.381370801730897
49009.16428 0.380504672044599
49022.6766 0.379639935204373
49036.18891 0.378777125633572
49049.70122 0.377919573154201
49063.21354 0.377068777705779
49076.72585 0.376223189681065
49090.23817 0.375378949023694
49103.75048 0.374535702762599
49117.2628 0.373697078431083
49130.77511 0.372862039730551
49144.28742 0.372027834701614
49157.79974 0.371189367414735
49171.31205 0.370345752432554
49184.82437 0.369497351029105
49198.33668 0.368644774575235
49211.849 0.367779862641685
49225.36131 0.366900047427682
49238.87363 0.366004313853569
49252.38594 0.365091812919085
49265.89825 0.364164020094047
49279.41057 0.363212218450487
49292.92288 0.362233743390011
49306.4352 0.361223615503973
49319.94751 0.360182104262139
49333.45983 0.359108570251212
49346.97214 0.357993018673595
49360.48445 0.356834010952897
49373.99677 0.355619556321863
49387.50908 0.35435517592583
49401.0214 0.353033671939469
49414.53371 0.351824982912462
49428.04603 0.350583196608302
49441.55834 0.349053039023266
49455.07066 0.347453211088814
49468.58297 0.345769412050872
49482.09528 0.344006792760453
49495.6076 0.342153877598271
49509.11991 0.340208981729515
49522.63223 0.338176672291863
49536.14454 0.336044936978441
49549.65686 0.333824762516949
49563.16917 0.331494381021045
49576.68148 0.329066746583427
49590.1938 0.326535308468537
49603.70611 0.32390277171068
49617.21843 0.321172592736187
49630.73074 0.318330806101949
49644.24306 0.315395319280737
49657.75537 0.312348611716686
49671.26769 0.309212997006305
49684.78 0.305977306899831
49698.29231 0.302646057861478
49711.80463 0.299229250901923
49725.31694 0.295717842245674
49738.82926 0.29213391131479
49752.34157 0.288457173100048
49765.85389 0.284711160142562
49779.3662 0.280885060540435
49792.87852 0.276993175168654
49806.39083 0.273040275704996
49819.90314 0.26902500140426
49833.41546 0.264962474607116
49846.92777 0.260839333287698
49860.44009 0.256683515946757
49873.9524 0.2524848568961
49887.46472 0.248259911202661
49900.97703 0.244006243436497
49914.48934 0.239727966590472
49928.00166 0.235437086776592
49941.51397 0.231129760241856
49955.02629 0.226826111052733
49968.5386 0.222512354795797
49982.05092 0.218205282251778
49995.56323 0.213901460166262
50009.07555 0.209632133582215
50022.58786 0.205389152497549
50036.10017 0.201160826637745
50049.61249 0.19695642672621
50063.1248 0.192769230964695
50076.63712 0.188617242950318
50090.14943 0.184693424200977
50103.66175 0.180600928436322
50117.17406 0.176542194701037
50130.68637 0.172520796794113
50144.19869 0.16854164759567
50157.711 0.164602708159098
50171.22332 0.160711371909905
50184.73563 0.156860327114569
50198.24795 0.153059340803068
50211.76026 0.149303521193653
50225.27258 0.145599405069868
50238.78489 0.141943909870749
50252.2972 0.138337047153078
50265.80952 0.13478028375125
50279.32183 0.131270564131953
50292.83415 0.127814243956108
50306.34646 0.124403360054691
50319.85878 0.121043932095608
50333.37109 0.117727777967893
50346.88341 0.114460449650495
50360.39572 0.111239346933533
50373.90803 0.108065523441256
50387.42035 0.10493871257413
50400.93266 0.101855101852975
50414.44498 0.0988200206609305
50427.95729 0.095826896424111
50441.46961 0.0928846184114729
50454.98192 0.0899837843241898
50468.49423 0.0871305034263102
50482.00655 0.0843200049963849
50495.51886 0.0815554461468517
50509.03118 0.0788364208395066
50522.54349 0.0761612132567146
50536.05581 0.0735327888491064
50549.56812 0.0709456410183054
50563.08044 0.0684081572876331
50576.59275 0.0659129466340506
50590.10506 0.063467996144112
50603.61738 0.0610660123664988
50617.12969 0.058712489621252
50630.64201 0.0564063824047976
50644.15432 0.0541652579492776
50657.66664 0.0519730912314658
50671.17895 0.0498281004137924
50684.69126 0.0477350997291767
50698.20358 0.0456899423696671
50711.71589 0.0437004886851118
50725.22821 0.0417618318893393
50738.74052 0.0398797810282421
50752.25284 0.038050299154879
50765.76515 0.0362769379660093
50779.27747 0.0345935937699381
50792.78978 0.0329323008351981
50806.30209 0.0313249191164483
50819.81441 0.0297725954964118
50833.32672 0.0282772950701892
50846.83904 0.0268361087528621
50860.35135 0.0254521781576347
50873.86367 0.0241221751207164
50887.37598 0.0228478711427716
50900.88829 0.0216265312850201
50914.40061 0.0204588742244492
50927.91292 0.0193432581793205
50941.42524 0.0182791387142582
50954.93755 0.0172652031228984
50968.44987 0.0162997601744397
50981.96218 0.0153819292661807
50995.4745 0.0145096413149995
