"wave" "response"
20004.66386 1.43891008458395e-15
20020.74478 9.4094432642878e-16
20036.8257 6.54361571790194e-16
20052.90662 4.07135822418022e-16
20068.98754 3.34664687495676e-16
20085.06846 3.59632564826973e-16
20101.14938 1.82293726946794e-16
20117.2303 3.60808868020064e-17
20133.31122 1.76166124612414e-17
20149.39214 5.88331657781424e-17
20165.47306 7.6608605554106e-17
20181.55398 1.91454699223986e-17
20197.6349 1.94433904365118e-17
20213.71582 6.96784904964196e-17
20229.79674 9.42262347412228e-17
20245.87766 6.58446694379377e-17
20261.95858 3.06250632042292e-17
20278.03949 2.04677516738333e-17
20294.12041 9.07877460349508e-18
20310.20133 7.7370776601905e-18
20326.28225 5.60217214867349e-18
20342.36317 9.53168125642189e-18
20358.44409 1.24063419797172e-18
20374.52501 3.78137829500749e-18
20390.60593 1.28954077503395e-18
20406.68685 1.6773354121605e-19
20422.76777 7.43110889524559e-19
20438.84869 1.39104498998614e-17
20454.92961 2.61257914543012e-17
20471.01053 3.11611490768063e-17
20487.09145 5.08314274500509e-17
20503.17237 8.0626602531194e-17
20519.25329 1.61225815730906e-17
20535.33421 3.78982062094927e-18
20551.41513 1.78793841638771e-18
20567.49605 2.06133256537572e-18
20583.57697 5.60607192949357e-19
20599.65788 5.78714775279469e-20
20615.7388 9.54540961845075e-20
20631.81972 2.07158131936719e-18
20647.90064 2.08149152701242e-18
20663.98156 3.0119934761338e-18
20680.06248 4.95539132241099e-18
20696.1434 8.6517303243526e-18
20712.22432 4.88780555964692e-17
20728.30524 5.26207046504458e-17
20744.38616 3.7797779704827e-17
20760.46708 1.92795202910133e-17
20776.548 1.75850768176185e-17
20792.62892 2.33609807555042e-17
20808.70984 2.01266469309613e-17
20824.79076 8.96486989825504e-19
20840.87168 1.60893195028147e-19
20856.9526 1.65445915075518e-18
20873.03352 6.13773336818908e-17
20889.11444 2.15672218800022e-18
20905.19536 2.6717693788803e-19
20921.27627 2.58333166325156e-18
20937.35719 1.06847029890678e-16
20953.43811 6.42269469187092e-17
20969.51903 1.62564962608999e-16
20985.59995 1.59839969535796e-16
21001.68087 9.20260124230614e-17
21017.76179 4.5380692682878e-17
21033.84271 2.51615069429419e-16
21049.92363 1.13311713260722e-16
21066.00455 1.67584375808761e-17
21082.08547 5.3401996460591e-17
21098.16639 2.36093064750103e-16
21114.24731 6.84660183550269e-16
21130.32823 2.24442593312361e-17
21146.40915 2.49031237418031e-18
21162.49007 4.83485697907079e-18
21178.57099 1.08102286248779e-17
21194.65191 5.15983797873363e-17
21210.73283 6.46944238981472e-16
21226.81375 7.34303824333176e-16
21242.89466 1.00869288665089e-15
21258.97558 1.44447607900182e-15
21275.0565 2.27917781609078e-15
21291.13742 4.74468267713328e-16
21307.21834 1.1468468634787e-17
21323.29926 2.82818222538521e-18
21339.38018 7.94063137959232e-17
21355.4611 1.18146777454774e-15
21371.54202 2.97524316877627e-17
21387.62294 2.09920360613321e-18
21403.70386 6.31669418980407e-18
21419.78478 2.8323046859192e-17
21435.8657 4.25491143527622e-17
21451.94662 1.41409809744812e-16
21468.02754 2.15342978753473e-16
21484.10846 3.62997715989182e-16
21500.18938 1.25724641711832e-15
21516.2703 1.21208182035892e-15
21532.35122 9.74305450347704e-16
21548.43214 2.33032491301566e-16
21564.51305 1.1013310433349e-16
21580.59397 2.36411696460739e-17
21596.67489 9.17245955423678e-18
21612.75581 5.42795026414583e-18
21628.83673 2.28373616856448e-18
21644.91765 4.90633628680966e-18
21660.99857 1.1669942033018e-16
21677.07949 1.47283278725859e-15
21693.16041 2.83397877716954e-16
21709.24133 3.47093296629726e-16
21725.32225 7.73110324129107e-17
21741.40317 7.52777107391336e-16
21757.48409 2.6372192278072e-15
21773.56501 3.01443785234302e-15
21789.64593 4.00964276525333e-15
21805.72685 2.66084243637119e-15
21821.80777 1.7478415617953e-15
21837.88869 7.05979564288961e-16
21853.96961 8.48817758711384e-16
21870.05053 3.30551589595367e-16
21886.13145 1.77354282017824e-16
21902.21236 3.6370979980465e-16
21918.29328 6.55537441230586e-16
21934.3742 1.21158080907298e-15
21950.45512 1.20553186342738e-15
21966.53604 2.0771259444642e-15
21982.61696 3.00279289910589e-16
21998.69788 1.29324879854281e-15
22014.7788 3.47140274473167e-15
22030.85972 3.14759943584529e-15
22046.94064 3.89534263276101e-15
22063.02156 1.24950635548324e-15
22079.10248 8.43218681604548e-16
22095.1834 5.36098326695523e-16
22111.26432 1.81120284893229e-15
22127.34524 3.97405486445107e-15
22143.42616 2.83020375956129e-15
22159.50708 2.21561220257226e-15
22175.588 3.69877342250621e-16
22191.66892 1.59472196461934e-16
22207.74984 8.35739701410156e-17
22223.83075 4.21334918381724e-17
22239.91167 4.1255823226507e-17
22255.99259 1.10927470585268e-16
22272.07351 2.79072838601086e-16
22288.15443 1.33391301761449e-15
22304.23535 1.3982418761263e-14
22320.31627 1.87464317634154e-14
22336.39719 2.07174977086279e-14
22352.47811 1.99646064040174e-14
22368.55903 2.8782244525773e-14
22384.63995 9.56904596326806e-14
22400.72087 3.48176724590683e-14
22416.80179 1.57975172046568e-14
22432.88271 6.36182702913857e-15
22448.96363 1.48447577664974e-15
22465.04455 8.73294246160091e-16
22481.12547 3.17884366834347e-16
22497.20639 1.38970611856972e-16
22513.28731 2.10410229250038e-16
22529.36823 6.71696037352124e-16
22545.44914 1.3523468161733e-15
22561.53006 5.31096066600768e-16
22577.61098 2.84071264932989e-16
22593.6919 5.34487883132279e-16
22609.77282 2.73261373468151e-15
22625.85374 1.72725788806856e-14
22641.93466 1.07423243842871e-13
22658.01558 8.945766853842e-13
22674.0965 6.19555963209726e-13
22690.17742 4.6433468105292e-13
22706.25834 2.99407359531761e-13
22722.33926 2.63295628059055e-13
22738.42018 5.48860933122871e-13
22754.5011 9.24809785786601e-14
22770.58202 3.24579852181429e-14
22786.66294 2.04170945231051e-14
22802.74386 9.77521937624861e-15
22818.82478 9.33859970230225e-15
22834.9057 2.39035393750815e-14
22850.98662 1.51642643025999e-13
22867.06753 3.39188187640217e-13
22883.14845 3.49502155576531e-13
22899.22937 7.90782955788058e-13
22915.31029 9.52269875006899e-13
22931.39121 1.63455269964946e-12
22947.47213 1.26851738259682e-12
22963.55305 5.82730677272671e-13
22979.63397 5.93269591121872e-13
22995.71489 7.346199405752e-13
23011.79581 9.65499803990976e-13
23027.87673 3.82168854521768e-13
23043.95765 5.12413874359494e-14
23060.03857 4.10077396244532e-13
23076.11949 1.26238073341883e-13
23092.20041 3.39025861011586e-14
23108.28133 7.90175886510948e-14
23124.36225 5.95840669740691e-13
23140.44317 6.44993822482187e-12
23156.52409 3.31170605918733e-12
23172.60501 4.83481925685213e-13
23188.68592 1.86222262714456e-13
23204.76684 1.84054570393475e-12
23220.84776 2.87752350268113e-11
23236.92868 3.11665439231265e-11
23253.0096 7.25814810117627e-12
23269.09052 4.82310754363945e-12
23285.17144 5.75901100154229e-12
23301.25236 1.23179117792947e-11
23317.33328 4.47847645378633e-11
23333.4142 1.09748817108107e-10
23349.49512 4.42708333446984e-10
23365.57604 1.16393090807851e-10
23381.65696 9.96308899900497e-12
23397.73788 1.75931922478049e-12
23413.8188 2.53160820743801e-11
23429.89972 4.59321156115872e-10
23445.98064 5.52570538430195e-10
23462.06156 3.55778423213337e-11
23478.14248 2.75601680169514e-12
23494.2234 1.66233978513541e-11
23510.30431 2.45273684304441e-10
23526.38523 1.38513685767383e-09
23542.46615 1.09019652883629e-10
23558.54707 9.01027024283678e-12
23574.62799 7.59303942959706e-12
23590.70891 7.58084488553728e-11
23606.78983 9.1330164189571e-10
23622.87075 1.09655506068199e-09
23638.95167 1.22625382499575e-09
23655.03259 1.92890324024e-09
23671.11351 2.28936038483757e-10
23687.19443 3.10142835743911e-11
23703.27535 5.23414355743533e-11
23719.35627 9.145910703676e-10
23735.43719 1.63555649730998e-08
23751.51811 4.1029879694809e-09
23767.59903 3.46809563816442e-10
23783.67995 4.64195628562919e-11
23799.76087 6.4039175021541e-10
23815.84179 1.00204763174043e-08
23831.92271 2.41729178876646e-08
23848.00362 2.25347607455723e-09
23864.08454 2.32128561661438e-10
23880.16546 5.18913531017431e-10
23896.24638 6.96177541469452e-09
23912.3273 9.9407084198771e-08
23928.40822 6.76645172651719e-08
23944.48914 8.48698276756175e-08
23960.57006 9.53075350776847e-08
23976.65098 9.44304389168372e-09
23992.7319 1.14306409312801e-09
24008.81282 1.22370820739447e-09
24024.89374 1.87052873016196e-08
24040.97466 2.88931744964441e-07
24057.05558 1.72578024480193e-07
24073.1365 1.45887599072237e-08
24089.21742 1.25564582846305e-09
24105.29834 8.50753247878348e-09
24121.37926 1.41623745955322e-07
24137.46018 1.8170018879453e-06
24153.5411 1.30611618104832e-07
24169.62201 9.87884327348401e-09
24185.70293 2.69114500904359e-09
24201.78385 3.10928978385361e-08
24217.86477 4.41433173528177e-07
24233.94569 6.35192664146346e-07
24250.02661 5.08466768750342e-08
24266.10753 5.00263250381838e-09
24282.18845 2.48100671092836e-09
24298.26937 2.61478338422646e-09
24314.35029 2.76146074289009e-09
24330.43121 1.93492025611884e-08
24346.51213 2.51774511730375e-07
24362.59305 3.33912734932926e-06
24378.67397 3.48134133012116e-07
24394.75489 2.87456885985966e-08
24410.83581 4.48348060553131e-09
24426.91673 6.24565786934316e-08
24442.99765 8.81583947411991e-07
24459.07857 3.71894739743815e-06
24475.15949 2.7185928484387e-07
24491.2404 2.03972164724084e-08
24507.32132 8.41931185615024e-09
24523.40224 9.51573559253477e-08
24539.48316 1.21148694429884e-06
24555.56408 2.21912236733785e-06
24571.645 9.10340503324255e-07
24587.72592 5.71806326985013e-07
24603.80684 1.3574585446638e-07
24619.88776 3.69294926005201e-08
24635.96868 1.55056421264711e-07
24652.0496 4.04490560595078e-07
24668.13052 7.68544647025883e-07
24684.21144 2.6693894311838e-06
24700.29236 6.76388300888722e-07
24716.37328 5.99587309577605e-08
24732.4542 5.9346621334062e-09
24748.53512 3.12515820907011e-08
24764.61604 3.85996510342538e-07
24780.69696 4.84775204347406e-06
24796.77788 7.2619223912574e-07
24812.85879 5.91797011318568e-08
24828.93971 4.93458977805692e-09
24845.02063 3.94518889222335e-08
24861.10155 4.77576124796153e-07
24877.18247 5.97872852211708e-06
24893.26339 1.28748647318156e-06
24909.34431 5.80203505899888e-07
24925.42523 3.64822722344115e-07
24941.50615 5.07302803553927e-07
24957.58707 9.17473728094736e-07
24973.66799 3.63556859335218e-06
24989.74891 3.10412812422355e-06
24997.78162 2.20649843912849e-06
25011.29393 1.01804823290336e-06
25024.80624 1.21635791588184e-06
25038.31856 1.63277710852257e-06
25051.83087 7.12790411286963e-07
25065.34319 9.18089261703657e-07
25078.8555 1.05167008365545e-06
25092.36782 5.51614070676427e-07
25105.88013 8.4984819537928e-08
25119.39244 8.47984396983632e-07
25132.90476 1.25333196130487e-06
25146.41707 1.37681171640349e-06
25159.92939 1.37234592577357e-06
25173.4417 5.67222568915479e-07
25186.95402 9.35463479836925e-07
25200.46633 1.4303455281283e-06
25213.97865 4.52771212153866e-07
25227.49096 6.07965896630791e-07
25241.00327 1.99348969673434e-06
25254.51559 1.20037171208078e-06
25268.0279 9.11485210624403e-07
25281.54022 6.32547975668269e-07
25295.05253 5.1224570739804e-08
25308.56485 8.19686778041938e-07
25322.07716 4.48172706037589e-07
25335.58948 2.37262021546105e-06
25349.10179 1.44660906611386e-06
25362.6141 1.0714260767456e-06
25376.12642 1.15922387388119e-06
25389.63873 1.15252425943888e-06
25403.15105 1.37155094035961e-06
25416.66336 3.48745894714529e-06
25430.17568 2.70636568157167e-06
25443.68799 2.05750733491925e-06
25457.2003 1.58613595565122e-06
25470.71262 4.331151178257e-07
25484.22493 8.5353077242079e-07
25497.73725 1.08837317559955e-06
25511.24956 1.39415901673723e-06
25524.76188 5.12484037667545e-08
25538.27419 1.3427471092341e-06
25551.78651 2.09915717607569e-06
25565.29882 2.05457673404372e-06
25578.81113 1.94140985493532e-06
25592.32345 3.25814533713795e-06
25605.83576 2.47053887428978e-07
25619.34808 3.27804662849773e-07
25632.86039 1.38315188790348e-06
25646.37271 1.53949243855613e-06
25659.88502 2.73703635337908e-06
25673.39733 3.72559807229358e-06
25686.90965 1.15272572484058e-06
25700.42196 1.46385586971795e-06
25713.93428 1.43355686230819e-06
25727.44659 1.28514790496155e-06
25740.95891 1.00930076226691e-06
25754.47122 1.61981711100613e-06
25767.98354 1.33437590942197e-06
25781.49585 1.5479521889336e-06
25795.00816 3.05273498975e-06
25808.52048 3.41014485736021e-06
25822.03279 2.20562334600643e-06
25835.54511 2.17451269390446e-06
25849.05742 2.84803525935995e-06
25862.56974 3.79291283032101e-06
25876.08205 1.5043283628542e-06
25889.59437 1.87456650197497e-06
25903.10668 2.64703008287786e-06
25916.61899 2.67229486943865e-06
25930.13131 2.27526305209823e-06
25943.64362 1.72433624246346e-06
25957.15594 3.64920106899745e-06
25970.66825 2.92481627537864e-06
25984.18057 1.8434713178385e-06
25997.69288 2.00641188927938e-06
26011.20519 1.6468640322914e-06
26024.71751 1.11320641235511e-06
26038.22982 1.16382139136224e-06
26051.74214 4.15326624957479e-06
26065.25445 1.7468375621713e-06
26078.76677 2.27603810963288e-06
26092.27908 2.22558762484341e-06
26105.7914 4.52364590996375e-06
26119.30371 2.05096108955682e-06
26132.81602 1.59473780591355e-06
26146.32834 6.57247952691649e-07
26159.84065 4.83428391067605e-08
26173.35297 1.05571180092261e-06
26186.86528 2.31384106951053e-06
26200.3776 4.51733486270014e-08
26213.88991 7.12529473910807e-07
26227.40222 4.15536908912031e-09
26240.91454 5.63897774734697e-07
26254.42685 2.28824579767382e-06
26267.93917 1.26945720337303e-06
26281.45148 1.00623819315471e-06
26294.9638 8.28930256738414e-07
26308.47611 5.32319276095105e-07
26321.98843 1.75641357842637e-06
26335.50074 4.39472628080371e-07
26349.01305 1.59423441708185e-06
26362.52537 1.27699132034147e-06
26376.03768 1.63906942827185e-07
26389.55 1.46492651102581e-06
26403.06231 6.96483473909972e-07
26416.57463 7.37696976708699e-07
26430.08694 1.58956819419891e-06
26443.59925 3.06610235218575e-06
26457.11157 3.19504801890569e-06
26470.62388 9.56228920598982e-07
26484.1362 1.58833096089076e-06
26497.64851 1.38081254020732e-06
26511.16083 1.55308610506253e-06
26524.67314 1.9148272303999e-06
26538.18546 3.40902189002649e-06
26551.69777 3.43549040832293e-06
26565.21008 1.29145724957681e-06
26578.7224 3.1201959971426e-06
26592.23471 3.83247773304934e-07
26605.74703 4.93185196930515e-07
26619.25934 3.90421888175131e-06
26632.77166 3.23773819101993e-06
26646.28397 1.68996923676257e-06
26659.79629 2.80860855842147e-07
26673.3086 8.09960032229072e-07
26686.82091 1.42871819088376e-06
26700.33323 6.17104909136375e-07
26713.84554 1.19140324263001e-06
26727.35786 9.71327219650901e-07
26740.87017 4.21651214374964e-07
26754.38249 1.99699242604049e-06
26767.8948 2.51119605430345e-06
26781.40711 1.69508213629535e-06
26794.91943 1.11915941572662e-06
26808.43174 1.33303397284102e-06
26821.94406 1.30469070737827e-06
26835.45637 1.77829122344072e-06
26848.96869 2.03775341249947e-06
26862.481 3.20233905718881e-06
26875.99332 2.04730692850758e-06
26889.50563 1.33083513141604e-06
26903.01794 4.60748300063894e-07
26916.53026 1.61084736523893e-06
26930.04257 2.01850183554567e-06
26943.55489 2.51265046120276e-06
26957.0672 4.51252237558196e-07
26970.57952 1.71171567088636e-06
26984.09183 2.07356386300748e-06
26997.60414 1.854131325762e-06
27011.11646 1.45338343542092e-06
27024.62877 1.01211527253069e-06
27038.14109 4.0942256589566e-07
27051.6534 1.21636179958783e-06
27065.16572 1.46538449260528e-07
27078.67803 1.42629521126518e-06
27092.19035 9.74057758896609e-07
27105.70266 9.42351498614508e-07
27119.21497 1.47372486123873e-06
27132.72729 1.80373834904245e-06
27146.2396 1.56761283451402e-06
27159.75192 1.28646801472813e-06
27173.26423 8.25864293191837e-07
27186.77655 1.39331812751588e-06
27200.28886 7.01446473824002e-08
27213.80117 3.37420106001796e-07
27227.31349 5.8467999295198e-07
27240.8258 1.34980177273208e-06
27254.33812 7.74789522945996e-07
27267.85043 2.17247808871486e-06
27281.36275 1.31743733450359e-06
27294.87506 7.38630411082984e-07
27308.38738 1.83333853815468e-06
27321.89969 2.1201769530355e-06
27335.412 2.70248599300244e-06
27348.92432 2.78304987500246e-06
27362.43663 1.74658597374635e-06
27375.94895 5.51154364128638e-07
27389.46126 2.80900806727679e-07
27402.97358 3.84986620798962e-07
27416.48589 2.47428972904086e-06
27429.99821 2.86847537956346e-06
27443.51052 1.94146829578439e-06
27457.02283 1.29233336705052e-06
27470.53515 1.52482955829021e-07
27484.04746 4.14108618788077e-09
27497.55978 4.13923518905313e-09
27511.07209 2.88491550067011e-07
27524.58441 5.2460250169896e-09
27538.09672 9.19178721275498e-07
27551.60903 1.2794062381131e-06
27565.12135 5.88331538565018e-07
27578.63366 5.20558285678435e-07
27592.14598 3.83460061258855e-07
27605.65829 4.88817495810886e-07
27619.17061 2.08494517964368e-07
27632.68292 1.2333753160663e-06
27646.19524 1.96167451710169e-06
27659.70755 1.0269400413862e-06
27673.21986 4.1915871183771e-09
27686.73218 3.01163544510953e-07
27700.24449 1.44760801062383e-06
27713.75681 2.04084521873895e-06
27727.26912 2.20656621726171e-06
27740.78144 2.59991387897493e-06
27754.29375 1.55374577165967e-06
27767.80606 8.06802226963987e-07
27781.31838 3.56294884630761e-06
27794.83069 3.84188334711788e-06
27808.34301 2.48577732477883e-06
27821.85532 3.05629336265125e-06
27835.36764 3.80643965237381e-06
27848.87995 4.06154661169098e-06
27862.39227 3.93989549520585e-06
27875.90458 3.70979349926384e-06
27889.41689 3.13012379250524e-06
27902.92921 3.59384911944685e-06
27916.44152 1.64403291544035e-06
27929.95384 2.09476451426942e-06
27943.46615 1.37502617065364e-06
27956.97847 1.72299623478915e-06
27970.49078 1.58917823283625e-06
27984.00309 2.08210599556913e-06
27997.51541 1.52799214545467e-06
28011.02772 1.57299399527644e-06
28024.54004 1.69160793059678e-06
28038.05235 8.89972923962442e-09
28051.56467 4.43488869964138e-07
28065.07698 1.50208992795765e-06
28078.5893 9.1314567397124e-07
28092.10161 1.68772565436646e-06
28105.61392 1.87133709312831e-06
28119.12624 5.5663113034946e-07
28132.63855 7.29318259200263e-07
28146.15087 4.90931697318182e-07
28159.66318 4.20197727552235e-09
28173.1755 6.30462260462283e-07
28186.68781 8.2210837197286e-07
28200.20013 4.64366110176231e-07
28213.71244 6.16444757491672e-08
28227.22475 9.98874804093586e-07
28240.73707 1.58186018082924e-06
28254.24938 8.04232991462661e-07
28267.7617 5.19984095702758e-09
28281.27401 4.01424141666887e-07
28294.78633 2.80099913596585e-06
28308.29864 2.69182453485716e-06
28321.81095 1.58630880657794e-06
28335.32327 8.02225030473947e-07
28348.83558 1.10207119377634e-06
28362.3479 3.27550785370241e-06
28375.86021 2.033419643069e-06
28389.37253 1.45440861143043e-06
28402.88484 9.21786075425487e-07
28416.39716 1.16706903399937e-06
28429.90947 3.14460876135702e-06
28443.42178 2.50679962923171e-06
28456.9341 1.90047064626096e-06
28470.44641 3.98201743061846e-06
28483.95873 3.6202813784891e-06
28497.47104 2.26374517550242e-06
28510.98336 1.94245432706274e-06
28524.49567 3.21441972897526e-06
28538.00798 2.60771619291279e-06
28551.5203 1.80944970890966e-06
28565.03261 4.54927405112039e-06
28578.54493 5.40907329972528e-06
28592.05724 4.35911011037471e-06
28605.56956 6.04500396909534e-06
28619.08187 5.47775475543997e-06
28632.59419 6.01794570413205e-06
28646.1065 4.48888717873466e-06
28659.61881 3.36499065006462e-06
28673.13113 4.04656808601839e-06
28686.64344 4.47888350792613e-06
28700.15576 5.21858379007496e-06
28713.66807 3.65181369714061e-06
28727.18039 2.0171877407998e-06
28740.6927 2.09086779761107e-06
28754.20501 4.51251681088223e-06
28767.71733 4.38376126854809e-06
28781.22964 5.38190975579559e-06
28794.74196 5.64408684992591e-06
28808.25427 2.45867872918598e-06
28821.76659 3.63938074765325e-06
28835.2789 3.69334842107639e-06
28848.79122 2.94630230231179e-06
28862.30353 3.2503044252658e-06
28875.81584 1.13134854791062e-06
28889.32816 2.64810661516424e-06
28902.84047 2.8173879170389e-06
28916.35279 2.40862569745428e-06
28929.8651 2.44511131689099e-06
28943.37742 1.24745423917835e-06
28956.88973 1.44720544235717e-06
28970.40205 1.54289021832734e-06
28983.91436 1.98945781882505e-06
28997.42667 2.52664674129056e-06
29010.93899 1.40859159042219e-06
29024.4513 2.99785450456331e-06
29037.96362 4.64079612141457e-06
29051.47593 3.74730307627807e-06
29064.98825 3.94520462595979e-06
29078.50056 3.15921050782785e-06
29092.01287 5.65418003460808e-06
29105.52519 5.17065548880681e-06
29119.0375 3.43789200197613e-06
29132.54982 2.76860518274566e-06
29146.06213 7.81732735514058e-06
29159.57445 8.2966227398366e-06
29173.08676 7.55195610451083e-06
29186.59908 6.12090900161564e-06
29200.11139 6.82643352203656e-06
29213.6237 9.83657236610182e-06
29227.13602 6.71601551390393e-06
29240.64833 4.55021103378641e-06
29254.16065 6.04140756463046e-06
29267.67296 8.64356590530682e-06
29281.18528 1.03572999912543e-05
29294.69759 1.07935077627024e-05
29308.2099 1.08653003532459e-05
29321.72222 8.15028155324236e-06
29335.23453 7.56454552803891e-06
29348.74685 7.06808650256708e-06
29362.25916 5.86934669427428e-06
29375.77148 6.71967434364651e-06
29389.28379 7.76208800165406e-06
29402.79611 9.22162410389737e-06
29416.30842 5.48233616141448e-06
29429.82073 6.66987054444998e-06
29443.33305 6.46075059411367e-06
29456.84536 4.73438622790614e-06
29470.35768 5.85952219444901e-06
29483.86999 6.48955813081137e-06
29497.38231 6.23585718827096e-06
29510.89462 4.17577332458864e-06
29524.40694 7.20491642490389e-06
29537.91925 5.08919852371937e-06
29551.43156 4.1185865902914e-06
29564.94388 2.57135273777161e-06
29578.45619 1.38705946571115e-06
29591.96851 1.96771597408786e-06
29605.48082 2.61185550284523e-06
29618.99314 2.54953101583995e-06
29632.50545 1.79331528716146e-06
29646.01776 2.35982790043255e-06
29659.53008 2.16633023127942e-06
29673.04239 2.5899897836384e-06
29686.55471 1.73004542892498e-06
29700.06702 5.27841602928637e-07
29713.57934 8.15172157226936e-07
29727.09165 1.25979148611813e-06
29740.60397 2.05420052070521e-06
29754.11628 1.8134989269849e-06
29767.62859 1.05858145589959e-06
29781.14091 1.55085584350849e-06
29794.65322 4.10647197447527e-06
29808.16554 2.67271619458171e-06
29821.67785 2.46617436634233e-06
29835.19017 3.44593121685482e-06
29848.70248 5.44942337877765e-06
29862.21479 2.89818428828691e-06
29875.72711 1.49738825177049e-06
29889.23942 1.58912406738106e-06
29902.75174 2.33150306225241e-06
29916.26405 3.14235433478143e-06
29929.77637 2.26530868948209e-06
29943.28868 1.29219714513414e-06
29956.801 6.12709729407547e-07
29970.31331 8.94433495674688e-07
29983.82562 7.84033670882699e-09
29997.33794 4.9873603865811e-07
30010.85025 2.06223821023898e-06
30024.36257 1.98933331111433e-06
30037.87488 1.10292737606685e-06
30051.3872 8.05086753118973e-07
30064.89951 6.82684217581545e-07
30078.41182 9.09802458972951e-07
30091.92414 3.09763343410008e-06
30105.43645 2.97939504560079e-06
30118.94877 4.77144250454872e-06
30132.46108 5.48671948841592e-06
30145.9734 6.0066132308188e-06
30159.48571 4.43957491922354e-06
30172.99803 5.3704957218278e-06
30186.51034 5.07692986237946e-06
30200.02265 4.35963437444916e-06
30213.53497 4.61007455765463e-06
30227.04728 4.62481291358482e-06
30240.5596 7.00606370019875e-06
30254.07191 6.95530368942188e-06
30267.58423 6.6184034443596e-06
30281.09654 5.56631758746679e-06
30294.60886 9.21217625592618e-06
30308.12117 1.18963918391075e-05
30321.63348 1.12216356758704e-05
30335.1458 1.07413061515768e-05
30348.65811 1.23609961752182e-05
30362.17043 1.02337771201884e-05
30375.68274 8.984912061012e-06
30389.19506 9.79683291123294e-06
30402.70737 6.83816748522662e-06
30416.21968 4.25781695401306e-06
30429.732 2.89743328388773e-06
30443.24431 2.77849202889071e-06
30456.75663 2.56891700686775e-06
30470.26894 4.15390560454722e-06
30483.78126 2.37330093280958e-06
30497.29357 2.10844260618125e-06
30510.80589 1.55555190626739e-06
30524.3182 2.36850803093979e-06
30537.83051 2.79385007138295e-06
30551.34283 4.05417691773194e-06
30564.85514 2.91326461123491e-06
30578.36746 6.68114325945365e-06
30591.87977 4.98759289504478e-06
30605.39209 6.08693369479833e-06
30618.9044 6.11071611969785e-06
30632.41671 6.99425248124015e-06
30645.92903 6.72955332684337e-06
30659.44134 8.16550088523151e-06
30672.95366 6.46734363961211e-06
30686.46597 6.32762694258466e-06
30699.97829 3.88928966973849e-06
30713.4906 3.56725093299444e-06
30727.00292 4.13700213286269e-06
30740.51523 6.71820682974587e-06
30754.02754 7.24776279023194e-06
30767.53986 5.96479739652124e-06
30781.05217 5.1497122531177e-06
30794.56449 4.52704047030058e-06
30808.0768 4.82817083646739e-06
30821.58912 3.51876837146091e-06
30835.10143 4.95649450751188e-06
30848.61374 4.69575371171746e-06
30862.12606 4.94784958204765e-06
30875.63837 3.50438321430142e-06
30889.15069 4.87377441872395e-06
30902.663 3.36179374892403e-06
30916.17532 4.58634532260518e-06
30929.68763 5.11183797755779e-06
30943.19995 4.87056872391093e-06
30956.71226 2.5252257010459e-06
30970.22457 2.7038947392396e-06
30983.73689 2.08178419614962e-06
30997.2492 3.18678935004029e-06
31010.76152 1.7449285862222e-06
31024.27383 1.52853336739023e-06
31037.78615 1.27928906744396e-06
31051.29846 2.34048815250348e-06
31064.81078 1.55816123825484e-06
31078.32309 1.2254045521288e-06
31091.8354 2.01502607355391e-06
31105.34772 2.88057568652474e-06
31118.86003 1.79586337812288e-06
31132.37235 2.10246723664861e-06
31145.88466 3.44046709821607e-06
31159.39698 4.57523655477412e-06
31172.90929 7.52516515077214e-06
31186.4216 1.17034994052797e-05
31199.93392 1.33957714187589e-05
31213.44623 1.13653071710376e-05
31226.95855 8.09881395698974e-06
31240.47086 5.46431588365028e-06
31253.98318 1.47232003583829e-06
31267.49549 1.22805951046801e-06
31281.00781 9.94883665444278e-07
31294.52012 1.72434424759298e-06
31308.03243 1.22810095011774e-06
31321.54475 6.15401518232222e-06
31335.05706 7.97308188863498e-06
31348.56938 1.34359558232925e-05
31362.08169 1.62576350916801e-05
31375.59401 2.45279396234635e-05
31389.10632 2.83229635885022e-05
31402.61863 3.49356882777944e-05
31416.13095 2.9332256772423e-05
31429.64326 2.64722728541017e-05
31443.15558 1.59849221734084e-05
31456.66789 1.26740520998324e-05
31470.18021 6.90114442816751e-06
31483.69252 6.641648181735e-06
31497.20484 5.44905513997625e-06
31510.71715 6.31965071944521e-06
31524.22946 6.09056733396703e-06
31537.74178 7.89470422601528e-06
31551.25409 8.02224876739227e-06
31564.76641 8.86648004343097e-06
31578.27872 1.06645225617274e-05
31591.79104 1.17174192613491e-05
31605.30335 1.10722036991624e-05
31618.81566 1.04432248132706e-05
31632.32798 1.25150643339056e-05
31645.84029 1.57539308451179e-05
31659.35261 2.10695656446619e-05
31672.86492 2.36917255059767e-05
31686.37724 3.28581508722241e-05
31699.88955 3.94776043287827e-05
31713.40187 4.98972738718422e-05
31726.91418 5.23667591454491e-05
31740.42649 5.8571033678254e-05
31753.93881 5.70695437342007e-05
31767.45112 6.46192570273048e-05
31780.96344 5.93112983418994e-05
31794.47575 6.6870329033614e-05
31807.98807 6.04858899697524e-05
31821.50038 6.85403623580107e-05
31835.0127 6.87182632768074e-05
31848.52501 8.83783529096834e-05
31862.03732 0.000103352690652954
31875.54964 0.000141048473768416
31889.06195 0.000173731687111313
31902.57427 0.000221757136000718
31916.08658 0.000261401648503958
31929.5989 0.000318318385719248
31943.11121 0.000385079156968546
31956.62352 0.000481220137677361
31970.13584 0.000608596611151581
31983.64815 0.000782357867263252
31997.16047 0.0010299449628724
32010.67278 0.00136455828133132
32024.1851 0.00185483478110298
32037.69741 0.0025477377904238
32051.20973 0.00359682486052557
32064.72204 0.00517128782741221
32078.23435 0.00769131455822477
32091.74667 0.0117243231607242
32105.25898 0.018574764127356
32118.7713 0.0302581573899187
32132.28361 0.0502024507901511
32145.79593 0.0825820887703147
32159.30824 0.12963540535271
32172.82055 0.18616438463906
32186.33287 0.234505968407489
32199.84518 0.265164450693306
32213.3575 0.275980288114546
32226.86981 0.275376258000749
32240.38213 0.272539137599306
32253.89444 0.272296275381071
32267.40676 0.276237242554568
32280.91907 0.283767738052835
32294.43138 0.293616785080937
32307.9437 0.303609796210876
32321.45601 0.311908861807797
32334.96833 0.31693256254093
32348.48064 0.318518776399073
32361.99296 0.317343814862181
32375.50527 0.314336716998761
32389.01759 0.310972372348069
32402.5299 0.308443039815655
32416.04221 0.307637758721727
32429.55453 0.308757754235012
32443.06684 0.311246374493372
32456.57916 0.31369548048647
32470.09147 0.312941002833011
32483.60379 0.30666460787955
32497.1161 0.291243834718515
32510.62841 0.266750552476489
32524.14073 0.235325345409038
32537.65304 0.199068344362449
32551.16536 0.162577667191936
32564.67767 0.129232051974842
32578.18999 0.100590522781631
32591.7023 0.0772335718929561
32605.21462 0.058933216682891
32618.72693 0.0448286474304967
32632.23924 0.0341185621865356
32645.75156 0.0260283653939872
32659.26387 0.0199105340240089
32672.77619 0.0153232077689906
32686.2885 0.0118317417801649
32699.80082 0.0091910627889352
32713.31313 0.00715808335655855
32726.82544 0.0056214895663517
32740.33776 0.00442694121635163
32753.85007 0.00352015214457469
32767.36239 0.00281438833837611
32780.8747 0.00226201945034963
32794.38702 0.00183534723217842
32807.89933 0.00148645864338121
32821.41165 0.00122301644994054
32834.92396 0.00099546049709226
32848.43627 0.000827934410014999
32861.94859 0.000681360812404601
32875.4609 0.000573942258953139
32888.97322 0.000478430735884472
32902.48553 0.000404438078594607
32915.99785 0.000344457698524415
32929.51016 0.000288622623992833
32943.02247 0.00025323493947891
32956.53479 0.000215667850158121
32970.0471 0.00019798373550386
32983.55942 0.000167748848231581
32997.07173 0.000152558019794552
33010.58405 0.000132000775681847
33024.09636 0.000119888694843624
33037.60868 0.000112309392432882
33051.12099 0.000100132259557396
33064.6333 9.63026178034436e-05
33078.14562 8.14033614056103e-05
33091.65793 7.84326685820241e-05
33105.17025 6.80171661214743e-05
33118.68256 6.91320496937968e-05
33132.19488 6.21827098739828e-05
33145.70719 5.62012458624561e-05
33159.21951 5.26746609575072e-05
33172.73182 4.61887039454596e-05
33186.24413 4.57475166266282e-05
33199.75645 3.82086013309267e-05
33213.26876 4.07692357144983e-05
33226.78108 3.22068829065234e-05
33240.29339 2.93071121128763e-05
33253.80571 2.53954011656977e-05
33267.31802 2.53098886929313e-05
33280.83033 2.39073675671523e-05
33294.34265 1.88496398747286e-05
33307.85496 2.15622533026237e-05
33321.36728 1.50586994731492e-05
33334.87959 1.87918923837968e-05
33348.39191 1.63489569604267e-05
33361.90422 1.81691694258035e-05
33375.41654 1.81404580968725e-05
33388.92885 1.67738867484212e-05
33402.44116 2.25611909831504e-05
33415.95348 2.20208193063656e-05
33429.46579 2.74036995732428e-05
33442.97811 2.2016323707089e-05
33456.49042 2.05483224885193e-05
33470.00274 1.85174629689034e-05
33483.51505 1.90552219530178e-05
33497.02736 2.03357638989768e-05
33510.53968 1.62543559841435e-05
33524.05199 1.64417232849825e-05
33537.56431 9.86552355061144e-06
33551.07662 1.05808875016344e-05
33564.58894 7.340380814728e-06
33578.10125 5.23273512099755e-06
33591.61357 3.98350777586864e-06
33605.12588 3.12455673296128e-06
33618.63819 7.10133275429544e-06
33632.15051 3.25511185841754e-06
33645.66282 4.03092827740005e-06
33659.17514 1.99708043037584e-06
33672.68745 2.22446838822135e-06
33686.19977 4.3448701038855e-06
33699.71208 3.53407393138378e-06
33713.22439 3.82364873650504e-06
33726.73671 3.6795145630643e-06
33740.24902 4.85064740625347e-06
33753.76134 5.17573478686285e-06
33767.27365 6.2959395754571e-06
33780.78597 8.38047511870604e-06
33794.29828 8.22520713395145e-06
33807.8106 1.14081854014994e-05
33821.32291 9.38032298104586e-06
33834.83522 1.03957729525814e-05
33848.34754 9.02625580302198e-06
33861.85985 9.45418632076756e-06
33875.37217 9.86654345614739e-06
33888.88448 8.19117888194556e-06
33902.3968 9.80665151042559e-06
33915.90911 7.21770744108707e-06
33929.42143 8.37143976981015e-06
33942.93374 1.00196954883319e-05
33956.44605 1.00542153819208e-05
33969.95837 9.97976287804922e-06
33983.47068 8.67221072164327e-06
33996.983 8.30108293879904e-06
34010.49531 6.35954746146281e-06
34024.00763 6.07249240788341e-06
34037.51994 5.78141824563697e-06
34051.03225 5.08474574131724e-06
34064.54457 6.39727045366016e-06
34078.05688 6.50353770843283e-06
34091.5692 8.63167084411266e-06
34105.08151 8.68748797096233e-06
34118.59383 7.61398965720235e-06
34132.10614 7.98859115730513e-06
34145.61846 8.47982387352873e-06
34159.13077 1.25984217419415e-05
34172.64308 1.58656718628254e-05
34186.1554 1.76062114489471e-05
34199.66771 1.74801719650418e-05
34213.18003 1.71269689319478e-05
34226.69234 1.69858407683374e-05
34240.20466 1.52977978119703e-05
34253.71697 1.48537788860628e-05
34267.22928 1.19224700915719e-05
34280.7416 1.03737550379439e-05
34294.25391 9.41834674416283e-06
34307.76623 7.09141117041756e-06
34321.27854 8.65285694379473e-06
34334.79086 8.70974070681077e-06
34348.30317 6.72495595204967e-06
34361.81549 6.6162687338837e-06
34375.3278 7.16838728039858e-06
34388.84011 9.7325141250952e-06
34402.35243 1.07411178181897e-05
34415.86474 1.36588558888811e-05
34429.37706 1.31882477005252e-05
34442.88937 1.1426146339487e-05
34456.40169 1.28264067458145e-05
34469.914 1.31110726155795e-05
34483.42631 1.29947565854781e-05
34496.93863 9.09771623932523e-06
34510.45094 6.45627763854438e-06
34523.96326 6.34938331964345e-06
34537.47557 4.40875436840421e-06
34550.98789 4.9688371888436e-06
34564.5002 3.01134415423066e-06
34578.01252 3.29749585347733e-06
34591.52483 3.71744223450741e-06
34605.03714 3.86880449785998e-06
34618.54946 7.08928439108019e-06
34632.06177 6.6574923567988e-06
34645.57409 7.16573029748003e-06
34659.0864 7.79721278781284e-06
34672.59872 7.54243265033767e-06
34686.11103 9.98566060400711e-06
34699.62335 8.46654134486043e-06
34713.13566 1.22546357387291e-05
34726.64797 1.65820546591684e-05
34740.16029 1.56028191388387e-05
34753.6726 1.73257211411345e-05
34767.18492 1.65916457236411e-05
34780.69723 1.76704398645737e-05
34794.20955 1.66377497842751e-05
34807.72186 1.43861211194455e-05
34821.23417 1.85912357758945e-05
34834.74649 1.91557244415239e-05
34848.2588 1.98407169531257e-05
34861.77112 1.79786888857982e-05
34875.28343 1.61637095184434e-05
34888.79575 1.65214747774302e-05
34902.30806 1.30872750131976e-05
34915.82038 1.46087493807361e-05
34929.33269 1.66879641767055e-05
34942.845 1.62624019254748e-05
34956.35732 1.68217656203189e-05
34969.86963 1.63760308057787e-05
34983.38195 1.97822779902083e-05
34996.89426 2.39837093617559e-05
35010.40658 2.53761662418082e-05
35023.91889 2.9663676486006e-05
35037.4312 2.97731819771468e-05
35050.94352 3.0774635186074e-05
35064.45583 3.27608235129167e-05
35077.96815 3.39067414065228e-05
35091.48046 3.68807608398974e-05
35104.99278 3.5375162133306e-05
35118.50509 3.56734898530712e-05
35132.01741 3.66753662147215e-05
35145.52972 3.56959954181972e-05
35159.04203 3.63671158003107e-05
35172.55435 3.34954761596424e-05
35186.06666 3.31600169925122e-05
35199.57898 3.25055654682749e-05
35213.09129 2.76922660403286e-05
35226.60361 2.72301248729656e-05
35240.11592 2.75555936945755e-05
35253.62824 2.81256868034593e-05
35267.14055 2.89540266943251e-05
35280.65286 2.64628065973092e-05
35294.16518 2.65465055855198e-05
35307.67749 2.48429482880005e-05
35321.18981 2.37485663866253e-05
35334.70212 2.38546421889333e-05
35348.21444 2.20759389838075e-05
35361.72675 2.35501413697549e-05
35375.23906 2.35679950444141e-05
35388.75138 2.28889789729167e-05
35402.26369 2.28747541343932e-05
35415.77601 1.85105859201512e-05
35429.28832 1.67099693318589e-05
35442.80064 1.71312766585069e-05
35456.31295 1.77636909882641e-05
35469.82527 1.91801138280311e-05
35483.33758 1.70429181535826e-05
35496.84989 1.63593445850365e-05
35510.36221 1.66277142703967e-05
35523.87452 1.51913310165152e-05
35537.38684 1.57896724141288e-05
35550.89915 1.4140300396162e-05
35564.41147 1.14002077131633e-05
35577.92378 1.00550965042656e-05
35591.43609 9.36443694770203e-06
35604.94841 1.08565787163871e-05
35618.46072 9.8347032788395e-06
35631.97304 7.66100289377753e-06
35645.48535 9.05359010133466e-06
35658.99767 8.58536699216028e-06
35672.50998 7.03913249529667e-06
35686.0223 8.19136891683619e-06
35699.53461 7.40876810044143e-06
35713.04692 6.40378004451953e-06
35726.55924 4.8802916491287e-06
35740.07155 4.614417287641e-06
35753.58387 5.88748886700006e-06
35767.09618 4.60223729017662e-06
35780.6085 4.58829955564914e-06
35794.12081 4.20816441321283e-06
35807.63312 2.42804682566903e-06
35821.14544 2.16899948939498e-06
35834.65775 1.25713448331547e-06
35848.17007 1.66031648356034e-06
35861.68238 1.64815011532124e-06
35875.1947 1.07310971769223e-06
35888.70701 6.35464888682163e-07
35902.21933 1.7918995575841e-07
35915.73164 3.5908812201436e-07
35929.24395 4.88253066353009e-07
35942.75627 9.37419363294473e-08
35956.26858 5.26362281943442e-07
35969.7809 6.639377907618e-08
35983.29321 5.04644342390338e-09
35996.80553 1.02577204717555e-08
36010.31784 1.11294072208363e-08
36023.83016 5.05070657212787e-09
36037.34247 8.17116024400238e-08
36050.85478 3.52634677158644e-07
36064.3671 8.17524740955854e-07
36077.87941 8.65562398195061e-07
36091.39173 1.07079596042353e-07
36104.90404 2.38569837336963e-07
36118.41636 8.64522619201289e-07
36131.92867 1.27491367340224e-06
36145.44098 1.8455361703502e-06
36158.9533 1.30270479259821e-06
36172.46561 1.0035175409842e-06
36185.97793 1.06015306210971e-06
36199.49024 9.93898358716458e-07
36213.00256 1.83405049710835e-06
36226.51487 2.13156364914806e-06
36240.02719 1.1438054644202e-06
36253.5395 1.44488230664283e-06
36267.05181 1.03409481624904e-06
36280.56413 2.22107224498974e-07
36294.07644 4.33047865621181e-07
36307.58876 5.07765093430687e-09
36321.10107 5.0786076104097e-09
36334.61339 5.07941643970009e-09
36348.1257 5.08017131473392e-09
36361.63801 1.70673961157988e-08
36375.15033 6.43187193658194e-08
36388.66264 5.0830452607051e-09
36402.17496 5.96943901579205e-08
36415.68727 1.11912798414006e-06
36429.19959 1.06416065807968e-06
36442.7119 7.35956979904936e-07
36456.22422 1.10273746390369e-08
36469.73653 2.21099843692783e-07
36483.24884 1.19560401913459e-06
36496.76116 2.83933870576122e-07
36510.27347 8.56958154188316e-07
36523.78579 1.13798295270129e-06
36537.2981 9.85381170811904e-07
36550.81042 3.14348333115547e-06
36564.32273 2.55927526133842e-06
36577.83504 1.04529855430865e-06
36591.34736 1.36658091572939e-06
36604.85967 5.9929628300717e-07
36618.37199 1.68645613692067e-06
36631.8843 1.79108105533246e-06
36645.39662 1.59425439911546e-06
36658.90893 1.80447397094455e-06
36672.42125 1.87954449245345e-06
36685.93356 1.06367691034835e-06
36699.44587 4.47315149892738e-07
36712.95819 6.6063909315768e-07
36726.4705 1.11952548840295e-06
36739.98282 1.41614033109744e-06
36753.49513 1.18796976293389e-06
36767.00745 2.37293990970739e-07
36780.51976 6.4212504733029e-09
36794.03208 5.14011261297222e-09
36807.54439 1.25594235037065e-07
36821.0567 4.79289870638889e-07
36834.56902 7.56225938891128e-07
36848.08133 1.43967057029e-06
36861.59365 1.24291695218919e-06
36875.10596 3.06060047586626e-07
36888.61828 5.15118387490167e-09
36902.13059 5.92438583117872e-09
36915.6429 1.17309713678712e-07
36929.15522 9.90872047884354e-07
36942.66753 4.11786051859392e-07
36956.17985 6.35741306333607e-07
36969.69216 1.26688954018088e-07
36983.20448 5.15906714262737e-09
36996.71679 9.2862591713513e-09
37010.22911 3.87597147805353e-07
37023.74142 1.13698780506888e-06
37037.25373 2.07011656425499e-06
37050.76605 3.34805571536484e-07
37064.27836 9.11092108533852e-08
37077.79068 2.3964932707272e-07
37091.30299 1.15937676515496e-06
37104.81531 9.65509715170537e-07
37118.32762 8.82492324888669e-07
37131.83993 1.03802229813428e-06
37145.35225 1.16668115283533e-06
37158.86456 1.51792907818948e-06
37172.37688 1.06822802450488e-06
37185.88919 4.40478531641854e-07
37199.40151 9.18356702079276e-07
37212.91382 1.68009876027367e-06
37226.42614 2.03964964210341e-06
37239.93845 2.20565028028742e-06
37253.45076 5.65290716851139e-07
37266.96308 1.33141468835358e-06
37280.47539 3.67835341395586e-07
37293.98771 2.70129559149565e-07
37307.50002 5.40775073440166e-07
37321.01234 2.61825122305911e-06
37334.52465 2.60197906944639e-06
37348.03696 2.21925227345404e-06
37361.54928 2.31544860827784e-06
37375.06159 1.61379126687064e-06
37388.57391 1.1779147344806e-06
37402.08622 5.57294907126887e-07
37415.59854 4.52239860110786e-07
37429.11085 6.20119461935713e-07
37442.62317 1.71614571550984e-06
37456.13548 3.31280614875013e-06
37469.64779 5.0696192136692e-06
37483.16011 4.14458188223136e-06
37496.67242 2.4742372509858e-06
37510.18474 1.60240770966839e-06
37523.69705 1.20241954456906e-06
37537.20937 1.71268725095609e-06
37550.72168 1.62161619410257e-06
37564.234 2.11117749783397e-06
37577.74631 3.63896846442879e-06
37591.25862 4.31160647960914e-06
37604.77094 3.43003401771231e-06
37618.28325 2.09825742187318e-06
37631.79557 3.1865863495052e-07
37645.30788 1.39001576937047e-06
37658.8202 2.69164794770031e-06
37672.33251 3.1941824738416e-06
37685.84482 1.81764594427396e-06
37699.35714 1.42654961255199e-06
37712.86945 1.06097380538208e-06
37726.38177 2.20702591310934e-06
37739.89408 3.67756054776846e-06
37753.4064 3.86436880589866e-06
37766.91871 3.64715295840343e-06
37780.43103 4.40467577743223e-06
37793.94334 4.28793145144693e-06
37807.45565 4.80198684874722e-06
37820.96797 6.65360247477691e-06
37834.48028 5.97444351818713e-06
37847.9926 5.46819642143783e-06
37861.50491 5.64321909817075e-06
37875.01723 5.1465879275789e-06
37888.52954 5.26243942094022e-06
37902.04185 4.45825199818839e-06
37915.55417 3.07468740235514e-06
37929.06648 3.38713095676661e-06
37942.5788 4.27237728192326e-06
37956.09111 4.13552301459989e-06
37969.60343 5.01322259154725e-06
37983.11574 5.37695128360617e-06
37996.62806 4.8287138662786e-06
38010.14037 5.2677674649163e-06
38023.65268 3.623585405165e-06
38037.165 1.42937732947183e-06
38050.67731 2.77791547739857e-06
38064.18963 6.20009778257708e-06
38077.70194 7.46939047829871e-06
38091.21426 6.95463753909303e-06
38104.72657 4.43501186476043e-06
38118.23889 1.59327788803714e-06
38131.7512 1.50895494648686e-06
38145.26351 1.66285580166056e-06
38158.77583 2.55127049153161e-06
38172.28814 3.34507775284096e-06
38185.80046 2.63666119157009e-06
38199.31277 1.31846301502706e-06
38212.82509 1.25654475416644e-06
38226.3374 1.56521899169117e-06
38239.84971 2.04389359959802e-06
38253.36203 2.58980076365451e-06
38266.87434 2.86461616578669e-06
38280.38666 2.77929445440063e-06
38293.89897 3.25058183165177e-06
38307.41129 2.84398241466676e-06
38320.9236 1.47423991060817e-06
38334.43592 2.34932238916047e-06
38347.94823 4.08605752835042e-06
38361.46054 4.49386131388376e-06
38374.97286 6.61571321718472e-06
38388.48517 5.84442841817273e-06
38401.99749 2.32166664928248e-06
38415.5098 1.80946121593385e-06
38429.02212 1.75974830998825e-06
38442.53443 2.80448035296002e-06
38456.04674 3.35181325943014e-06
38469.55906 3.94162498100664e-06
38483.07137 3.56224187698411e-06
38496.58369 2.43451368631927e-06
38510.096 1.16440776962632e-06
38523.60832 5.80380135637259e-07
38537.12063 1.01981392476913e-06
38550.63295 1.73548651391419e-06
38564.14526 9.14509565735342e-07
38577.65757 4.95470666409678e-07
38591.16989 7.33245365514122e-07
38604.6822 3.48984447328226e-07
38618.19452 5.93939815866796e-07
38631.70683 1.82863476364923e-06
38645.21915 1.34775592510059e-06
38658.73146 3.4120853666326e-07
38672.24377 5.34089318990098e-07
38685.75609 1.64325028971836e-06
38699.2684 3.45464929089535e-06
38712.78072 2.45731164219064e-06
38726.29303 1.56022929453667e-06
38739.80535 1.87885671213156e-06
38753.31766 2.65353170273965e-06
38766.82998 3.59517175076824e-06
38780.34229 1.91369771336765e-06
38793.8546 1.6785856676694e-06
38807.36692 1.66168801582474e-06
38820.87923 2.65906936652793e-06
38834.39155 5.95791506680167e-06
38847.90386 5.58438677956168e-06
38861.41618 3.6520577343761e-06
38874.92849 3.07008465579911e-06
38888.44081 2.6662173090977e-06
38901.95312 2.44533729597918e-06
38915.46543 3.56972172705146e-06
38928.97775 5.08284255706587e-06
38942.49006 5.07413827000116e-06
38956.00238 5.450478719173e-06
38969.51469 6.35598865957754e-06
38983.02701 6.46148485995571e-06
38996.53932 7.29226161173552e-06
39010.05163 7.67697350618555e-06
39023.56395 7.12038086208922e-06
39037.07626 7.78318401516399e-06
39050.58858 8.53856924754046e-06
39064.10089 7.34824791459055e-06
39077.61321 5.0931136652637e-06
39091.12552 5.87534892623797e-06
39104.63784 5.88703344967599e-06
39118.15015 5.42824040387249e-06
39131.66246 6.34803484742182e-06
39145.17478 7.32756286999485e-06
39158.68709 7.89584848507199e-06
39172.19941 8.92963670944279e-06
39185.71172 7.81440550894467e-06
39199.22404 7.79023644032341e-06
39212.73635 9.11869293218511e-06
39226.24866 9.8742006422583e-06
39239.76098 8.53190847861764e-06
39253.27329 7.35059189289406e-06
39266.78561 6.25541849272882e-06
39280.29792 5.80214415691767e-06
39293.81024 8.0066470762967e-06
39307.32255 1.03067472085659e-05
39320.83487 8.39545200920567e-06
39334.34718 7.35851537762231e-06
39347.85949 7.71050750685485e-06
39361.37181 6.37844048603934e-06
39374.88412 5.26226010905168e-06
39388.39644 4.79364032889915e-06
39401.90875 4.73619085924562e-06
39415.42107 4.66149630173856e-06
39428.93338 5.88441583828264e-06
39442.44569 6.37376036680504e-06
39455.95801 4.44362056741473e-06
39469.47032 2.98988637899105e-06
39482.98264 2.56929180609532e-06
39496.49495 3.02619001445492e-06
39510.00727 2.21841553455729e-06
39523.51958 3.09037766321333e-06
39537.0319 4.18257680263581e-06
39550.54421 4.27831602785995e-06
39564.05652 3.96489656860547e-06
39577.56884 2.90283066481437e-06
39591.08115 2.56995796547004e-06
39604.59347 4.36555313246909e-06
39618.10578 5.95929688288546e-06
39631.6181 5.69871917791779e-06
39645.13041 5.03848536439529e-06
39658.64273 4.22547089603811e-06
39672.15504 2.80291553243855e-06
39685.66735 1.70540488195982e-06
39699.17967 1.68244558574734e-06
39712.69198 1.85489305371749e-06
39726.2043 3.07651300377722e-06
39739.71661 3.51517933783237e-06
39753.22893 3.33011035744232e-06
39766.74124 4.55583973296744e-06
39780.25355 5.42260551751131e-06
39793.76587 4.37750500194032e-06
39807.27818 3.02353646614499e-06
39820.7905 2.81982095576558e-06
39834.30281 3.66978421013268e-06
39847.81513 3.59160572619718e-06
39861.32744 2.39766709495671e-06
39874.83976 1.71491252801262e-06
39888.35207 1.58644776368694e-06
39901.86438 2.91332791248339e-06
39915.3767 4.71002865904903e-06
39928.88901 4.309585821564e-06
39942.40133 2.49524451701916e-06
39955.91364 1.25561568029759e-06
39969.42596 1.71205519540439e-06
39982.93827 3.13807565813905e-06
39996.45058 4.16336667960403e-06
40009.9629 4.23435707345482e-06
40023.47521 3.73460670673962e-06
40036.98753 3.677639845608e-06
40050.49984 3.32257854884279e-06
40064.01216 1.88979593895102e-06
40077.52447 1.84568004573348e-06
40091.03679 2.442371135327e-06
40104.5491 2.89247099329284e-06
40118.06141 3.4101033409883e-06
40131.57373 4.03534519858188e-06
40145.08604 3.77468831221615e-06
40158.59836 2.61567324201026e-06
40172.11067 1.92989958597086e-06
40185.62299 1.51891260144061e-06
40199.1353 1.96242091438079e-06
40212.64761 2.44173352161827e-06
40226.15993 1.80096563347348e-06
40239.67224 1.015384592764e-06
40253.18456 5.06124599102991e-07
40266.69687 9.48500906265902e-07
40280.20919 1.16605395222999e-06
40293.7215 1.06743986977061e-06
40307.23382 1.20340583771394e-06
40320.74613 1.61258581639285e-06
40334.25844 1.84200697596698e-06
40347.77076 1.83139465346594e-06
40361.28307 1.95826496174847e-06
40374.79539 1.69764554512163e-06
40388.3077 1.43232879623989e-06
40401.82002 1.71942055405648e-06
40415.33233 1.73287938337406e-06
40428.84465 1.69697235365435e-06
40442.35696 1.75700919276669e-06
40455.86927 1.78787662738086e-06
40469.38159 1.4128489522536e-06
40482.8939 1.36147553916737e-06
40496.40622 1.35750957243285e-06
40509.91853 1.27271614032271e-06
40523.43085 1.09309248041218e-06
40536.94316 9.45555516094038e-07
40550.45547 9.57981793971309e-07
40563.96779 8.29073324124879e-07
40577.4801 9.23580380603548e-07
40590.99242 1.03467155758032e-06
40604.50473 9.40820421258993e-07
40618.01705 7.66507190463363e-07
40631.52936 7.62465770648511e-07
40645.04168 6.46633795953238e-07
40658.55399 5.57818857396486e-07
40672.0663 6.34781959272878e-07
40685.57862 6.95448728604874e-07
40699.09093 6.93435205462714e-07
40712.60325 6.80348877564794e-07
40726.11556 7.01063636072941e-07
40739.62788 5.78183797762101e-07
40753.14019 4.86737629158009e-07
40766.6525 4.51220345524938e-07
40780.16482 5.4955827660315e-07
40793.67713 5.23314659618566e-07
40807.18945 4.93082479791316e-07
40820.70176 4.34444005629899e-07
40834.21408 2.94532876599309e-07
40847.72639 2.18394730135963e-07
40861.23871 1.69354703626791e-07
40874.75102 1.98221747638364e-07
40888.26333 1.89508049779683e-07
40901.77565 1.62558620053265e-07
40915.28796 1.71901770735861e-07
40928.80028 2.22761526100612e-07
40942.31259 2.83278908348591e-07
40955.82491 2.91550742929654e-07
40969.33722 2.40962448197874e-07
40982.84953 2.05911120382849e-07
40996.36185 2.07818519462373e-07
41009.87416 1.83523670986241e-07
41023.38648 1.5777910087642e-07
41036.89879 1.42794107041739e-07
41050.41111 1.43519185584535e-07
41063.92342 9.80896906281943e-08
41077.43574 6.74773598374864e-08
41090.94805 7.18074478979856e-08
41104.46036 7.46822239387617e-08
41117.97268 6.45394292341543e-08
41131.48499 5.55468410437625e-08
41144.99731 6.06864632259785e-08
41158.50962 5.43350239574141e-08
41172.02194 5.67869920719975e-08
41185.53425 5.3064144900105e-08
41199.04657 3.92996885106549e-08
41212.55888 2.0639309019523e-08
41226.07119 1.98033144463306e-08
41239.58351 3.29559616334482e-08
41253.09582 4.10765475287429e-08
41266.60814 3.10385903678817e-08
41280.12045 2.05385469892329e-08
41293.63277 2.35740453943303e-08
41307.14508 2.2867979665582e-08
41320.65739 2.59940607192413e-08
41334.16971 4.03969685095869e-08
41347.68202 3.28504953239871e-08
41361.19434 1.82565322876229e-08
41374.70665 1.7200143707099e-08
41388.21897 2.42529558768958e-08
41401.73128 2.19209949888254e-08
41415.2436 2.46552360545558e-08
41428.75591 2.52714219913444e-08
41442.26822 1.79798165070546e-08
41455.78054 1.19474285272576e-08
41469.29285 9.19990056659675e-09
41482.80517 1.30329556163645e-08
41496.31748 2.14363840526887e-08
41509.8298 2.5800018028326e-08
41523.34211 2.47760552229889e-08
41536.85442 1.92676463059302e-08
41550.36674 1.54639526966835e-08
41563.87905 1.54255628256699e-08
41577.39137 1.58140179900786e-08
41590.90368 1.13717186656706e-08
41604.416 7.7158250809008e-09
41617.92831 7.81146453956536e-09
41631.44063 7.42083822214788e-09
41644.95294 6.79996332705443e-09
41658.46525 6.08262699733596e-09
41671.97757 5.04473701515868e-09
41685.48988 4.78940360973875e-09
41699.0022 5.9653947805024e-09
41712.51451 6.73097272583623e-09
41726.02683 7.9982750233551e-09
41739.53914 8.32207001138071e-09
41753.05146 8.85710620278344e-09
41766.56377 9.77061842410112e-09
41780.07608 1.0047468698441e-08
41793.5884 1.00475104008338e-08
41807.10071 1.08977425338044e-08
41820.61303 9.29258179981659e-09
41834.12534 7.22230980114135e-09
41847.63766 6.39734152913561e-09
41861.14997 6.7177286317518e-09
41874.66228 5.2592563596199e-09
41888.1746 4.40694142158403e-09
41901.68691 4.80775938626643e-09
41915.19923 5.72872530038564e-09
41928.71154 4.79424765979731e-09
41942.22386 4.7157275056276e-09
41955.73617 5.59374560211181e-09
41969.24849 5.65224993382503e-09
41982.7608 4.92703457465112e-09
41996.27311 5.22077330647775e-09
42009.78543 5.96647167931248e-09
42023.29774 4.65480695810144e-09
42036.81006 2.94598231081574e-09
42050.32237 2.54310104932162e-09
42063.83469 2.90592314216387e-09
42077.347 2.43166566476049e-09
42090.85931 2.77567215519482e-09
42104.37163 3.19087460848422e-09
42117.88394 3.06551846996583e-09
42131.39626 1.93581702150615e-09
42144.90857 2.16963672931894e-09
42158.42089 2.30691040595948e-09
42171.9332 1.74401360181086e-09
42185.44552 1.13212347770496e-09
42198.95783 1.34230224499774e-09
42212.47014 8.46812431655774e-10
42225.98246 4.71383161213885e-10
42239.49477 3.18719258823921e-10
42253.00709 7.07294701083381e-10
42266.5194 8.05354664147522e-10
42280.03172 8.11044246630807e-10
42293.54403 1.01926333991535e-09
42307.05634 1.39518302854641e-09
42320.56866 8.55650460075907e-10
42334.08097 5.96014851360292e-10
42347.59329 5.9678688337269e-10
42361.1056 8.75863440344095e-10
42374.61792 7.28878611082896e-10
42388.13023 9.04184763119143e-10
42401.64255 1.17899816749813e-09
42415.15486 9.93903329891923e-10
42428.66717 4.10940167226349e-10
42442.17949 2.10219900254232e-10
42455.6918 1.30586529425508e-10
42469.20412 3.45924170820284e-11
42482.71643 2.07985092276225e-12
42496.22875 3.7376386390685e-13
42509.74106 3.9860356909834e-11
42523.25338 1.8093682726062e-10
42536.76569 2.06470215467589e-10
42550.278 3.21312434915954e-10
42563.79032 3.94997738153288e-10
42577.30263 3.0759831014494e-10
42590.81495 2.55079426693822e-10
42604.32726 1.73129318676886e-10
42617.83958 1.16448680994455e-10
42631.35189 1.07576475417996e-10
42644.8642 1.86830762607306e-10
42658.37652 3.49220835496004e-10
42671.88883 2.75074306680874e-10
42685.40115 1.6130843470553e-10
42698.91346 1.81770345396569e-10
42712.42578 1.43994918190927e-10
42725.93809 2.96324428687204e-11
42739.45041 3.39938744677311e-13
42752.96272 7.74222684681550e-12
42766.47503 9.25907501768644e-11
42779.98735 9.53893579741334e-11
42793.49966 8.08686157728013e-11
42807.01198 1.4322445636562e-10
42820.52429 2.19078975722748e-10
42834.03661 2.75173816586039e-10
42847.54892 3.79805142345757e-10
42861.06123 3.54390152040122e-10
42874.57355 1.46265746165558e-10
42888.08586 5.59910404692644e-11
42901.59818 3.59046368303858e-11
42915.11049 9.50981888171718e-11
42928.62281 1.51261863883391e-10
42942.13512 2.40336671098255e-10
42955.64744 4.01748838377845e-10
42969.15975 3.71208385271022e-10
42982.67206 1.17344758787722e-10
42996.18438 8.63146698102888e-11
43009.69669 8.90051289193955e-11
43023.20901 6.09244071389696e-11
43036.72132 4.35805660082295e-11
43050.23364 6.20939190621611e-11
43063.74595 1.41525087776504e-10
43077.25826 1.68175158128787e-10
43090.77058 1.52919596795306e-10
43104.28289 1.7766219312987e-10
43117.79521 2.45054657732149e-10
43131.30752 1.24887476944463e-10
43144.81984 6.50494936474072e-11
43158.33215 5.58261500957983e-11
43171.84447 6.00112460121825e-11
43185.35678 3.59911052610304e-11
43198.86909 5.16766562717663e-11
43212.38141 1.12005240496863e-10
43225.89372 1.9338057598802e-10
43239.40604 1.1448118322108e-10
43252.91835 1.10912343625393e-10
43266.43067 1.18181694411001e-10
43279.94298 5.0166791767845e-11
43293.4553 2.72226176213506e-12
43306.96761 7.05000072524331e-12
43320.47992 2.1316291435579e-12
43333.99224 4.30871590165415e-12
43347.50455 1.87236940788256e-13
43361.01687 1.90828300308392e-13
43374.52918 3.34427222894195e-12
43388.0415 2.1137991880096e-10
43401.55381 2.73178552990649e-10
43415.06612 3.96643215344225e-10
43428.57844 4.04570579672014e-10
43442.09075 2.24548368920484e-10
43455.60307 1.00681373607211e-10
43469.11538 1.37978992434117e-10
43482.6277 1.92126864992586e-10
43496.14001 1.97755856895465e-10
43509.65233 1.48941482493621e-10
43523.16464 1.85576481627625e-10
43536.67695 2.03934717949653e-10
43550.18927 1.19440055815049e-10
43563.70158 3.10487393365031e-11
43577.2139 1.48906781269546e-11
43590.72621 4.20011206596273e-11
43604.23853 4.21259224213912e-11
43617.75084 4.5860898564313e-11
43631.26315 5.9436387265586e-11
43644.77547 1.71319871929368e-10
43658.28778 1.23398546882373e-10
43671.8001 1.4042311338859e-10
43685.31241 1.97315930068029e-10
43698.82473 1.3842671922315e-10
43712.33704 1.65136036068155e-11
43725.84936 1.41926241986092e-11
43739.36167 5.36618865966294e-11
43752.87398 1.39859699757804e-10
43766.3863 7.45053407773755e-11
43779.89861 8.4910935293695e-11
43793.41093 1.93123388777807e-10
43806.92324 3.84539109109344e-10
43820.43556 1.60906237954796e-10
43833.94787 1.3889543945849e-10
43847.46018 2.04808868534345e-10
43860.9725 2.70552701639332e-10
43874.48481 1.3922804926353e-10
43887.99713 1.35830768966332e-10
43901.50944 2.74218133084064e-10
43915.02176 1.76442000860121e-10
43928.53407 6.24056368505073e-11
43942.04639 6.07936394695305e-11
43955.5587 2.53429852893737e-10
43969.07101 2.40187015287181e-10
43982.58333 1.67841094534094e-10
43996.09564 1.30599702316798e-10
44009.60796 2.42026216531426e-10
44023.12027 1.49067385777433e-10
44036.63259 6.48229279357788e-11
44050.1449 3.7325220373422e-11
44063.65722 1.47108014628255e-10
44077.16953 1.41223073448239e-10
44090.68184 1.17043096190299e-10
44104.19416 1.08812915743121e-10
44117.70647 1.22669094218533e-10
44131.21879 9.38154245066552e-11
44144.7311 5.31706306466516e-11
44158.24342 7.7154201768876e-11
44171.75573 1.5694340755416e-10
44185.26804 1.43992556425162e-10
44198.78036 3.54319234132448e-11
44212.29267 7.07459156215942e-11
44225.80499 8.43269747265943e-11
44239.3173 1.30268441286403e-10
44252.82962 9.01728183688773e-11
44266.34193 1.29103450028901e-10
44279.85425 1.79722598718954e-10
44293.36656 1.81525000200507e-10
44306.87887 3.82035397469771e-11
44320.39119 5.26883797600774e-11
44333.9035 1.62433881023507e-10
44347.41582 9.76938574844806e-11
44360.92813 8.32968656845932e-13
44374.44045 1.8748679572982e-12
44387.95276 1.05162796608871e-11
44401.46507 2.94014719829981e-13
44414.97739 1.00966856346527e-13
44428.4897 1.04040173024532e-13
44442.00202 7.450406710603e-12
44455.51433 3.21212696080696e-11
44469.02665 2.64285177785684e-11
44482.53896 1.4384020267478e-11
44496.05128 3.49109675082447e-11
44509.56359 5.19284132968873e-11
44523.0759 2.18536063391076e-11
44536.58822 1.67823602550522e-11
44550.10053 2.96529964017452e-11
44563.61285 2.80621872044625e-11
44577.12516 1.48997768738286e-11
44590.63748 3.79552593062433e-11
44604.14979 9.15296701524664e-11
44617.66211 1.8424936411117e-10
44631.17442 1.97427304678443e-11
44644.68673 9.40418553017922e-13
44658.19905 1.32277860703539e-13
44671.71136 1.70977971661418e-13
44685.22368 8.18154336788135e-14
44698.73599 1.72719342162061e-13
44712.24831 2.05657548810893e-11
44725.76062 6.44121138717588e-11
44739.27293 5.39183479851927e-11
44752.78525 2.74275890931845e-11
44766.29756 7.91233575347074e-11
44779.80988 1.19641513010225e-10
44793.32219 1.07382071175086e-10
44806.83451 3.20140883867832e-11
44820.34682 1.42429790643679e-11
44833.85914 4.9876875400072e-12
44847.37145 2.09467496967263e-13
44860.88376 1.10393528206961e-13
44874.39608 4.95458714101879e-13
44887.90839 1.8154416384477e-10
44901.42071 1.81662742203349e-10
44914.93302 1.41372369021774e-10
44928.44534 1.00097476116246e-10
44941.95765 1.42100153091809e-10
44955.46996 1.47612794336249e-10
44968.98228 1.35374994267262e-10
44982.49459 1.05377116402279e-10
44996.00691 1.26283009895112e-10
45009.51922 1.93403582749096e-10
45023.03154 1.38396344438383e-10
45036.54385 1.21803402792133e-10
45050.05617 1.58508848419148e-10
45063.56848 2.25255657720612e-10
45077.08079 4.48370120885906e-11
45090.59311 4.753197196478e-11
45104.10542 1.07640242669281e-10
45117.61774 1.8723757312045e-10
45131.13005 1.47800310146583e-10
45144.64237 1.08381334650017e-10
45158.15468 1.92282523352158e-10
45171.66699 2.00286436455811e-10
45185.17931 1.04082531712849e-10
45198.69162 9.48843705042834e-12
45212.20394 4.37362962500261e-12
45225.71625 1.08583807147466e-10
45239.22857 2.15603200280838e-10
45252.74088 1.47102639967499e-10
45266.2532 1.36062885919793e-10
45279.76551 2.54077555107248e-10
45293.27782 1.97234786212028e-10
45306.79014 1.29972338248434e-10
45320.30245 1.11594977818336e-10
45333.81477 2.78913033616974e-10
45347.32708 3.74163997227762e-10
45360.8394 3.09431872423918e-10
45374.35171 1.74852633282182e-10
45387.86403 1.98969343933719e-10
45401.37634 2.84073833381549e-10
45414.88865 2.47787874957282e-10
45428.40097 2.3885376421734e-10
45441.91328 2.05714381015482e-10
45455.4256 2.89096048938813e-10
45468.93791 2.02926234349955e-10
45482.45023 1.38516043727687e-10
45495.96254 1.24401415366559e-10
45509.47485 1.69799528320779e-10
45522.98717 1.99984504472082e-10
45536.49948 1.2775759191511e-10
45550.0118 1.62873271233081e-10
45563.52411 2.47602629459866e-10
45577.03643 4.85939866875712e-10
45590.54874 3.53165234633914e-10
45604.06106 2.48933197145085e-10
45617.57337 2.25889579273118e-10
45631.08568 2.04255806479585e-10
45644.598 1.41081884997753e-10
45658.11031 6.95128891066454e-11
45671.62263 8.38606689215327e-11
45685.13494 7.83411071191763e-11
45698.64726 5.57075743343199e-11
45712.15957 7.34361086590645e-12
45725.67188 8.54973111437293e-11
45739.1842 3.79000703478191e-10
45752.69651 1.47379448358508e-10
45766.20883 8.18200788064017e-11
45779.72114 6.76050407282428e-11
45793.23346 2.00181566991135e-10
45806.74577 3.46605788146589e-10
45820.25809 4.03417156113978e-10
45833.7704 3.39098658443444e-10
45847.28271 4.1996076762092e-10
45860.79503 6.62662087456072e-10
45874.30734 3.46116930668375e-10
45887.81966 1.87226956609174e-11
45901.33197 2.06972960429295e-13
45914.84429 2.94733150480958e-13
45928.3566 3.10672634589769e-13
45941.86891 2.5378105924076e-13
45955.38123 2.58815519973545e-13
45968.89354 1.69187812906329e-12
45982.40586 1.41643184174385e-10
45995.91817 1.29505115011589e-10
46009.43049 1.23637713038968e-10
46022.9428 1.29941415749933e-10
46036.45512 1.69018822950195e-10
46049.96743 1.17034769826135e-10
46063.47974 4.92719522550151e-11
46076.99206 2.99772340035904e-11
46090.50437 5.26139699100037e-12
46104.01669 6.81906075505429e-12
46117.529 3.38319492700764e-13
46131.04132 2.39579126608164e-13
46144.55363 1.13612418816707e-12
46158.06595 3.72031436077302e-12
46171.57826 1.76284762016439e-12
46185.09057 2.75984472814855e-13
46198.60289 5.00957964110331e-12
46212.1152 1.71096183236203e-10
46225.62752 2.81518823634266e-10
46239.13983 1.99340934621145e-10
46252.65215 3.99396957425283e-11
46266.16446 2.40995291913278e-12
46279.67677 4.51720480053192e-13
46293.18909 2.61615787498848e-13
46306.7014 1.8636115330511e-13
46320.21372 1.1431252284811e-12
46333.72603 4.79992235955296e-11
46347.23835 4.31258507420274e-11
46360.75066 8.42015797070818e-12
46374.26298 8.50361206145977e-13
46387.77529 1.26298018157577e-12
46401.2876 1.06713808477136e-12
46414.79992 1.45330838105968e-13
46428.31223 1.44357184590757e-13
46441.82455 2.14144183477525e-13
46455.33686 8.11115586686197e-12
46468.84918 1.59090203270911e-12
46482.36149 1.13408332645295e-11
46495.8738 3.22887057105773e-11
46509.38612 2.03031196279163e-12
46522.89843 2.48459712801609e-12
46536.41075 2.09862290329058e-13
46549.92306 7.97071408436067e-13
46563.43538 1.98829828872104e-11
46576.94769 2.45804483316342e-11
46590.46001 8.30450564783756e-13
46603.97232 1.15665228924638e-13
46617.48463 2.54121061990089e-12
46630.99695 2.22684987302064e-11
46644.50926 2.21782245623287e-11
46658.02158 2.00063825177909e-13
46671.53389 1.56191655291761e-13
46685.04621 1.78670454432409e-12
46698.55852 3.85165255829882e-12
46712.07083 1.78486609695391e-12
46725.58315 1.57667102799321e-13
46739.09546 4.11868938445916e-13
46752.60778 3.79486299002847e-12
46766.12009 2.43204980069237e-13
46779.63241 1.57115248411021e-13
46793.14472 1.1451397110787e-13
46806.65704 1.8448971627364e-12
46820.16935 1.31804401079996e-12
46833.68166 1.93679238385893e-13
46847.19398 1.52165889873321e-13
46860.70629 1.59176003354372e-13
46874.21861 2.09613799502227e-12
46887.73092 2.94769597801932e-13
46901.24324 1.74484492540013e-13
46914.75555 1.43271361701483e-13
46928.26787 2.7761943733109e-13
46941.78018 1.03368889041594e-11
46955.29249 2.4041643278779e-13
46968.80481 2.16248692717493e-13
46982.31712 8.33914921982954e-12
46995.82944 4.30498290179537e-11
47009.34175 8.77681456392948e-11
47022.85407 4.9751174361733e-11
47036.36638 2.84959273308942e-11
47049.87869 6.71874065674532e-11
47063.39101 1.04524861732948e-10
47076.90332 5.91789750172901e-11
47090.41564 2.16733035608457e-11
47103.92795 7.39911187366008e-12
47117.44027 6.94085948710605e-12
47130.95258 1.85056400484285e-11
47144.4649 3.92551018886261e-12
47157.97721 7.64759669830749e-13
47171.48952 1.82790571485638e-13
47185.00184 2.2302679495363e-13
47198.51415 2.227338844502e-13
47212.02647 1.15957874583342e-13
47225.53878 1.47104472071131e-13
47239.0511 1.70842264439511e-11
47252.56341 1.40709336490052e-11
47266.07572 2.45802821698692e-12
47279.58804 1.88995389117109e-12
47293.10035 9.2867660056831e-12
47306.61267 1.83856188777849e-11
47320.12498 2.23518737388465e-12
47333.6373 1.41174266760645e-13
47347.14961 9.14857601816549e-14
47360.66193 3.47324162373524e-12
47374.17424 1.29573115337786e-11
47387.68655 3.19697553530509e-13
47401.19887 2.3759504126347e-13
47414.71118 1.02220986309868e-12
47428.2235 3.42261460102308e-12
47441.73581 5.6511704193235e-13
47455.24813 1.55582435984192e-13
47468.76044 1.34172736044408e-13
47482.27276 2.74271863278604e-13
47495.78507 1.09081571634412e-11
47509.29738 1.3572056489624e-12
47522.8097 9.13718154464494e-14
47536.32201 9.56983278640468e-14
47549.83433 1.25873605396623e-13
47563.34664 4.10735225430868e-13
47576.85896 2.03851141875544e-12
47590.37127 3.59528873209123e-11
47603.88358 1.04928617783696e-10
47617.3959 1.72370980643428e-10
47630.90821 1.42388466449576e-10
47644.42053 8.5665617002071e-13
47657.93284 1.36202222253682e-13
47671.44516 1.82840885356907e-13
47684.95747 7.54179254654641e-13
47698.46979 3.5172500712588e-12
47711.9821 1.04627536465664e-13
47725.49441 1.25446383305873e-13
47739.00673 1.41679951961434e-11
47752.51904 8.51905731397707e-12
47766.03136 1.28239184288608e-12
47779.54367 3.18449884891018e-12
47793.05599 2.87417435970606e-11
47806.5683 2.04958228342464e-10
47820.08061 1.09969551576862e-10
47833.59293 7.09072507668887e-12
47847.10524 8.14583879516542e-14
47860.61756 3.43084072368064e-13
47874.12987 2.40189243275594e-11
47887.64219 1.24090894301635e-11
47901.1545 3.44179563055424e-12
47914.66682 5.8801970130761e-13
47928.17913 1.59122978854913e-12
47941.69144 2.52117679845459e-11
47955.20376 1.2788757290586e-11
47968.71607 1.02659511919098e-11
47982.22839 9.06184341601278e-12
47995.7407 9.36699095559676e-12
48009.25302 8.1508736107631e-12
48022.76533 1.8669460059778e-13
48036.27764 1.08026379165838e-13
48049.78996 2.71672787989383e-12
48063.30227 1.26318126654568e-11
48076.81459 4.73736786265455e-11
48090.3269 4.3186675266003e-11
48103.83922 3.85921118252466e-11
48117.35153 3.1400603170452e-11
48130.86385 7.34031910538818e-12
48144.37616 1.05158950414114e-12
48157.88847 1.04235535492995e-13
48171.40079 1.03743140927256e-13
48184.9131 5.30333138475163e-13
48198.42542 1.1889044322057e-12
48211.93773 2.40086081298966e-13
48225.45005 1.21926351460982e-12
48238.96236 1.02415732671979e-11
48252.47468 8.53382410361767e-11
48265.98699 9.74621208508835e-11
48279.4993 4.41057753391464e-11
48293.01162 1.47922437929938e-11
48306.52393 7.74548432683481e-13
48320.03625 2.32060679262269e-11
48333.54856 2.80131012364875e-11
48347.06088 2.89113470067643e-12
48360.57319 7.1696932192278e-14
48374.0855 3.66316980794956e-13
48387.59782 1.24507783971533e-11
48401.11013 8.94549673264951e-12
48414.62245 1.02344990169372e-11
48428.13476 9.44617585214299e-12
48441.64708 2.88269754822879e-11
48455.15939 8.53114783034549e-11
48468.67171 2.49072255535315e-11
48482.18402 1.13456567135e-11
48495.69633 8.51056166749204e-12
48509.20865 1.27670513918512e-11
48522.72096 4.50324691329202e-11
48536.23328 3.39250447171462e-11
48549.74559 2.18627847249203e-11
48563.25791 1.80151035447171e-11
48576.77022 2.61509127816817e-11
48590.28253 6.49654017359757e-11
48603.79485 2.51665995238144e-11
48617.30716 1.39008206786954e-11
48630.81948 2.00443484420059e-11
48644.33179 4.48325058732685e-11
48657.84411 7.10109143093035e-11
48671.35642 1.38581873181063e-11
48684.86874 6.58500507282396e-12
48698.38105 1.48593876567239e-11
48711.89336 2.49082768211558e-11
48725.40568 3.73204306714006e-11
48738.91799 1.99435520171074e-12
48752.43031 5.39777194741667e-12
48765.94262 1.27529774264809e-12
48779.45494 1.96840228777328e-12
48792.96725 1.59476354348305e-11
48806.47956 1.11854505162392e-12
48819.99188 1.02645847662347e-13
48833.50419 1.54619581569268e-13
48847.01651 2.72565970089727e-13
48860.52882 2.2651672881502e-12
48874.04114 4.80927619004752e-12
48887.55345 4.88861034227967e-12
48901.06577 1.08173564821647e-11
48914.57808 8.63622957082892e-12
48928.09039 1.76401881662994e-12
48941.60271 4.72062649843952e-12
48955.11502 4.80525842043895e-12
48968.62734 1.3845510148283e-12
48982.13965 3.3690116598614e-11
48995.65197 2.29855226777966e-11
49009.16428 3.93454075272169e-12
49022.6766 2.05665301037545e-13
49036.18891 1.97348939784709e-13
49049.70122 3.67857695863405e-13
49063.21354 7.0043588700212e-13
49076.72585 1.58064523435217e-12
49090.23817 1.75449018034923e-13
49103.75048 4.54525218230353e-13
49117.2628 1.62032341966911e-11
49130.77511 7.81609066684315e-12
49144.28742 4.60395923326456e-12
49157.79974 7.07430925692856e-12
49171.31205 1.48496809102031e-11
49184.82437 4.05483257836721e-11
49198.33668 1.37848722303277e-11
49211.849 6.09015913812162e-12
49225.36131 7.8106163769716e-13
49238.87363 4.76547912083021e-12
49252.38594 3.60373123376316e-13
49265.89825 1.99584901870279e-13
49279.41057 1.22335462304492e-13
49292.92288 6.53377081351481e-13
49306.4352 4.20131061045416e-11
49319.94751 4.43441368793086e-11
49333.45983 1.19277240657725e-11
49346.97214 3.02725794618369e-13
49360.48445 1.37231991244462e-13
49373.99677 2.07362050861104e-13
49387.50908 1.50218427280232e-12
49401.0214 4.07694168820313e-11
49414.53371 2.72270161166405e-11
49428.04603 2.13677799882089e-11
49441.55834 3.2259813086779e-11
49455.07066 4.60304650443926e-11
49468.58297 2.75782713935365e-11
49482.09528 9.10050138933325e-13
49495.6076 1.23909770426727e-13
49509.11991 3.82802127018456e-13
49522.63223 8.68281949180925e-13
49536.14454 2.05660961034551e-13
49549.65686 2.11004606965263e-13
49563.16917 3.01199435878055e-12
49576.68148 6.64739548824417e-12
49590.1938 2.12540479365434e-11
49603.70611 4.37706578165127e-13
49617.21843 1.70811551271456e-13
49630.73074 1.66799765841228e-13
49644.24306 5.33194884620656e-13
49657.75537 1.70407156752884e-11
49671.26769 1.67575244144122e-12
49684.78 1.22787350626758e-12
49698.29231 6.01120426960971e-12
49711.80463 2.5598181956233e-11
49725.31694 5.17764389612790e-11
49738.82926 4.14393544097998e-11
49752.34157 4.82186912333999e-11
49765.85389 7.14528004637114e-11
49779.3662 1.05473017415662e-10
49792.87852 1.39505499636505e-10
49806.39083 1.45257354865926e-10
49819.90314 6.41336494353411e-11
49833.41546 1.39534349584255e-11
49846.92777 1.04603005727131e-11
49860.44009 1.45611755543576e-12
49873.9524 2.98049894583911e-13
49887.46472 1.5550094645051e-13
49900.97703 1.27143480352536e-13
49914.48934 1.87365715645909e-12
49928.00166 2.09313603092309e-11
49941.51397 2.34971588018031e-11
49955.02629 1.4588617665607e-11
49968.5386 6.14636347019626e-12
49982.05092 1.47691068812458e-11
49995.56323 2.13903846146833e-10
50009.07555 2.29641817433856e-10
50022.58786 2.37304211726061e-10
50036.10017 1.67979819508891e-10
50049.61249 1.5389328171148e-10
50063.1248 1.99894676511714e-10
50076.63712 1.41682917573004e-10
50090.14943 7.46522160682117e-11
50103.66175 2.41429301383789e-12
50117.17406 1.01645563860176e-13
50130.68637 1.63236713788889e-13
50144.19869 2.31063883973561e-13
50157.711 2.05022254619678e-13
50171.22332 2.44170490991635e-13
50184.73563 1.818583923412e-12
50198.24795 8.4960687312494e-13
50211.76026 3.20059385704243e-13
50225.27258 8.21530428530878e-13
50238.78489 6.99031973431118e-12
50252.2972 1.4329862102808e-11
50265.80952 2.95929826459584e-11
50279.32183 6.20818921503628e-11
50292.83415 8.71341951045611e-11
50306.34646 7.6738635019381e-11
50319.85878 6.0950951278068e-11
50333.37109 4.71919795980288e-11
50346.88341 1.07774943631537e-11
50360.39572 3.54283782963646e-11
50373.90803 6.6033108651808e-13
50387.42035 8.87140934381145e-14
50400.93266 1.16120584118805e-13
50414.44498 3.24277778730581e-13
50427.95729 9.85492348194295e-12
50441.46961 3.59300981611697e-11
50454.98192 3.47060764719093e-11
50468.49423 8.55224423864504e-12
50482.00655 2.4460256802568e-11
50495.51886 1.7754879290837e-11
50509.03118 7.0048649074541e-12
50522.54349 1.88804681596411e-13
50536.05581 1.08125549697126e-13
50549.56812 1.71070081186934e-13
50563.08044 2.21857537506938e-13
50576.59275 2.194134035705e-13
50590.10506 6.95953974360158e-13
50603.61738 1.73732247033607e-11
50617.12969 3.73425438365454e-11
50630.64201 8.71106935359364e-11
50644.15432 3.9658511441393e-11
50657.66664 3.07067815512349e-11
50671.17895 1.5139636886997e-11
50684.69126 1.41690578160225e-11
50698.20358 3.69387190504703e-11
50711.71589 5.38658119887485e-11
50725.22821 3.32408259208584e-11
50738.74052 1.10218638116729e-11
50752.25284 3.57747525531764e-12
50765.76515 6.37698676179869e-12
50779.27747 3.1281491360922e-11
50792.78978 2.08720836467743e-11
50806.30209 1.4542165663593e-11
50819.81441 1.11380988623464e-11
50833.32672 8.54426551921294e-12
50846.83904 4.07313403589617e-12
50860.35135 5.69244230533323e-13
50873.86367 1.38832309559671e-13
50887.37598 1.26934838517289e-13
50900.88829 1.43898023233871e-13
50914.40061 1.88680491848805e-13
50927.91292 2.55464569096377e-13
50941.42524 1.99581695637641e-13
50954.93755 2.41697178795177e-13
50968.44987 1.60902495488004e-13
50981.96218 2.19458194597011e-13
50995.4745 3.4758380586168e-12
