"wave" "response"
5010 0
8070 0
8080 0.01
8090 0
8560 0
8570 0.02
8580 0.03
8590 0.07
8600 0.02
8610 0
13990 0
14000 0.01
14010 0
14040 0
14050 0.02
14060 0.02
14070 0
14080 0
14090 0.01
14100 0
14110 0.03
14120 0
14130 0
14140 0.01
14150 0.05
14160 0
14180 0
14190 0.01
14200 0.02
14210 0.03
14220 0.08
14230 0
14240 0.04
14250 0.11
14260 0.09
14270 0.07
14280 0
14290 0.03
14300 0.05
14310 0.08
14320 0.04
14330 0.12
14340 0.08
14350 0.09
14360 0.11
14370 0.13
14380 0.12
14390 0.19
14400 0.19
14410 0.18
14420 0.17
14430 0.14
14440 0.2
14450 0.23
14460 0.2
14470 0.3
14480 0.3
14490 0.18
14500 0.29
14510 0.28
14520 0.34
14530 0.35
14540 0.3
14550 0.45
14560 0.49
14570 0.54
14580 0.55
14590 0.69
14600 0.65
14610 0.71
14620 0.74
14630 0.64
14640 0.82
14650 0.84
14660 0.96
14670 0.95
14680 1.21
14690 1.28
14700 1.3
14710 1.29
14720 1.55
14730 1.78
14740 2.18
14750 2.53
14760 2.48
14770 2.79
14780 2.94
14790 3.71
14800 3.74
14810 4.35
14820 4.77
14830 6.11
14840 6.66
14850 7.55
14860 8.26
14870 9.02
14880 10.54
14890 12.43
14900 13.82
14910 15.6
14920 17.44
14930 19.97
14940 22.47
14950 24.43
14960 27.06
14970 30.56
14980 33.83
14990 37.38
15000 40.83
15010 44.84
15020 47.66
15030 50.59
15040 53.11
15050 57.28
15060 61.06
15070 64.18
15080 65.97
15090 66.6
15100 70.62
15110 72.09
15120 72.92
15130 73.89
15140 74.55
15150 74.81
15160 75.08
15170 75.18
15180 74.78
15190 74.46
15200 74.78
15210 73.98
15220 73.44
15230 73.54
15240 72.69
15250 72.02
15260 72.14
15270 71.38
15280 71.07
15290 71.25
15300 70.65
15310 70.38
15320 70.89
15330 70.38
15340 70.16
15350 70.61
15360 70.34
15370 70.78
15380 71.55
15390 71.11
15400 71.64
15410 72.25
15420 72.21
15430 73.13
15440 73.58
15450 73.66
15460 74.66
15470 74.92
15480 75.09
15490 76.15
15500 76.21
15510 76.45
15520 77.35
15530 77.24
15540 77.71
15550 78.42
15560 78.14
15570 78.66
15580 79.15
15590 78.69
15600 79.46
15610 79.7
15620 79.21
15630 79.86
15640 79.64
15650 79.55
15660 80.14
15670 79.62
15680 79.53
15690 79.33
15700 77.68
15710 76.79
15720 76.01
15730 75.81
15740 77.4
15750 78.79
15760 78.46
15770 77.73
15780 77.03
15790 77.62
15800 78.04
15810 78.5
15820 79.53
15830 79.48
15840 80.09
15850 80.35
15860 80.16
15870 80.69
15880 80.33
15890 80.51
15900 80.67
15910 80.24
15920 80.95
15930 80.69
15940 80.48
15950 80.88
15960 80.36
15970 80.68
15980 80.47
15990 79.7
16000 79.14
16010 77.43
16020 76.73
16030 76.71
16040 77.21
16050 79.27
16060 79.4
16070 78.37
16080 77.92
16090 77.47
16100 78.14
16110 78.32
16120 79.12
16130 79.64
16140 79.79
16150 80.35
16160 80.03
16170 80.51
16180 80.53
16190 80.37
16200 80.8
16210 80.46
16220 80.89
16230 80.71
16240 80.92
16250 81.01
16260 80.82
16270 81.36
16280 80.9
16290 81.41
16300 81.26
16310 81.21
16320 81.62
16330 81.17
16340 81.9
16350 81.33
16360 81.71
16370 81.8
16380 81.21
16390 82.22
16400 80.98
16410 82.08
16420 82.04
16430 80.71
16440 82.44
16450 81.63
16460 82.1
16470 82.53
16480 81.76
16490 82.48
16500 82.69
16510 81.88
16520 83.05
16530 83.59
16540 82.4
16550 83.86
16560 83.49
16570 83.72
16580 84.43
16590 84.03
16600 84.79
16610 84.45
16620 84.93
16630 84.58
16640 85.24
16650 83.48
16660 80.94
16670 84.4
16680 85.21
16690 86.26
16700 85.6
16710 86.22
16720 85.99
16730 86.8
16740 86.25
16750 86.44
16760 87.27
16770 86.57
16780 87.07
16790 87.08
16800 87.84
16810 86.83
16820 87.94
16830 87.84
16840 86.81
16850 88.23
16860 87.95
16870 88.12
16880 87.9
16890 89.12
16900 87.96
16910 88.29
16920 88.18
16930 88.9
16940 88.33
16950 88.64
16960 89.11
16970 88.18
16980 89.1
16990 88.79
17000 89.16
17010 88.46
17020 89.33
17030 88.41
17040 89.41
17050 88.65
17060 89.23
17070 88.67
17080 88.86
17090 88.6
17100 89.3
17110 89.6
17120 89.61
17130 89.88
17140 88.8
17150 89.79
17160 89.22
17170 90.21
17180 89.7
17190 90.41
17200 89.69
17210 89.01
17220 89.16
17230 89.56
17240 88.89
17250 89.39
17260 89.7
17270 89.71
17280 89.85
17290 89.27
17300 90.18
17310 89.6
17320 87.91
17330 89
17340 90.14
17350 89.19
17360 88.9
17370 88.59
17380 89.96
17390 89.28
17400 88.75
17410 87.22
17420 88.53
17430 89.02
17440 88.29
17450 88.05
17460 88.2
17470 82.95
17480 88.05
17490 88.31
17500 88.68
17510 86.62
17520 86.53
17530 87.7
17540 87.88
17550 84.66
17560 86.87
17570 83.72
17580 86.06
17590 86.95
17600 86.87
17610 84.54
17620 85.55
17630 83.62
17640 85.54
17650 83.48
17660 73.03
17670 83.8
17680 83.86
17690 82.88
17700 81.43
17710 80.06
17720 81.5
17730 80.51
17740 75.98
17750 77.35
17760 73.2
17770 75.17
17780 73.02
17790 66.76
17800 71.78
17810 64.31
17820 66.3
17830 66.2
17840 60.72
17850 52.11
17860 55.46
17870 53.43
17880 53.97
17890 51.06
17900 48.3
17910 42.56
17920 41.35
17930 37.22
17940 33.32
17950 33.64
17960 30.95
17970 27.68
17980 26.72
17990 26.34
18000 18.67
18010 15.04
18020 15.57
18030 15.81
18040 15.33
18050 15.44
18060 9.24
18070 10.03
18080 10.84
18090 9.92
18100 9.06
18110 5.63
18120 6.22
18130 4.52
18140 6.86
18150 5.01
18160 3.59
18170 4.45
18180 4.34
18190 3.39
18200 2.13
18210 1.49
18220 1.48
18230 2.48
18240 3.13
18250 2.36
18260 1.25
18270 1.52
18280 1.42
18290 0.84
18300 0.96
18310 0.69
18320 1.03
18330 0.88
18340 1.01
18350 0.35
18360 0.26
18370 0.34
18380 0.19
18390 0.52
18400 0.15
18410 0.36
18420 0.07
18430 0.36
18440 0.41
18450 0.64
18460 0.43
18470 0.06
18480 0.04
18490 0.15
18500 0.26
18510 0.21
18520 0.36
18530 0.11
18540 0.06
18550 0.21
18560 0.23
18570 0.07
18580 0.14
18590 0.11
18600 0.03
18610 0.08
18620 0.18
18630 0.15
18640 0.1
18650 0.11
18660 0.19
18670 0
18680 0
18690 0.1
18700 0.04
18710 0.01
18720 0.04
18730 0.02
18740 0.02
18750 0.03
18760 0.02
18770 0.03
18780 0.13
18790 0.16
18800 0.07
18810 0.04
18820 0.07
18830 0
18840 0.02
18850 0.06
18860 0.04
18870 0.04
18880 0.09
18890 0.04
18900 0
18910 0.02
18920 0.02
18930 0.03
18940 0.04
18950 0.09
18960 0.05
18970 0.05
18980 0.04
18990 0.02
19000 0
19010 0.02
19020 0.04
19030 0
19040 0.03
19050 0.01
19060 0
19070 0
19080 0.04
19090 0.03
19100 0.03
19110 0.02
19120 0.01
19130 0.01
19140 0
19150 0.02
19160 0.02
19170 0.01
19180 0.03
19190 0.02
19200 0
19210 0
19220 0.02
19230 0.02
19240 0
19250 0.02
19260 0.02
19270 0
19280 0.01
19290 0
19300 0.01
19310 0
19320 0.01
19330 0.01
19340 0
19350 0.02
19360 0.01
19370 0
19380 0.01
19390 0
32000 0
