"wave" "response"
20004.66386 3.40710294011251e-12
20020.74478 3.03097366749453e-12
20036.8257 2.68931760113277e-12
20052.90662 2.26218110780268e-12
20068.98754 1.96171249687495e-12
20085.06846 1.84457728706491e-12
20101.14938 1.6707222746953e-12
20117.2303 1.35840450470757e-12
20133.31122 1.13540683304439e-12
20149.39214 1.49961078566761e-12
20165.47306 1.71209400570418e-12
20181.55398 1.53738151431917e-12
20197.6349 1.03197844908187e-12
20213.71582 7.66000961562258e-13
20229.79674 6.89456961998047e-13
20245.87766 7.00988888860564e-13
20261.95858 5.76573169094896e-13
20278.03949 4.79061279724246e-13
20294.12041 3.28280176475856e-13
20310.20133 2.13270314861815e-13
20326.28225 1.06625877454181e-13
20342.36317 5.95699881841227e-14
20358.44409 1.25489776541784e-14
20374.52501 8.38249313334573e-14
20390.60593 2.3385595806497e-13
20406.68685 2.42876319850447e-13
20422.76777 2.56007361481048e-14
20438.84869 2.45368691790148e-15
20454.92961 5.08392873171666e-15
20471.01053 1.11636409461148e-13
20487.09145 3.79071070275285e-13
20503.17237 5.61635793286589e-13
20519.25329 8.8704552783623e-13
20535.33421 1.28312870897686e-12
20551.41513 9.54458076229168e-13
20567.49605 7.95825835502516e-13
20583.57697 7.43018411884807e-13
20599.65788 7.95433717537467e-13
20615.7388 9.2433900241456e-13
20631.81972 1.09654252979595e-12
20647.90064 1.12306185189186e-12
20663.98156 1.0181853028765e-12
20680.06248 7.34486009446082e-13
20696.1434 5.67321903865908e-13
20712.22432 6.05502606789149e-13
20728.30524 8.90221494239458e-13
20744.38616 8.9756449700558e-13
20760.46708 8.96462096708435e-13
20776.548 1.71999041371741e-12
20792.62892 2.08683721178889e-12
20808.70984 2.49924501524802e-12
20824.79076 2.55003060986365e-12
20840.87168 2.27065576662666e-12
20856.9526 2.34616895145168e-12
20873.03352 2.60371221069781e-12
20889.11444 3.28744907444455e-12
20905.19536 4.18741450500317e-12
20921.27627 4.38272397806605e-12
20937.35719 4.62554681715963e-12
20953.43811 3.14228024415584e-12
20969.51903 2.59529979005019e-12
20985.59995 5.9254864883053e-12
21001.68087 1.08348153619854e-11
21017.76179 1.46122467120124e-11
21033.84271 1.73035336001329e-11
21049.92363 2.12027796878645e-11
21066.00455 2.58172556410109e-11
21082.08547 2.65455272048572e-11
21098.16639 1.88054909154027e-11
21114.24731 9.33751792521823e-12
21130.32823 3.79599411340696e-12
21146.40915 3.69604036174926e-12
21162.49007 4.90201881546844e-12
21178.57099 4.2924566318194e-12
21194.65191 2.3088921445828e-12
21210.73283 4.39599359428948e-13
21226.81375 2.744777456338e-13
21242.89466 9.36199922302458e-13
21258.97558 5.34543171293008e-13
21275.0565 1.85521969257896e-13
21291.13742 1.43599491471206e-13
21307.21834 1.39474648244652e-13
21323.29926 1.43886838373268e-13
21339.38018 1.89043453830648e-13
21355.4611 2.60284981269479e-13
21371.54202 1.61982194846878e-13
21387.62294 1.24033853761006e-13
21403.70386 1.21162354812587e-13
21419.78478 1.19271491096154e-13
21435.8657 1.18150013054284e-13
21451.94662 1.17313439859471e-13
21468.02754 1.69921618040414e-13
21484.10846 8.83200085819803e-13
21500.18938 1.92010450134188e-12
21516.2703 1.18519494440931e-12
21532.35122 1.78581112875598e-12
21548.43214 1.66838176472401e-12
21564.51305 6.09463896090692e-13
21580.59397 1.90686213677966e-13
21596.67489 1.48168030417716e-13
21612.75581 2.17592581470703e-13
21628.83673 5.44285877571828e-13
21644.91765 5.78470394226905e-13
21660.99857 6.29969083329421e-13
21677.07949 1.00872866586056e-12
21693.16041 2.30630751600447e-12
21709.24133 1.58659798830069e-12
21725.32225 3.66941148535205e-13
21741.40317 1.6394311253895e-13
21757.48409 2.59820056818532e-13
21773.56501 1.01465354412879e-12
21789.64593 2.15250289959256e-12
21805.72685 3.39747403280494e-12
21821.80777 1.23831460477144e-12
21837.88869 3.62401810224895e-13
21853.96961 2.70825803013642e-13
21870.05053 7.41010279977571e-13
21886.13145 7.67629591563733e-12
21902.21236 1.46067888058502e-11
21918.29328 1.69959957617717e-11
21934.3742 2.09604617580809e-11
21950.45512 2.70089194130981e-11
21966.53604 2.76974974046546e-11
21982.61696 2.64886851779911e-11
21998.69788 2.6845311779783e-11
22014.7788 1.64043761571222e-11
22030.85972 7.3550324629503e-12
22046.94064 1.47003922875228e-12
22063.02156 5.21488985672755e-13
22079.10248 5.7074530362522e-13
22095.1834 6.37017466187477e-13
22111.26432 7.35324380720526e-13
22127.34524 8.82184979248539e-13
22143.42616 1.26267511733376e-12
22159.50708 2.0209114784566e-12
22175.588 3.84575951014182e-12
22191.66892 7.42147992201605e-12
22207.74984 2.16680227336308e-11
22223.83075 6.79316677775748e-11
22239.91167 1.21773379853675e-10
22255.99259 1.74739755280456e-10
22272.07351 4.70883533911009e-10
22288.15443 4.8302267460491e-10
22304.23535 3.63642680900516e-10
22320.31627 2.68330626024444e-10
22336.39719 2.39415877282647e-10
22352.47811 2.62104875070645e-10
22368.55903 3.89832717249143e-10
22384.63995 6.76028736501473e-10
22400.72087 7.40742604746436e-10
22416.80179 8.63808649186947e-10
22432.88271 1.02245084052376e-09
22448.96363 1.19391358188515e-09
22465.04455 1.1601484961253e-09
22481.12547 1.21322731593181e-09
22497.20639 1.2216219546808e-09
22513.28731 1.05379686346278e-09
22529.36823 1.15154482771348e-09
22545.44914 1.42994518336998e-09
22561.53006 1.54383547375353e-09
22577.61098 1.14806751205004e-09
22593.6919 8.74789452862705e-10
22609.77282 6.50540525271855e-10
22625.85374 4.7107072942498e-10
22641.93466 3.32157132803021e-10
22658.01558 2.44590093177803e-10
22674.0965 2.11528697411591e-10
22690.17742 1.11145951374367e-09
22706.25834 1.66922963146991e-09
22722.33926 1.70026495029571e-10
22738.42018 3.0505990201668e-10
22754.5011 2.39238545497386e-09
22770.58202 8.45330583848049e-09
22786.66294 1.19193530939759e-08
22802.74386 1.04462107860877e-08
22818.82478 8.20821338693435e-09
22834.9057 7.14050942736848e-09
22850.98662 1.02697931520858e-08
22867.06753 1.64103097018106e-08
22883.14845 2.20641355014562e-08
22899.22937 3.82941086471392e-08
22915.31029 2.90464793960349e-08
22931.39121 2.60523039744618e-08
22947.47213 2.20019816725145e-08
22963.55305 2.19259619268794e-08
22979.63397 2.67532821198812e-08
22995.71489 3.63281741055019e-08
23011.79581 4.64492035278896e-08
23027.87673 5.31464799110467e-08
23043.95765 6.17866070635312e-08
23060.03857 5.4296536328067e-08
23076.11949 4.13087811448472e-08
23092.20041 3.34556742403325e-08
23108.28133 3.19467009154972e-08
23124.36225 3.8000844842922e-08
23140.44317 5.06244597700142e-08
23156.52409 6.88252085139245e-08
23172.60501 9.49009468350413e-08
23188.68592 1.10282543808831e-07
23204.76684 1.25667662814049e-07
23220.84776 1.51751403475909e-07
23236.92868 2.322422367258e-07
23253.0096 3.28306242051217e-07
23269.09052 4.52359260992985e-07
23285.17144 6.16815633641594e-07
23301.25236 6.54397187052985e-07
23317.33328 6.88804108690869e-07
23333.4142 7.38454261492925e-07
23349.49512 9.04027266139876e-07
23365.57604 1.02136563321567e-06
23381.65696 1.04222470056494e-06
23397.73788 1.07713153593123e-06
23413.8188 1.12512381485736e-06
23429.89972 1.16176547226037e-06
23445.98064 1.30218948637941e-06
23462.06156 1.54119753455601e-06
23478.14248 1.83624444639641e-06
23494.2234 1.747553068416e-06
23510.30431 1.64318186651925e-06
23526.38523 1.63349910557546e-06
23542.46615 1.60714406573641e-06
23558.54707 1.62495669563153e-06
23574.62799 1.29533430097659e-06
23590.70891 1.1073792060055e-06
23606.78983 9.2354189177703e-07
23622.87075 8.86528748814834e-07
23638.95167 8.75866265886854e-07
23655.03259 8.90325255031458e-07
23671.11351 9.29104589493827e-07
23687.19443 9.66642205775854e-07
23703.27535 9.69832014917248e-07
23719.35627 9.50847690323187e-07
23735.43719 9.40715439503961e-07
23751.51811 9.30857813454087e-07
23767.59903 1.02003718320062e-06
23783.67995 1.1904537178987e-06
23799.76087 1.3842585844981e-06
23815.84179 1.61141764703976e-06
23831.92271 1.78335644354769e-06
23848.00362 1.93059365672914e-06
23864.08454 2.09407626603521e-06
23880.16546 1.85318339236369e-06
23896.24638 1.7807857567941e-06
23912.3273 1.76224758764845e-06
23928.40822 1.75810305910271e-06
23944.48914 1.81113402589262e-06
23960.57006 1.92021369875e-06
23976.65098 2.10488293365741e-06
23992.7319 2.43217089009182e-06
24008.81282 2.77989248614204e-06
24024.89374 2.81829412589351e-06
24040.97466 2.83660370809023e-06
24057.05558 2.67418097060674e-06
24073.1365 2.52659523501385e-06
24089.21742 2.43703001570625e-06
24105.29834 2.43555830097032e-06
24121.37926 2.47310793528912e-06
24137.46018 2.49103341845879e-06
24153.5411 2.21644939498444e-06
24169.62201 2.13802566501563e-06
24185.70293 2.05260165628999e-06
24201.78385 2.04264856589394e-06
24217.86477 2.14520874936284e-06
24233.94569 2.37454878774706e-06
24250.02661 2.8087221699533e-06
24266.10753 3.14054514805722e-06
24282.18845 3.28669137483916e-06
24298.26937 2.88292142189246e-06
24314.35029 2.52406759641024e-06
24330.43121 2.24733549926823e-06
24346.51213 2.10462795533288e-06
24362.59305 2.81619004251753e-06
24378.67397 2.86495624065479e-06
24394.75489 3.02029661681983e-06
24410.83581 3.29128543669109e-06
24426.91673 3.60469161074966e-06
24442.99765 3.5474865860777e-06
24459.07857 3.5197107469379e-06
24475.15949 3.18633161641662e-06
24491.2404 3.0108557649313e-06
24507.32132 2.54336499611052e-06
24523.40224 2.37299087359085e-06
24539.48316 2.58272494320845e-06
24555.56408 2.83911208425589e-06
24571.645 2.89916954697707e-06
24587.72592 3.20140989574768e-06
24603.80684 2.68472440633382e-06
24619.88776 2.13711563433588e-06
24635.96868 2.13294367783033e-06
24652.0496 2.23877200071125e-06
24668.13052 2.4947099410049e-06
24684.21144 2.88272750238225e-06
24700.29236 2.65250008389451e-06
24716.37328 2.57366877791144e-06
24732.4542 3.13339588333002e-06
24748.53512 3.9337499015698e-06
24764.61604 4.72885838017012e-06
24780.69696 6.11301011726768e-06
24796.77788 6.23325169473677e-06
24812.85879 6.27314695845019e-06
24828.93971 6.57053417152348e-06
24845.02063 5.28092963273595e-06
24861.10155 5.1508961231974e-06
24877.18247 5.08517424576334e-06
24893.26339 5.03382370982491e-06
24909.34431 5.0063701934525e-06
24925.42523 4.99137350460203e-06
24941.50615 4.50861321258239e-06
24957.58707 4.23464280558268e-06
24973.66799 4.66574729032943e-06
24989.74891 4.4941355035319e-06
24997.78162 3.02966292385832e-06
25011.29393 3.92116852991252e-06
25024.80624 3.88845311336772e-06
25038.31856 5.49627651855726e-06
25051.83087 1.31335212680999e-06
25065.34319 3.51641591533936e-06
25078.8555 3.86371690152241e-06
25092.36782 3.66758011643624e-06
25105.88013 4.10421570928299e-06
25119.39244 4.62864996218961e-06
25132.90476 3.4963166456584e-06
25146.41707 3.57199085092649e-06
25159.92939 3.87360303101816e-06
25173.4417 3.78202556866524e-06
25186.95402 6.43376766719859e-06
25200.46633 5.93954375730282e-06
25213.97865 5.58237799240397e-06
25227.49096 3.93946437382825e-06
25241.00327 4.61760655114508e-06
25254.51559 5.12798498864286e-06
25268.0279 5.54941994385766e-06
25281.54022 2.70442087187631e-06
25295.05253 4.05481762555245e-06
25308.56485 1.99015372609059e-06
25322.07716 3.68859190378823e-06
25335.58948 3.56462589349733e-06
25349.10179 5.31183393660609e-06
25362.6141 4.85788248799305e-06
25376.12642 5.23167330132977e-06
25389.63873 6.13901877397443e-06
25403.15105 1.26729074705787e-06
25416.66336 1.66978746013027e-06
25430.17568 3.34438680556994e-06
25443.68799 4.74994280927611e-06
25457.2003 1.46276121540052e-06
25470.71262 3.49560937072987e-06
25484.22493 2.00629576347411e-06
25497.73725 4.85088196971981e-06
25511.24956 6.34121675628099e-06
25524.76188 3.74593944406574e-06
25538.27419 4.33726165099117e-06
25551.78651 3.34224974059478e-06
25565.29882 3.43368391579815e-06
25578.81113 4.38061875511707e-06
25592.32345 5.53622357467572e-06
25605.83576 3.72947140990783e-06
25619.34808 6.50889455670672e-06
25632.86039 5.31212303530869e-06
25646.37271 3.2264566961032e-06
25659.88502 3.9782643965335e-06
25673.39733 5.20826502526639e-06
25686.90965 3.78584852893907e-06
25700.42196 2.54097979985035e-06
25713.93428 2.64748823353094e-06
25727.44659 3.56765716112998e-06
25740.95891 3.65029684135441e-06
25754.47122 3.30520281106595e-06
25767.98354 4.0425159153342e-06
25781.49585 4.75854496751334e-06
25795.00816 4.20589977968152e-06
25808.52048 3.90105057705405e-06
25822.03279 6.49773020218167e-06
25835.54511 4.01326395717006e-06
25849.05742 2.99252701809291e-06
25862.56974 4.36673935583358e-06
25876.08205 3.38512733623658e-06
25889.59437 4.67868777807547e-06
25903.10668 6.31699581944357e-06
25916.61899 4.94754678435771e-06
25930.13131 3.02283809028294e-06
25943.64362 2.40507848015748e-06
25957.15594 5.22616361497153e-06
25970.66825 4.0301871882193e-06
25984.18057 4.51964046267489e-06
25997.69288 2.897536473996e-06
26011.20519 3.15353254004468e-06
26024.71751 2.28143518628502e-06
26038.22982 4.89554444258595e-06
26051.74214 3.5065187484333e-06
26065.25445 1.96766118640222e-06
26078.76677 2.68030203654312e-06
26092.27908 2.03190442415045e-06
26105.7914 4.26559654050904e-06
26119.30371 4.78782386815143e-06
26132.81602 3.40253797136141e-06
26146.32834 3.59669669707007e-06
26159.84065 4.03352441599876e-06
26173.35297 3.40111455250375e-06
26186.86528 3.86723158852367e-06
26200.3776 4.41926694482732e-06
26213.88991 3.78940006832819e-06
26227.40222 3.35415659482713e-06
26240.91454 3.50657370508938e-06
26254.42685 3.02268985051709e-06
26267.93917 4.40592040627964e-06
26281.45148 6.50698493143974e-06
26294.9638 7.45917405253916e-06
26308.47611 4.82386211081654e-06
26321.98843 5.91362082420193e-06
26335.50074 5.59293491513604e-06
26349.01305 4.97776018491882e-06
26362.52537 5.11494450291654e-06
26376.03768 6.11049789537913e-06
26389.55 4.37729867862551e-06
26403.06231 2.25815133210483e-06
26416.57463 2.03809786860346e-06
26430.08694 5.12316745839318e-06
26443.59925 5.03723845710607e-06
26457.11157 6.41224030681289e-06
26470.62388 5.0100010311979e-06
26484.1362 5.26004104453664e-06
26497.64851 3.89748414173492e-06
26511.16083 1.9779949715322e-06
26524.67314 3.69104975654264e-06
26538.18546 3.02960408171497e-06
26551.69777 1.90132451295806e-06
26565.21008 1.83636852424806e-06
26578.7224 3.57251056819982e-06
26592.23471 5.70943396530432e-06
26605.74703 3.62383334715539e-06
26619.25934 3.19811893665705e-06
26632.77166 4.61773641163618e-06
26646.28397 4.74288405012803e-06
26659.79629 5.23207583777851e-06
26673.3086 4.8049642417256e-06
26686.82091 3.9873430234871e-06
26700.33323 2.93583546031534e-06
26713.84554 3.02175780564881e-06
26727.35786 3.97484393109426e-06
26740.87017 4.5542870728684e-06
26754.38249 5.79340862758902e-06
26767.8948 5.7200804401821e-06
26781.40711 5.19858227374079e-06
26794.91943 4.65674325481109e-06
26808.43174 3.91288898664983e-06
26821.94406 6.11511591412031e-06
26835.45637 5.40175246873107e-06
26848.96869 3.76530220445105e-06
26862.481 4.19374169465373e-06
26875.99332 3.75811192397196e-06
26889.50563 4.82344423476025e-06
26903.01794 2.40489174050538e-06
26916.53026 3.96692857046513e-06
26930.04257 3.66422246920367e-06
26943.55489 4.27780691316863e-06
26957.0672 3.88722560879217e-06
26970.57952 2.59555388527747e-06
26984.09183 3.17931248022262e-06
26997.60414 3.25040098929863e-06
27011.11646 4.18359914828397e-06
27024.62877 4.32741972672142e-06
27038.14109 4.54508959796537e-06
27051.6534 3.61115642272471e-06
27065.16572 2.3257057056924e-06
27078.67803 3.66370591959698e-06
27092.19035 5.64617354966162e-06
27105.70266 3.82940047189087e-06
27119.21497 3.37469353885537e-06
27132.72729 3.79140073354046e-06
27146.2396 2.45611084266911e-06
27159.75192 1.83609919736239e-06
27173.26423 3.16686488248399e-06
27186.77655 4.59267739773164e-06
27200.28886 3.1637669376308e-06
27213.80117 2.20435807025649e-06
27227.31349 3.80098456054585e-06
27240.8258 3.99028246648325e-06
27254.33812 4.04581127162922e-06
27267.85043 5.5451662011334e-06
27281.36275 2.77394630346238e-06
27294.87506 3.53783494120242e-06
27308.38738 3.70422416283557e-06
27321.89969 1.00641500758184e-06
27335.412 1.00853824189251e-06
27348.92432 1.04018284245129e-06
27362.43663 2.28105401396888e-06
27375.94895 3.13162167209597e-06
27389.46126 2.39105466861438e-06
27402.97358 1.665808648389e-06
27416.48589 1.77394727285552e-06
27429.99821 4.90848630280246e-06
27443.51052 2.91697952794491e-06
27457.02283 2.51092522985437e-06
27470.53515 3.4795670404126e-06
27484.04746 2.89519155772476e-06
27497.55978 3.85442176678155e-06
27511.07209 4.25247934744481e-06
27524.58441 2.52350642971971e-06
27538.09672 1.55553564449603e-06
27551.60903 2.22860021651104e-06
27565.12135 2.64454496518677e-06
27578.63366 1.64775437651679e-06
27592.14598 2.26382528326032e-06
27605.65829 2.87346512976379e-06
27619.17061 2.96120771403013e-06
27632.68292 2.43198377721147e-06
27646.19524 1.57670805238447e-06
27659.70755 2.19046289826612e-06
27673.21986 1.6856621543123e-06
27686.73218 1.09039194513916e-06
27700.24449 3.22865731701262e-06
27713.75681 1.36162518923669e-06
27727.26912 1.04551823403741e-06
27740.78144 1.87838837205058e-07
27754.29375 1.262472510949e-06
27767.80606 2.43113058754251e-06
27781.31838 4.63542591877544e-07
27794.83069 1.37166803647955e-08
27808.34301 1.1713959754166e-08
27821.85532 2.49585888742892e-06
27835.36764 3.66359930569196e-07
27848.87995 3.02536563265412e-07
27862.39227 1.59923829635291e-06
27875.90458 1.21088132620747e-06
27889.41689 1.65498272346295e-06
27902.92921 7.57725794842398e-07
27916.44152 2.30783790963046e-07
27929.95384 7.42648895940092e-07
27943.46615 6.07602047593437e-08
27956.97847 1.12731934748967e-06
27970.49078 2.0131443325095e-06
27984.00309 3.41160377685114e-07
27997.51541 2.52914065820353e-07
28011.02772 4.54997677433616e-09
28024.54004 3.21913409354834e-07
28038.05235 5.07809147735344e-07
28051.56467 1.87114810357294e-06
28065.07698 1.44314527722264e-06
28078.5893 1.68348071090407e-06
28092.10161 1.85132197908365e-06
28105.61392 7.71628801962709e-07
28119.12624 4.47963832203884e-07
28132.63855 1.28948850400544e-06
28146.15087 1.28163218522743e-06
28159.66318 1.13164469414026e-06
28173.1755 5.13043142510445e-07
28186.68781 1.68927528180036e-06
28200.20013 6.10950784113119e-07
28213.71244 5.7372818984331e-09
28227.22475 4.54594241794999e-09
28240.73707 6.39033892141825e-07
28254.24938 9.18543798414292e-07
28267.7617 1.5414157768437e-06
28281.27401 8.34892221251505e-07
28294.78633 8.18976601683456e-07
28308.29864 2.04403674531356e-06
28321.81095 1.74381181464256e-06
28335.32327 3.10656859079188e-07
28348.83558 7.27218777967405e-07
28362.3479 1.67644615837908e-06
28375.86021 1.52829103534663e-06
28389.37253 2.44390521865408e-08
28402.88484 5.90462647903691e-07
28416.39716 4.94363010145217e-07
28429.90947 7.55733008820393e-07
28443.42178 7.23072389266044e-07
28456.9341 7.65167141670977e-07
28470.44641 4.80667153705938e-09
28483.95873 6.65251274186483e-08
28497.47104 3.01969299647678e-08
28510.98336 1.99846049728262e-07
28524.49567 6.60375552473547e-07
28538.00798 8.85181886530321e-07
28551.5203 9.18637693841048e-08
28565.03261 4.47205903678033e-09
28578.54493 4.4670675354437e-09
28592.05724 2.36641095344535e-08
28605.56956 1.55910944208496e-07
28619.08187 4.44948624141604e-09
28632.59419 4.44637689561574e-09
28646.1065 6.17902478042199e-09
28659.61881 4.47842397351997e-09
28673.13113 4.44277041680515e-09
28686.64344 4.44011424324049e-09
28700.15576 4.95838270054983e-09
28713.66807 5.86364570844538e-09
28727.18039 2.1799182172443e-08
28740.6927 1.75058134892323e-07
28754.20501 2.13648154367467e-08
28767.71733 4.42896714011576e-09
28781.22964 4.42740017912764e-09
28794.74196 2.8857065896867e-07
28808.25427 4.42428454780645e-09
28821.76659 4.42268409962322e-09
28835.2789 4.42106608274956e-09
28848.79122 4.41941971690953e-09
28862.30353 1.29918082875997e-08
28875.81584 4.41070769273532e-09
28889.32816 4.40889512140191e-09
28902.84047 4.4072767704064e-09
28916.35279 6.58984297142345e-07
28929.8651 9.09564769040987e-07
28943.37742 3.32412881027789e-07
28956.88973 4.33851269007931e-08
28970.40205 4.4078766509308e-09
28983.91436 4.40659456599242e-09
28997.42667 3.67712140841936e-07
29010.93899 5.9146292411114e-09
29024.4513 4.39969029887847e-09
29037.96362 4.3965928765229e-09
29051.47593 4.39332235904335e-09
29064.98825 1.07209325009466e-08
29078.50056 4.38626019742098e-09
29092.01287 4.38246948007684e-09
29105.52519 4.37589421866044e-09
29119.0375 4.75253805702803e-09
29132.54982 1.26256924340312e-07
29146.06213 4.20904480804655e-07
29159.57445 1.60483727950571e-06
29173.08676 1.29609014382349e-08
29186.59908 4.35061746192463e-09
29200.11139 4.34631139785361e-09
29213.6237 4.34003952078034e-09
29227.13602 3.03624556533796e-07
29240.64833 8.12544460812514e-07
29254.16065 1.19525629204368e-06
29267.67296 1.06259044685202e-06
29281.18528 1.03061720878139e-06
29294.69759 3.38719091177766e-07
29308.2099 4.55772474396911e-09
29321.72222 7.6589924629149e-07
29335.23453 2.16551778320864e-06
29348.74685 1.47348952556667e-06
29362.25916 2.53296395368833e-06
29375.77148 1.02489143652779e-06
29389.28379 7.13448550656068e-07
29402.79611 1.77454014919735e-06
29416.30842 3.26581378769441e-06
29429.82073 8.99454458277372e-07
29443.33305 7.31715931219033e-07
29456.84536 9.39306498051583e-07
29470.35768 1.35210904859652e-06
29483.86999 1.11743019041552e-06
29497.38231 1.51388678045366e-06
29510.89462 2.67823606534976e-06
29524.40694 2.44065571802641e-06
29537.91925 8.58945589654218e-07
29551.43156 1.44529415012951e-06
29564.94388 1.92837581632756e-06
29578.45619 1.04755298794704e-06
29591.96851 8.66953591488859e-07
29605.48082 1.51014897179952e-06
29618.99314 1.95313957537601e-06
29632.50545 1.49486443556401e-06
29646.01776 7.4234468523925e-07
29659.53008 1.71091706209614e-06
29673.04239 1.86906267753416e-06
29686.55471 1.70718617562721e-06
29700.06702 1.36489493969665e-06
29713.57934 2.5934961075181e-06
29727.09165 1.4816078624346e-06
29740.60397 8.28682682734113e-07
29754.11628 5.97907299064904e-07
29767.62859 1.41363630918116e-06
29781.14091 1.46272229249624e-06
29794.65322 2.71644559910631e-07
29808.16554 4.14903240685408e-07
29821.67785 1.57828510639065e-06
29835.19017 5.27044821126978e-07
29848.70248 7.71462226982592e-08
29862.21479 1.77710262667684e-08
29875.72711 1.29045325083344e-06
29889.23942 2.76310754022611e-06
29902.75174 2.88495568450999e-06
29916.26405 3.27301385550129e-06
29929.77637 3.75599115005738e-06
29943.28868 2.58944481168239e-06
29956.801 1.1751913844323e-06
29970.31331 7.27415234055709e-07
29983.82562 1.38063431697723e-06
29997.33794 2.06531025728149e-06
30010.85025 2.66307785173099e-06
30024.36257 2.89120577581851e-06
30037.87488 3.46700636502141e-06
30051.3872 2.60255304423383e-06
30064.89951 1.32631301206443e-06
30078.41182 3.95363045746362e-07
30091.92414 1.70961085624317e-06
30105.43645 2.9262067922066e-06
30118.94877 3.21236912190695e-06
30132.46108 3.08634488716881e-06
30145.9734 3.17503037612553e-06
30159.48571 3.52307534738122e-06
30172.99803 3.4014292759013e-06
30186.51034 3.00339719947462e-06
30200.02265 2.90981087222497e-06
30213.53497 2.75986254982469e-06
30227.04728 2.20280204818731e-06
30240.5596 1.30943604191139e-06
30254.07191 1.84591681630729e-06
30267.58423 2.87598303384643e-06
30281.09654 3.35455239302109e-06
30294.60886 2.92099297322584e-06
30308.12117 1.8424594327185e-06
30321.63348 1.45894492967384e-06
30335.1458 2.30973778964523e-06
30348.65811 2.04259966812354e-06
30362.17043 1.31912335906953e-06
30375.68274 1.87443069382393e-06
30389.19506 2.36538461979697e-06
30402.70737 2.19935670806364e-06
30416.21968 2.75987242313596e-06
30429.732 3.12665658492656e-06
30443.24431 2.94783522315674e-06
30456.75663 2.54486830529172e-06
30470.26894 2.50135083418122e-06
30483.78126 4.07559767863341e-06
30497.29357 3.21971432317405e-06
30510.80589 3.20153926061064e-06
30524.3182 2.38356252182641e-06
30537.83051 2.42675469817754e-06
30551.34283 2.79108116896451e-06
30564.85514 2.77352998342926e-06
30578.36746 3.40439970994996e-06
30591.87977 3.10108499782655e-06
30605.39209 3.39253698051866e-06
30618.9044 4.17652679844988e-06
30632.41671 4.42236165092594e-06
30645.92903 3.98870529814529e-06
30659.44134 2.7776322864623e-06
30672.95366 2.1253749011555e-06
30686.46597 2.56127002871971e-06
30699.97829 2.98474319525019e-06
30713.4906 3.10407231493365e-06
30727.00292 3.034544137416e-06
30740.51523 3.2760206922387e-06
30754.02754 2.95857570030664e-06
30767.53986 3.91277691603652e-06
30781.05217 4.67690266819105e-06
30794.56449 4.52563755134837e-06
30808.0768 4.10189684037967e-06
30821.58912 3.87347782219113e-06
30835.10143 3.73297764154526e-06
30848.61374 5.1271190353467e-06
30862.12606 4.51057171007749e-06
30875.63837 5.01569163665154e-06
30889.15069 5.30152174376576e-06
30902.663 5.02738605468751e-06
30916.17532 5.23003996736513e-06
30929.68763 6.19609743080673e-06
30943.19995 5.96678857227965e-06
30956.71226 6.15188560016925e-06
30970.22457 7.16326690877977e-06
30983.73689 5.84043312436192e-06
30997.2492 5.71641897194166e-06
31010.76152 8.24217948756845e-06
31024.27383 9.62727308656283e-06
31037.78615 9.10302422350472e-06
31051.29846 7.80123984885633e-06
31064.81078 8.14921268588926e-06
31078.32309 8.97496065619351e-06
31091.8354 8.16515123410019e-06
31105.34772 8.97589445014839e-06
31118.86003 1.19266409376283e-05
31132.37235 1.12938219302241e-05
31145.88466 9.77052610886336e-06
31159.39698 9.18835387990056e-06
31172.90929 1.00960076956379e-05
31186.4216 1.17991305493214e-05
31199.93392 1.06364075784264e-05
31213.44623 9.38765599229828e-06
31226.95855 1.27929727326517e-05
31240.47086 1.34022524444181e-05
31253.98318 1.31778452780667e-05
31267.49549 1.25219544186251e-05
31281.00781 1.32526807935424e-05
31294.52012 1.67381157748028e-05
31308.03243 1.78679713071505e-05
31321.54475 1.90723842035577e-05
31335.05706 2.01258004298534e-05
31348.56938 2.15796038988835e-05
31362.08169 2.34248914545233e-05
31375.59401 2.21145021509649e-05
31389.10632 2.46238704373987e-05
31402.61863 2.73312905302644e-05
31416.13095 2.83527114317116e-05
31429.64326 2.89150567868092e-05
31443.15558 3.09757060440366e-05
31456.66789 3.23201605353667e-05
31470.18021 3.16633097190647e-05
31483.69252 3.17296402578021e-05
31497.20484 3.46709771535679e-05
31510.71715 3.66674028809789e-05
31524.22946 3.71934403751506e-05
31537.74178 3.78198405794991e-05
31551.25409 4.03220317028074e-05
31564.76641 4.24426204689134e-05
31578.27872 4.33115208521185e-05
31591.79104 4.33805382750709e-05
31605.30335 4.52875544112215e-05
31618.81566 4.88414201157358e-05
31632.32798 4.95461183542553e-05
31645.84029 4.9979660987772e-05
31659.35261 5.2277120497044e-05
31672.86492 5.51210915612794e-05
31686.37724 5.56551574231172e-05
31699.88955 5.80702919868411e-05
31713.40187 6.0004132179575e-05
31726.91418 5.92046450193044e-05
31740.42649 5.92273073021861e-05
31753.93881 5.99753722664792e-05
31767.45112 6.14685964468628e-05
31780.96344 6.51467014390013e-05
31794.47575 6.67891379432787e-05
31807.98807 6.57829061870705e-05
31821.50038 6.6847739292657e-05
31835.0127 6.87205002857387e-05
31848.52501 6.68465690120912e-05
31862.03732 6.35384243034122e-05
31875.54964 6.53010414714149e-05
31889.06195 6.76695591316533e-05
31902.57427 6.76475899124653e-05
31916.08658 6.66320321310011e-05
31929.5989 6.47059448852563e-05
31943.11121 6.7002647351654e-05
31956.62352 6.83230404319924e-05
31970.13584 6.90521619679504e-05
31983.64815 6.87864508088219e-05
31997.16047 6.58331788566705e-05
32010.67278 6.43008427477469e-05
32024.1851 6.5198758547705e-05
32037.69741 6.55225845264228e-05
32051.20973 6.45871291675777e-05
32064.72204 6.54931540229316e-05
32078.23435 6.85353688354446e-05
32091.74667 7.10754921305511e-05
32105.25898 7.22330608518481e-05
32118.7713 7.28515705120016e-05
32132.28361 7.13466577199757e-05
32145.79593 7.18084238437134e-05
32159.30824 7.229836995732e-05
32172.82055 7.28631487333606e-05
32186.33287 7.37103300379939e-05
32199.84518 7.50121015117438e-05
32213.3575 7.59840783373236e-05
32226.86981 7.67277778940527e-05
32240.38213 7.65398329850616e-05
32253.89444 7.6193956608005e-05
32267.40676 7.67554734333375e-05
32280.91907 8.00137735537723e-05
32294.43138 8.53136749206861e-05
32307.9437 8.64957362976458e-05
32321.45601 8.64989476992407e-05
32334.96833 8.65894580143614e-05
32348.48064 8.85871451053671e-05
32361.99296 8.96242326586342e-05
32375.50527 9.18902615004401e-05
32389.01759 9.5450604869783e-05
32402.5299 9.83915298253896e-05
32416.04221 9.99565592693878e-05
32429.55453 0.000100902343495314
32443.06684 0.000106997362535851
32456.57916 0.000111651338793767
32470.09147 0.000114069796689684
32483.60379 0.000115759944678333
32497.1161 0.000117013754695754
32510.62841 0.00012236136850715
32524.14073 0.000130513531704468
32537.65304 0.000136619311063554
32551.16536 0.0001396751518319
32564.67767 0.000144657704309033
32578.18999 0.000150672702546001
32591.7023 0.000156030852306204
32605.21462 0.000163939965740439
32618.72693 0.000174486905345107
32632.23924 0.000185668334959258
32645.75156 0.000196705690087536
32659.26387 0.000207132076098792
32672.77619 0.000217011152349311
32686.2885 0.000229337615687284
32699.80082 0.000244779016525553
32713.31313 0.000260921413072688
32726.82544 0.000275990317645338
32740.33776 0.000292768121049831
32753.85007 0.00031350791860088
32767.36239 0.000335405290369393
32780.8747 0.000360360116046408
32794.38702 0.000387815355542947
32807.89933 0.000417102196720985
32821.41165 0.000450872803738227
32834.92396 0.00048937726078469
32848.43627 0.000531419277308874
32861.94859 0.000576101188394871
32875.4609 0.000625934386512498
32888.97322 0.000683864247283019
32902.48553 0.00075039102325633
32915.99785 0.000820774388177691
32929.51016 0.0008975369821204
32943.02247 0.000985984709207433
32956.53479 0.00108369979512937
32970.0471 0.00119028291198775
32983.55942 0.00130936594743188
32997.07173 0.00144074440667218
33010.58405 0.00158342025786804
33024.09636 0.00173830321922131
33037.60868 0.00190744661117565
33051.12099 0.00209292514374573
33064.6333 0.00229104128674471
33078.14562 0.00249786684004331
33091.65793 0.00271893899484475
33105.17025 0.00295243648022607
33118.68256 0.00319654227745065
33132.19488 0.00344533921184933
33145.70719 0.00369951133232149
33159.21951 0.00395282293080168
33172.73182 0.0042031662405113
33186.24413 0.00445279438164137
33199.75645 0.00469864797227913
33213.26876 0.00493586214857923
33226.78108 0.00515796051926909
33240.29339 0.00536787989782232
33253.80571 0.00556586064479858
33267.31802 0.00575246938011931
33280.83033 0.00592726268720242
33294.34265 0.00609113605479382
33307.85496 0.0062400549518136
33321.36728 0.00637847050822934
33334.87959 0.00651139883460862
33348.39191 0.00664306237993879
33361.90422 0.00676284262167746
33375.41654 0.00687873697022477
33388.92885 0.00699829743105696
33402.44116 0.00711787328025186
33415.95348 0.00722594113189614
33429.46579 0.0073404365165831
33442.97811 0.00746124431745858
33456.49042 0.0075891453050903
33470.00274 0.00772254061871795
33483.51505 0.007868080806651
33497.02736 0.00802870282586167
33510.53968 0.00817445106397595
33524.05199 0.00832574607976172
33537.56431 0.00849459560520617
33551.07662 0.00867713710225806
33564.58894 0.00887091282792681
33578.10125 0.00908149819892707
33591.61357 0.00931362624425194
33605.12588 0.0096011588267537
33618.63819 0.00997230255324864
33632.15051 0.0103739232977647
33645.66282 0.0108096776121208
33659.17514 0.011283811533579
33672.68745 0.0118006178271392
33686.19977 0.0123572025249613
33699.71208 0.0129595554833871
33713.22439 0.0137280551482397
33726.73671 0.0145773290015597
33740.24902 0.0155165551928725
33753.76134 0.0165150385978091
33767.27365 0.0176042576386703
33780.78597 0.018793798155656
33794.29828 0.0200950781891893
33807.8106 0.0214421068522125
33821.32291 0.0228589646004028
33834.83522 0.0244070777036679
33848.34754 0.0260964163840194
33861.85985 0.0279450487612358
33875.37217 0.0299678809017255
33888.88448 0.032187949845061
33902.3968 0.0346016326357495
33915.90911 0.0371449846727786
33929.42143 0.0399287341589453
33942.93374 0.0429810134389961
33956.44605 0.0463185818247708
33969.95837 0.0499617889512238
33983.47068 0.0539423935202173
33996.983 0.0582904520212914
34010.49531 0.0630333658428693
34024.00763 0.0681994152329101
34037.51994 0.0738228976803745
34051.03225 0.079943870105961
34064.54457 0.0865920646271269
34078.05688 0.0937974963071548
34091.5692 0.101606441771751
34105.08151 0.110127135051129
34118.59383 0.119203589951399
34132.10614 0.128909940682212
34145.61846 0.13923611388998
34159.13077 0.150329325598255
34172.64308 0.161877930604223
34186.1554 0.173949798381618
34199.66771 0.186459188467346
34213.18003 0.199464429217798
34226.69234 0.212758759072819
34240.20466 0.226219235714436
34253.71697 0.239710079183343
34267.22928 0.253045868893136
34280.7416 0.266025617854425
34294.25391 0.278589661393153
34307.76623 0.290552595481398
34321.27854 0.301824467104056
34334.79086 0.312372466897859
34348.30317 0.322016108105021
34361.81549 0.330829166994867
34375.3278 0.338772020697086
34388.84011 0.345819848563236
34402.35243 0.35197015202366
34415.86474 0.357109756000834
34429.37706 0.361470654545334
34442.88937 0.365594985504269
34456.40169 0.368691898091676
34469.914 0.371264604768931
34483.42631 0.373532486848758
34496.93863 0.375507230531307
34510.45094 0.377076276871342
34523.96326 0.378441573809762
34537.47557 0.379612039401499
34550.98789 0.380635354966873
34564.5002 0.381550625017605
34578.01252 0.382409457652475
34591.52483 0.383229768913504
34605.03714 0.384168205964203
34618.54946 0.385325017810486
34632.06177 0.386510236114064
34645.57409 0.38775733687149
34659.0864 0.389065942039678
34672.59872 0.39045055362777
34686.11103 0.39191266123137
34699.62335 0.393454921757189
34713.13566 0.394815061245314
34726.64797 0.396240820993582
34740.16029 0.397755423848396
34753.6726 0.399339706806327
34767.18492 0.401323035316272
34780.69723 0.403168091792567
34794.20955 0.405129523742144
34807.72186 0.407394415993526
34821.23417 0.409566242804581
34834.74649 0.411773817333697
34848.2588 0.414021880817581
34861.77112 0.416295921967224
34875.28343 0.41859165226359
34888.79575 0.420887798850934
34902.30806 0.423192159179409
34915.82038 0.425584276169308
34929.33269 0.427934460661852
34942.845 0.430249506412513
34956.35732 0.432516643270761
34969.86963 0.434725695377292
34983.38195 0.43687151033351
34996.89426 0.43892308600495
35010.40658 0.440849691398449
35023.91889 0.442672241006931
35037.4312 0.44440257700749
35050.94352 0.446045354160006
35064.45583 0.447585905455952
35077.96815 0.449455808629872
35091.48046 0.450903692654705
35104.99278 0.452418537719151
35118.50509 0.453876217399938
35132.01741 0.454957707777821
35145.52972 0.455933884187203
35159.04203 0.456807811661891
35172.55435 0.457587745057165
35186.06666 0.458292298519179
35199.57898 0.458895909187253
35213.09129 0.45934836754463
35226.60361 0.45973273809603
35240.11592 0.460057966218052
35253.62824 0.460322922812065
35267.14055 0.460515400061657
35280.65286 0.46065135870072
35294.16518 0.460743072726591
35307.67749 0.460746477469909
35321.18981 0.46070096303721
35334.70212 0.460634272673043
35348.21444 0.460991648229955
35361.72675 0.460996582116389
35375.23906 0.460894827302302
35388.75138 0.460798616687049
35402.26369 0.460682984785149
35415.77601 0.460463759185516
35429.28832 0.460756025772043
35442.80064 0.460633054220153
35456.31295 0.460514389637696
35469.82527 0.460435173743049
35483.33758 0.460391341237339
35496.84989 0.460400270671742
35510.36221 0.460437585834508
35523.87452 0.461020255524671
35537.38684 0.461138417500325
35550.89915 0.461303680750558
35564.41147 0.461540672491642
35577.92378 0.461839830881972
35591.43609 0.462196195687178
35604.94841 0.462638626778298
35618.46072 0.463197392566478
35631.97304 0.463825661435071
35645.48535 0.464517697398098
35658.99767 0.465259972654573
35672.50998 0.466052981020143
35686.0223 0.467208565054735
35699.53461 0.468300553075833
35713.04692 0.469163356700458
35726.55924 0.470054214458023
35740.07155 0.470978485899905
35753.58387 0.47192059259076
35767.09618 0.472877504408289
35780.6085 0.474388458157239
35794.12081 0.475365802813173
35807.63312 0.476313001490028
35821.14544 0.477233832193193
35834.65775 0.47813523997953
35848.17007 0.479484089091343
35861.68238 0.480458851825166
35875.1947 0.481302195421139
35888.70701 0.482117308003612
35902.21933 0.482872857614708
35915.73164 0.483528340933654
35929.24395 0.48412711553069
35942.75627 0.484662329952471
35956.26858 0.485156064186911
35969.7809 0.485583853306745
35983.29321 0.485945210735375
35996.80553 0.486247499465718
36010.31784 0.486500128375283
36023.83016 0.486709782959469
36037.34247 0.48725931082776
36050.85478 0.487462061543101
36064.3671 0.487454741357323
36077.87941 0.487373868581184
36091.39173 0.487221560177717
36104.90404 0.486984432473501
36118.41636 0.486636476043363
36131.92867 0.486234567143967
36145.44098 0.485773326749262
36158.9533 0.485248136625192
36172.46561 0.484683370023241
36185.97793 0.484070658751219
36199.49024 0.483924884333766
36213.00256 0.483253177794678
36226.51487 0.482512774540026
36240.02719 0.481754388275497
36253.5395 0.48098482949075
36267.05181 0.480193918270782
36280.56413 0.479401196135689
36294.07644 0.478597946696507
36307.58876 0.477824734877386
36321.10107 0.477098726906356
36334.61339 0.476379150491201
36348.1257 0.475676396568807
36361.63801 0.474999015057003
36375.15033 0.474338226214238
36388.66264 0.473711442701329
36402.17496 0.473132636479046
36415.68727 0.472667015011266
36429.19959 0.472267487378999
36442.7119 0.471900907639496
36456.22422 0.471578267535633
36469.73653 0.471313064042683
36483.24884 0.471090886865177
36496.76116 0.47129790014887
36510.27347 0.471422188439049
36523.78579 0.471426289145244
36537.2981 0.471498525901416
36550.81042 0.471629627154712
36564.32273 0.471812817947789
36577.83504 0.472064833992781
36591.34736 0.472369578913645
36604.85967 0.472698451610482
36618.37199 0.473038937919385
36631.8843 0.473422076722255
36645.39662 0.473861651098308
36658.90893 0.474356807396144
36672.42125 0.474893230044609
36685.93356 0.475479386565254
36699.44587 0.4766013724775
36712.95819 0.477343059277111
36726.4705 0.478099341847309
36739.98282 0.478882997067878
36753.49513 0.479694604757584
36767.00745 0.480538934205177
36780.51976 0.481393828708
36794.03208 0.482265422545993
36807.54439 0.483153170326108
36821.0567 0.484038824856851
36834.56902 0.484980496970502
36848.08133 0.485928102915357
36861.59365 0.486857040669379
36875.10596 0.487786165206357
36888.61828 0.488698121662572
36902.13059 0.489570848111577
36915.6429 0.490332805591211
36929.15522 0.491072622512027
36942.66753 0.492356444227312
36956.17985 0.493057592782473
36969.69216 0.493721876748652
36983.20448 0.494354751495578
36996.71679 0.494961426968948
37010.22911 0.495528782859915
37023.74142 0.496065694187798
37037.25373 0.496569579788416
37050.76605 0.497032390194023
37064.27836 0.497468794941752
37077.79068 0.497869588661183
37091.30299 0.498229872589336
37104.81531 0.498587189635947
37118.32762 0.498950798768695
37131.83993 0.499275864112187
37145.35225 0.499573822733436
37158.86456 0.499835920325211
37172.37688 0.500072036960953
37185.88919 0.500286134541591
37199.40151 0.500468541042316
37212.91382 0.500636203899791
37226.42614 0.500787582024353
37239.93845 0.500907575376635
37253.45076 0.501036163013191
37266.96308 0.501161813330021
37280.47539 0.501258562652527
37293.98771 0.501345404006839
37307.50002 0.501426384815891
37321.01234 0.501494835000608
37334.52465 0.501555539985947
37348.03696 0.501600289449712
37361.54928 0.502216901499702
37375.06159 0.50225208064803
37388.57391 0.502262097725138
37402.08622 0.50235539834971
37415.59854 0.50270247775118
37429.11085 0.502578369699477
37442.62317 0.502430902667921
37456.13548 0.502261523419935
37469.64779 0.502054398400561
37483.16011 0.501818659754109
37496.67242 0.50154844055586
37510.18474 0.501215844576203
37523.69705 0.500827572042112
37537.20937 0.500376402010086
37550.72168 0.49984556993289
37564.234 0.499238687617891
37577.74631 0.498535288771526
37591.25862 0.497712384243704
37604.77094 0.496778116698288
37618.28325 0.49571683807161
37631.79557 0.49450563795004
37645.30788 0.493144982877685
37658.8202 0.491610655166819
37672.33251 0.489879351447794
37685.84482 0.487957889724231
37699.35714 0.485819550369659
37712.86945 0.48342828062201
37726.38177 0.480787456707743
37739.89408 0.477875164304243
37753.4064 0.474669032635056
37766.91871 0.471541559928407
37780.43103 0.467882526146779
37793.94334 0.463722685213488
37807.45565 0.459267591999807
37820.96797 0.454490493109956
37834.48028 0.449345334669995
37847.9926 0.443831089443671
37861.50491 0.437930228440191
37875.01723 0.43164441469253
37888.52954 0.424990615623371
37902.04185 0.41794575371538
37915.55417 0.410435671928592
37929.06648 0.402576780551731
37942.5788 0.394367810532936
37956.09111 0.38583024140126
37969.60343 0.376993143222089
37983.11574 0.367860607369849
37996.62806 0.358459486669635
38010.14037 0.348898500472505
38023.65268 0.339127630064233
38037.165 0.329149518496297
38050.67731 0.319019207748953
38064.18963 0.308761960117249
38077.70194 0.298419077156143
38091.21426 0.288022558678528
38104.72657 0.277579512174421
38118.23889 0.26711920054818
38131.7512 0.256701480367118
38145.26351 0.246353200111309
38158.77583 0.236111668052098
38172.28814 0.226064609578353
38185.80046 0.216301894945332
38199.31277 0.206521943523926
38212.82509 0.19695512912439
38226.3374 0.187613917242929
38239.84971 0.178516647870898
38253.36203 0.169681120750365
38266.87434 0.16111702408996
38280.38666 0.152834468163521
38293.89897 0.144844273395592
38307.41129 0.137147137548179
38320.9236 0.129745063392768
38334.43592 0.122645520124241
38347.94823 0.115849988557122
38361.46054 0.109353956510757
38374.97286 0.103148921969355
38388.48517 0.0973267415925229
38401.99749 0.0917128517103521
38415.5098 0.0863640062253676
38429.02212 0.0812865745956322
38442.53443 0.0764744594768558
38456.04674 0.071920295767438
38469.55906 0.067612236833666
38483.07137 0.0635380924310541
38496.58369 0.0596895062519162
38510.096 0.0560586326812955
38523.60832 0.0526376762539938
38537.12063 0.0494172873806851
38550.63295 0.0463874996721774
38564.14526 0.043538186565616
38577.65757 0.0408932980681317
38591.16989 0.0383754107613782
38604.6822 0.0359995356669987
38618.19452 0.0337716360035197
38631.70683 0.0316798686837731
38645.21915 0.0297150075818684
38658.73146 0.027872820315068
38672.24377 0.0261462110621493
38685.75609 0.0245263315613174
38699.2684 0.0230074465759207
38712.78072 0.0215836403601233
38726.29303 0.0202483064570523
38739.80535 0.0189957647578597
38753.31766 0.0178229790340785
38766.82998 0.0167262418186074
38780.34229 0.0156989000434821
38793.8546 0.0147339940892885
38807.36692 0.0138272550423867
38820.87923 0.0129775458968053
38834.39155 0.0121831924345538
38847.90386 0.0114384048890872
38861.41618 0.0107413793646924
38874.92849 0.0100921593155132
38888.44081 0.00948478502886299
38901.95312 0.00891207475438157
38915.46543 0.00837217203841135
38928.97775 0.00786641372635726
38942.49006 0.00739419824826368
38956.00238 0.00695234733142735
38969.51469 0.00653729023272657
38983.02701 0.00615366502940726
38996.53932 0.00578681718681051
39010.05163 0.00544486740583805
39023.56395 0.00512535140249005
39037.07626 0.00482533989544249
39050.58858 0.0045419582351796
39064.10089 0.00427307845911629
39077.61321 0.00401913712616849
39091.12552 0.00378080124630032
39104.63784 0.00355810412347652
39118.15015 0.00335128935465066
39131.66246 0.00315998423306929
39145.17478 0.00298257706616446
39158.68709 0.00281316385466868
39172.19941 0.00265097033720596
39185.71172 0.00249859801124522
39199.22404 0.00235584195417564
39212.73635 0.00222230859522121
39226.24866 0.0020958759123756
39239.76098 0.00197563988541759
39253.27329 0.00186230028863264
39266.78561 0.00175587148563662
39280.29792 0.0016553739193191
39293.81024 0.00156104244596666
39307.32255 0.00147351605507056
39320.83487 0.00139048464638863
39334.34718 0.00131179157444157
39347.85949 0.00123814350172442
39361.37181 0.00116785550242995
39374.88412 0.00110183611177384
39388.39644 0.00104028406909807
39401.90875 0.000982343681597933
39415.42107 0.000928265660733623
39428.93338 0.00087787146109298
39442.44569 0.000829728803135677
39455.95801 0.000782084318769903
39469.47032 0.000738468686439445
39482.98264 0.000698444806274518
39496.49495 0.000658953370008566
39510.00727 0.000621181639507115
39523.51958 0.000586348914831771
39537.0319 0.000553792326537087
39550.54421 0.000522848473311504
39564.05652 0.000494011731910481
39577.56884 0.000466662216765839
39591.08115 0.000440102743960107
39604.59347 0.000416257221471172
39618.10578 0.000392877529218206
39631.6181 0.00036864483007332
39645.13041 0.000345492210741559
39658.64273 0.00032449820586017
39672.15504 0.000305544196475424
39685.66735 0.000288392290585005
39699.17967 0.00027318474243547
39712.69198 0.000257039341757927
39726.2043 0.000239788888863631
39739.71661 0.000223450054001784
39753.22893 0.000207534804475924
39766.74124 0.000192985565638043
39780.25355 0.000180888622830255
39793.76587 0.000169818127380884
39807.27818 0.000158158112838728
39820.7905 0.000146572876344716
39834.30281 0.000137295959951507
39847.81513 0.000128774380286342
39861.32744 0.000119821622311839
39874.83976 0.000110454346616457
39888.35207 0.000102394310954904
39901.86438 9.59376589494034e-05
39915.3767 9.05942834478583e-05
39928.88901 8.48394389823939e-05
39942.40133 7.92521210933116e-05
39955.91364 7.36645295228736e-05
39969.42596 6.72612189314122e-05
39982.93827 6.13063597047223e-05
39996.45058 5.72999763319857e-05
40009.9629 5.43435112406921e-05
40023.47521 5.10480724199721e-05
40036.98753 4.76591977829946e-05
40050.49984 4.62123917619667e-05
40064.01216 4.45217917580509e-05
40077.52447 4.06002085775406e-05
40091.03679 3.58801505966246e-05
40104.5491 3.14486439747829e-05
40118.06141 2.83371449161755e-05
40131.57373 2.69067014122793e-05
40145.08604 2.63720425432794e-05
40158.59836 2.42620884891513e-05
40172.11067 2.17662469955604e-05
40185.62299 2.03876693490675e-05
40199.1353 1.84666615181614e-05
40212.64761 1.56811725202779e-05
40226.15993 1.25353410754122e-05
40239.67224 1.06061045568168e-05
40253.18456 9.63475413879538e-06
40266.69687 1.09332793148737e-05
40280.20919 1.28279210250632e-05
40293.7215 1.23038996187907e-05
40307.23382 1.00911561541046e-05
40320.74613 8.71098439096305e-06
40334.25844 8.74034861904785e-06
40347.77076 8.45614626217893e-06
40361.28307 7.19277990043687e-06
40374.79539 5.64169563684276e-06
40388.3077 4.39336438425637e-06
40401.82002 4.26229078165027e-06
40415.33233 4.74199429553673e-06
40428.84465 4.44593935401121e-06
40442.35696 2.99226645267206e-06
40455.86927 2.26535944551917e-06
40469.38159 3.2079325472337e-06
40482.8939 3.68372824580749e-06
40496.40622 2.88130635117909e-06
40509.91853 1.9185720168749e-06
40523.43085 1.05115188143549e-06
40536.94316 1.20926450502288e-06
40550.45547 2.04724665276533e-06
40563.96779 3.04571368734859e-06
40577.4801 3.40286341103344e-06
40590.99242 2.43237877985701e-06
40604.50473 1.28232777108305e-06
40618.01705 7.33202826574223e-07
40631.52936 8.90746558144041e-07
40645.04168 1.86882775471123e-06
40658.55399 2.56732850848062e-06
40672.0663 2.99670983982552e-06
40685.57862 2.95539771381066e-06
40699.09093 2.30681125143857e-06
40712.60325 1.18802007599563e-06
40726.11556 7.92765472547369e-07
40739.62788 5.88643175569533e-07
40753.14019 7.52846558418566e-07
40766.6525 1.23603977616428e-06
40780.16482 1.75908601453861e-06
40793.67713 1.72513333758933e-06
40807.18945 1.42734253674362e-06
40820.70176 1.30869391935038e-06
40834.21408 1.34716794833429e-06
40847.72639 1.51178851927333e-06
40861.23871 1.57856015961099e-06
40874.75102 1.66080391431281e-06
40888.26333 1.35329959542835e-06
40901.77565 1.27311669579765e-06
40915.28796 1.59221570755516e-06
40928.80028 1.67680118782938e-06
40942.31259 1.91986948046537e-06
40955.82491 2.65824898627211e-06
40969.33722 3.63233890538904e-06
40982.84953 4.15677267740837e-06
40996.36185 4.70611092242998e-06
41009.87416 4.96723201108911e-06
41023.38648 4.80924725300703e-06
41036.89879 4.47509190257774e-06
41050.41111 4.32038466831048e-06
41063.92342 3.66332880054463e-06
41077.43574 2.53958077036648e-06
41090.94805 2.39305812131333e-06
41104.46036 2.919048711039e-06
41117.97268 3.72846149838429e-06
41131.48499 4.0160329516177e-06
41144.99731 4.42605539474302e-06
41158.50962 4.83922568104206e-06
41172.02194 4.942539086403e-06
41185.53425 4.94458294020615e-06
41199.04657 5.0893317472129e-06
41212.55888 5.3304765512496e-06
41226.07119 5.41183438412267e-06
41239.58351 5.51066941688318e-06
41253.09582 5.20699149513676e-06
41266.60814 4.31342506063169e-06
41280.12045 3.1897410382979e-06
41293.63277 2.67518678422005e-06
41307.14508 3.46192957875072e-06
41320.65739 4.68988108518677e-06
41334.16971 5.70758163399094e-06
41347.68202 5.9409776108895e-06
41361.19434 5.57837746206747e-06
41374.70665 5.72956456554165e-06
41388.21897 6.06571538190276e-06
41401.73128 6.05511798226916e-06
41415.2436 5.96827533734795e-06
41428.75591 6.25282462513625e-06
41442.26822 7.05723253905175e-06
41455.78054 7.0595359479955e-06
41469.29285 6.57846551721847e-06
41482.80517 6.18323215392686e-06
41496.31748 6.10778191036273e-06
41509.8298 6.30429164506736e-06
41523.34211 6.50166146081286e-06
41536.85442 6.34052932622025e-06
41550.36674 5.67139583072227e-06
41563.87905 4.74417596384302e-06
41577.39137 3.95016276752088e-06
41590.90368 3.88158179295386e-06
41604.416 4.37858118207149e-06
41617.92831 4.82297234121559e-06
41631.44063 4.91996219579455e-06
41644.95294 4.67538919543937e-06
41658.46525 4.57163949200422e-06
41671.97757 4.39867609238317e-06
41685.48988 3.56289752720526e-06
41699.0022 2.61628175883668e-06
41712.51451 2.07074747599467e-06
41726.02683 2.44025160084363e-06
41739.53914 2.88931858741124e-06
41753.05146 2.98709641551446e-06
41766.56377 2.76835244179015e-06
41780.07608 2.3869622394433e-06
41793.5884 1.98212240802504e-06
41807.10071 2.05573802005453e-06
41820.61303 2.27878465018045e-06
41834.12534 2.45711711679674e-06
41847.63766 2.60498592066958e-06
41861.14997 3.1428063878947e-06
41874.66228 3.92757149499817e-06
41888.1746 4.36874981722996e-06
41901.68691 4.48373775115995e-06
41915.19923 4.23902872394453e-06
41928.71154 3.4607947398454e-06
41942.22386 1.75818905308527e-06
41955.73617 9.49809144223553e-07
41969.24849 8.84841079560385e-07
41982.7608 1.38027381283195e-06
41996.27311 1.45449690152755e-06
42009.78543 1.40421350520577e-06
42023.29774 1.5675913172098e-06
42036.81006 1.58189123233518e-06
42050.32237 1.0907117196449e-06
42063.83469 3.54829708976669e-07
42077.347 9.62574337123738e-09
42090.85931 5.60837234799117e-09
42104.37163 1.06319989808166e-08
42117.88394 6.25091414181407e-07
42131.39626 1.23280738997936e-06
42144.90857 1.11040127816128e-06
42158.42089 1.66118670597213e-07
42171.9332 4.17973000244763e-08
42185.44552 4.41546496990967e-07
42198.95783 1.06018990223351e-06
42212.47014 7.94921287278877e-07
42225.98246 5.22382958406709e-08
42239.49477 5.59730375999064e-09
42253.00709 5.596129940867e-09
42266.5194 5.59494667306351e-09
42280.03172 5.59375469958543e-09
42293.54403 5.59255405235006e-09
42307.05634 5.59136887759205e-09
42320.56866 5.59019775631659e-09
42334.08097 5.5890203633751e-09
42347.59329 5.58783756143996e-09
42361.1056 5.58664996270185e-09
42374.61792 5.58545830235991e-09
42388.13023 5.58426309876346e-09
42401.64255 5.58305238049216e-09
42415.15486 5.58174766918098e-09
42428.66717 5.58596884166577e-09
42442.17949 5.58551024295557e-09
42455.6918 1.8307111376452e-08
42469.20412 1.31311279024568e-08
42482.71643 8.5139117312225e-09
42496.22875 4.9025993908463e-07
42509.74106 1.21420898759281e-07
42523.25338 3.13690731751806e-07
42536.76569 7.26610791023998e-08
42550.278 1.61376669259191e-06
42563.79032 2.54560206331089e-06
42577.30263 3.05786236507463e-06
42590.81495 3.91138734661075e-06
42604.32726 4.30832715433975e-06
42617.83958 4.66559987964857e-06
42631.35189 3.6572011060897e-06
42644.8642 3.14878629479979e-06
42658.37652 2.85423694602574e-06
42671.88883 2.82677330372722e-06
42685.40115 2.271601321946e-06
42698.91346 2.33624741417366e-06
42712.42578 3.04269624319953e-06
42725.93809 4.39426032565872e-06
42739.45041 5.33797085639236e-06
42752.96272 6.40924602242243e-06
42766.47503 7.09817975824634e-06
42779.98735 7.17184977872224e-06
42793.49966 6.6559066865502e-06
42807.01198 7.15268804776672e-06
42820.52429 8.94634840564918e-06
42834.03661 9.41568393852168e-06
42847.54892 9.48619568466106e-06
42861.06123 1.0333887838194e-05
42874.57355 1.09087312511743e-05
42888.08586 1.13030733294078e-05
42901.59818 1.19811654370763e-05
42915.11049 1.3084495803242e-05
42928.62281 1.31500839531203e-05
42942.13512 1.30849479560666e-05
42955.64744 1.31985098996656e-05
42969.15975 1.42513032655605e-05
42982.67206 1.38470750320109e-05
42996.18438 1.31671118209658e-05
43009.69669 1.37022723648956e-05
43023.20901 1.58410231688491e-05
43036.72132 1.72861910028546e-05
43050.23364 1.71594154439351e-05
43063.74595 1.56472848630042e-05
43077.25826 1.3773633865426e-05
43090.77058 1.34492446221417e-05
43104.28289 1.45831848757897e-05
43117.79521 1.690244441856e-05
43131.30752 1.94685566026745e-05
43144.81984 2.10029505819897e-05
43158.33215 2.23820239105067e-05
43171.84447 2.38230493889522e-05
43185.35678 2.49844523640506e-05
43198.86909 2.61274381090249e-05
43212.38141 2.70454575585497e-05
43225.89372 2.60543544572249e-05
43239.40604 2.3920304459686e-05
43252.91835 2.23450986325947e-05
43266.43067 2.26343045221104e-05
43279.94298 2.31909536614412e-05
43293.4553 2.44733903572129e-05
43306.96761 2.61539238697651e-05
43320.47992 2.71908018732409e-05
43333.99224 2.83760109135637e-05
43347.50455 2.74255691373871e-05
43361.01687 2.63962841086167e-05
43374.52918 2.63995248341779e-05
43388.0415 2.68199953685217e-05
43401.55381 2.64743999202607e-05
43415.06612 2.70157248528869e-05
43428.57844 2.77610039966997e-05
43442.09075 2.78130991229016e-05
43455.60307 2.59965101033055e-05
43469.11538 2.56651940717788e-05
43482.6277 2.68362792930051e-05
43496.14001 2.81551780930762e-05
43509.65233 2.74316085068383e-05
43523.16464 2.60995292110204e-05
43536.67695 2.47317969846339e-05
43550.18927 2.3925469643193e-05
43563.70158 2.42257343979097e-05
43577.2139 2.60226389117641e-05
43590.72621 2.80627444530821e-05
43604.23853 2.91844221304659e-05
43617.75084 2.76096259757428e-05
43631.26315 2.65674844179617e-05
43644.77547 2.62502344155024e-05
43658.28778 2.62260668938706e-05
43671.8001 2.67147546116473e-05
43685.31241 2.91262501543644e-05
43698.82473 3.18597669025083e-05
43712.33704 3.21528324107836e-05
43725.84936 2.95880705829552e-05
43739.36167 2.74094454643007e-05
43752.87398 2.6177251659483e-05
43766.3863 2.64729853823034e-05
43779.89861 2.8079655486261e-05
43793.41093 3.02139148688935e-05
43806.92324 3.24839812850861e-05
43820.43556 3.05743901451951e-05
43833.94787 2.98052864130033e-05
43847.46018 2.92695629531888e-05
43860.9725 3.07842133433677e-05
43874.48481 3.18216969092784e-05
43887.99713 3.2241039723778e-05
43901.50944 3.22855676182023e-05
43915.02176 3.27484720184542e-05
43928.53407 3.25953978309371e-05
43942.04639 3.23836121079526e-05
43955.5587 3.23714040367162e-05
43969.07101 3.23300022120789e-05
43982.58333 3.12824661867886e-05
43996.09564 3.10811431688396e-05
44009.60796 3.14048074660184e-05
44023.12027 3.16690018177059e-05
44036.63259 3.15802126404327e-05
44050.1449 3.05991746022805e-05
44063.65722 2.96425612629798e-05
44077.16953 2.95358823108504e-05
44090.68184 2.88204210921546e-05
44104.19416 2.91673656145868e-05
44117.70647 2.88140538210695e-05
44131.21879 2.85322355886524e-05
44144.7311 2.84209603052748e-05
44158.24342 2.8254242377166e-05
44171.75573 2.89014645895328e-05
44185.26804 3.04481265384546e-05
44198.78036 3.2631342146712e-05
44212.29267 3.26197950430294e-05
44225.80499 3.16991522216196e-05
44239.3173 3.04413300920736e-05
44252.82962 2.99138785980762e-05
44266.34193 3.02281127069713e-05
44279.85425 3.07155417114085e-05
44293.36656 3.11453875725108e-05
44306.87887 3.06828185836775e-05
44320.39119 3.01797047796356e-05
44333.9035 2.99545977313278e-05
44347.41582 3.04258048361737e-05
44360.92813 3.03924118757916e-05
44374.44045 2.93255681380584e-05
44387.95276 2.76333044880218e-05
44401.46507 2.67190763567955e-05
44414.97739 2.73545658191711e-05
44428.4897 2.887273743695e-05
44442.00202 3.15204264215654e-05
44455.51433 3.32371062955179e-05
44469.02665 3.29927585750305e-05
44482.53896 3.20413254793551e-05
44496.05128 3.26607120235852e-05
44509.56359 3.28645374091164e-05
44523.0759 3.21545207963443e-05
44536.58822 2.89726653128375e-05
44550.10053 2.75398099390525e-05
44563.61285 2.73794847737477e-05
44577.12516 2.77188603285256e-05
44590.63748 2.73363104414023e-05
44604.14979 2.71902455423503e-05
44617.66211 2.82508720479538e-05
44631.17442 2.92776950949513e-05
44644.68673 2.93760518054068e-05
44658.19905 2.91049930397276e-05
44671.71136 2.70217174143287e-05
44685.22368 2.58405991610804e-05
44698.73599 2.67667771611357e-05
44712.24831 2.91653505957753e-05
44725.76062 3.18195818551268e-05
44739.27293 3.36006060533448e-05
44752.78525 3.40665703418099e-05
44766.29756 3.29240242699851e-05
44779.80988 3.1823429237535e-05
44793.32219 3.08012161470505e-05
44806.83451 3.01106512106755e-05
44820.34682 3.00587125807151e-05
44833.85914 3.03440049109103e-05
44847.37145 3.08585326475849e-05
44860.88376 3.04613176706862e-05
44874.39608 2.97086585983287e-05
44887.90839 2.85380797453837e-05
44901.42071 2.76329631656538e-05
44914.93302 2.71179494150707e-05
44928.44534 2.84165885400413e-05
44941.95765 2.88502164430227e-05
44955.46996 2.92786219460727e-05
44968.98228 2.79660565715916e-05
44982.49459 2.83282960918276e-05
44996.00691 3.0169930316978e-05
45009.51922 3.21139463984288e-05
45023.03154 3.25592913044862e-05
45036.54385 3.08153365849109e-05
45050.05617 2.8822610846789e-05
45063.56848 2.74156386496653e-05
45077.08079 2.71773282608371e-05
45090.59311 2.75972370294902e-05
45104.10542 2.85156711779651e-05
45117.61774 2.97063209723063e-05
45131.13005 2.95133309645871e-05
45144.64237 2.94159620834506e-05
45158.15468 2.87817352319519e-05
45171.66699 2.82933887671128e-05
45185.17931 2.74532056061955e-05
45198.69162 2.7046061861913e-05
45212.20394 2.8009214975736e-05
45225.71625 2.91575071842838e-05
45239.22857 2.9872466583916e-05
45252.74088 2.85066687124992e-05
45266.2532 2.79062341958251e-05
45279.76551 2.86274853411283e-05
45293.27782 2.97508379701257e-05
45306.79014 3.16294673649166e-05
45320.30245 3.25529499462354e-05
45333.81477 3.11002465046502e-05
45347.32708 2.92504503126208e-05
45360.8394 2.75718796721055e-05
45374.35171 2.69067101826671e-05
45387.86403 2.74484239239814e-05
45401.37634 2.87461285163311e-05
45414.88865 2.95476850053309e-05
45428.40097 2.85017772935632e-05
45441.91328 2.75490857786675e-05
45455.4256 2.70835841360181e-05
45468.93791 2.76147982015625e-05
45482.45023 2.84783941807864e-05
45495.96254 2.95246154027001e-05
45509.47485 3.01013574213535e-05
45522.98717 3.0094938267553e-05
45536.49948 2.96930259402378e-05
45550.0118 2.86543108139089e-05
45563.52411 2.77385748914554e-05
45577.03643 2.7231077951528e-05
45590.54874 2.710706690468e-05
45604.06106 2.7163074205462e-05
45617.57337 2.87076284863853e-05
45631.08568 3.00155748892279e-05
45644.598 3.05960555297148e-05
45658.11031 3.03680228370551e-05
45671.62263 2.93593534163075e-05
45685.13494 2.87466766050121e-05
45698.64726 2.86955492175155e-05
45712.15957 2.96128500397766e-05
45725.67188 3.08778633496876e-05
45739.1842 3.2786512346183e-05
45752.69651 3.34629596226994e-05
45766.20883 3.32467769741434e-05
45779.72114 3.21572104731107e-05
45793.23346 3.18791975244097e-05
45806.74577 3.15878465470724e-05
45820.25809 3.12516622579722e-05
45833.7704 2.93861783039463e-05
45847.28271 2.82329028760629e-05
45860.79503 2.77057254798955e-05
45874.30734 2.8044038203302e-05
45887.81966 2.76852552164242e-05
45901.33197 2.66916380065948e-05
45914.84429 2.62089106153365e-05
45928.3566 2.70719470156899e-05
45941.86891 2.89655867014625e-05
45955.38123 2.91490232427984e-05
45968.89354 2.88957297318659e-05
45982.40586 2.86941780601005e-05
45995.91817 2.79957795687133e-05
46009.43049 2.74222661460405e-05
46022.9428 2.72608723626871e-05
46036.45512 2.77043725196819e-05
46049.96743 2.69159694261149e-05
46063.47974 2.66543675563765e-05
46076.99206 2.60795155562987e-05
46090.50437 2.592932227693e-05
46104.01669 2.65298455707058e-05
46117.529 2.70984048634436e-05
46131.04132 2.75403152321524e-05
46144.55363 2.68385432230055e-05
46158.06595 2.60915418320743e-05
46171.57826 2.57602353827186e-05
46185.09057 2.51431519701671e-05
46198.60289 2.48302116710759e-05
46212.1152 2.52397806671447e-05
46225.62752 2.70275178430596e-05
46239.13983 2.82801970334045e-05
46252.65215 2.97072978940357e-05
46266.16446 2.97029960753575e-05
46279.67677 2.90810095195151e-05
46293.18909 2.79229273279734e-05
46306.7014 2.54735407902035e-05
46320.21372 2.37090872646347e-05
46333.72603 2.31065807324585e-05
46347.23835 2.38728726446622e-05
46360.75066 2.45015360823748e-05
46374.26298 2.5445611881908e-05
46387.77529 2.50510223100494e-05
46401.2876 2.47938660176945e-05
46414.79992 2.54068789259349e-05
46428.31223 2.72846222733558e-05
46441.82455 2.89843500275416e-05
46455.33686 3.03265319550137e-05
46468.84918 2.94968405046044e-05
46482.36149 2.8379340176205e-05
46495.8738 2.73721052460179e-05
46509.38612 2.75359188537061e-05
46522.89843 2.75483977558762e-05
46536.41075 2.79795882519446e-05
46549.92306 2.74423026220186e-05
46563.43538 2.64741935476837e-05
46576.94769 2.51924940420116e-05
46590.46001 2.45220920557041e-05
46603.97232 2.41480252113147e-05
46617.48463 2.47044356655837e-05
46630.99695 2.57662936451912e-05
46644.50926 2.70784912723667e-05
46658.02158 2.70209295105402e-05
46671.53389 2.69111465938519e-05
46685.04621 2.6771835833896e-05
46698.55852 2.79027551025482e-05
46712.07083 2.92210905665818e-05
46725.58315 3.08256410369639e-05
46739.09546 3.04910363126118e-05
46752.60778 2.84835356158758e-05
46766.12009 2.5514943114723e-05
46779.63241 2.30789374360323e-05
46793.14472 2.12052044161077e-05
46806.65704 2.10308215517591e-05
46820.16935 2.11437106642785e-05
46833.68166 2.16396692107129e-05
46847.19398 2.14294738425203e-05
46860.70629 2.19097912967443e-05
46874.21861 2.28654203668462e-05
46887.73092 2.37081232914636e-05
46901.24324 2.42069144779623e-05
46914.75555 2.35089770092278e-05
46928.26787 2.34121166483675e-05
46941.78018 2.38432443139788e-05
46955.29249 2.54025057911949e-05
46968.80481 2.70101982998651e-05
46982.31712 2.83134413802194e-05
46995.82944 2.79394003768083e-05
47009.34175 2.79143711345915e-05
47022.85407 2.89585219759803e-05
47036.36638 2.99687077277019e-05
47049.87869 3.06203996867405e-05
47063.39101 3.00032900493247e-05
47076.90332 2.78178607095927e-05
47090.41564 2.66209234012754e-05
47103.92795 2.62783091461065e-05
47117.44027 2.66182439007429e-05
47130.95258 2.76658650423204e-05
47144.4649 2.83840469229493e-05
47157.97721 2.8679197365756e-05
47171.48952 2.82360545029962e-05
47185.00184 2.73641976708191e-05
47198.51415 2.69768521485728e-05
47212.02647 2.71828864853272e-05
47225.53878 2.79100039134331e-05
47239.0511 2.86219187996939e-05
47252.56341 2.83994580479129e-05
47266.07572 2.83715823147601e-05
47279.58804 2.79946019183085e-05
47293.10035 2.8326054318061e-05
47306.61267 2.90362672248733e-05
47320.12498 2.89504061747651e-05
47333.6373 2.74241431822155e-05
47347.14961 2.57322697632709e-05
47360.66193 2.4419602727263e-05
47374.17424 2.38243864549082e-05
47387.68655 2.35816044317621e-05
47401.19887 2.37216323554037e-05
47414.71118 2.45718229645096e-05
47428.2235 2.68797040489094e-05
47441.73581 2.89466444359825e-05
47455.24813 3.04322225389373e-05
47468.76044 2.88781360646987e-05
47482.27276 2.79956149029315e-05
47495.78507 2.68933300270781e-05
47509.29738 2.66074014700534e-05
47522.8097 2.64823144922231e-05
47536.32201 2.59184488926367e-05
47549.83433 2.59736818318445e-05
47563.34664 2.64731436772418e-05
47576.85896 2.6893861445878e-05
47590.37127 2.69890772846155e-05
47603.88358 2.64095094740597e-05
47617.3959 2.58595651112903e-05
47630.90821 2.53799484200142e-05
47644.42053 2.55435552449984e-05
47657.93284 2.59835506845149e-05
47671.44516 2.69710394987449e-05
47684.95747 2.75568421847746e-05
47698.46979 2.77820031136881e-05
47711.9821 2.58359031207519e-05
47725.49441 2.35966848250942e-05
47739.00673 2.19763109979659e-05
47752.51904 2.21817307580944e-05
47766.03136 2.29470114804575e-05
47779.54367 2.41884835254297e-05
47793.05599 2.55058596510257e-05
47806.5683 2.68289317088433e-05
47820.08061 2.68744361297734e-05
47833.59293 2.65961250321607e-05
47847.10524 2.57963900795934e-05
47860.61756 2.60429713161838e-05
47874.12987 2.6680524575569e-05
47887.64219 2.74585194955138e-05
47901.1545 2.68953432019809e-05
47914.66682 2.56493575724144e-05
47928.17913 2.50744260805227e-05
47941.69144 2.50866701662612e-05
47955.20376 2.61489273780225e-05
47968.71607 2.66380610441128e-05
47982.22839 2.69681729587663e-05
47995.7407 2.46785883572767e-05
48009.25302 2.32886299429676e-05
48022.76533 2.23287653432907e-05
48036.27764 2.2319946677743e-05
48049.78996 2.31603369075094e-05
48063.30227 2.46444522782859e-05
48076.81459 2.62902467067288e-05
48090.3269 2.80699319386984e-05
48103.83922 2.88761070646201e-05
48117.35153 2.91037101861688e-05
48130.86385 2.68703693085383e-05
48144.37616 2.40824195233451e-05
48157.88847 2.08953405446604e-05
48171.40079 1.94991568550438e-05
48184.9131 1.94198659614491e-05
48198.42542 2.1162707230794e-05
48211.93773 2.28281446214044e-05
48225.45005 2.37755845277778e-05
48238.96236 2.40612105179453e-05
48252.47468 2.42722404349339e-05
48265.98699 2.49156663278505e-05
48279.4993 2.55601474397916e-05
48293.01162 2.56013350838229e-05
48306.52393 2.46496802246307e-05
48320.03625 2.31550558718293e-05
48333.54856 2.22547042474404e-05
48347.06088 2.21082534160554e-05
48360.57319 2.23127051279264e-05
48374.0855 2.27063516320469e-05
48387.59782 2.30691266655452e-05
48401.11013 2.30793164449357e-05
48414.62245 2.29915356984792e-05
48428.13476 2.24082171711808e-05
48441.64708 2.18119430741796e-05
48455.15939 2.1214000084105e-05
48468.67171 2.06073512488504e-05
48482.18402 1.96204484617868e-05
48495.69633 1.87432584781789e-05
48509.20865 1.7732865974757e-05
48522.72096 1.67046380107512e-05
48536.23328 1.48268834590034e-05
48549.74559 1.34623791973334e-05
48563.25791 1.29517601975159e-05
48576.77022 1.26239339487748e-05
48590.28253 1.21756931014469e-05
48603.79485 1.11431724416045e-05
48617.30716 1.06670966627689e-05
48630.81948 1.09593363125741e-05
48644.33179 1.21355686192738e-05
48657.84411 1.4637812206746e-05
48671.35642 1.53053226178921e-05
48684.86874 1.5734725280353e-05
48698.38105 1.5126911563287e-05
48711.89336 1.46289979745939e-05
48725.40568 1.43282424691841e-05
48738.91799 1.40620783069622e-05
48752.43031 1.41369641643338e-05
48765.94262 1.30110594325972e-05
48779.45494 1.23076553100785e-05
48792.96725 1.20666401176131e-05
48806.47956 1.2361489468273e-05
48819.99188 1.35927520490764e-05
48833.50419 1.34646580101966e-05
48847.01651 1.21345041489754e-05
48860.52882 1.06655996829187e-05
48874.04114 9.81202701703557e-06
48887.55345 9.15265176298162e-06
48901.06577 9.08524660885828e-06
48914.57808 9.17211626090404e-06
48928.09039 9.30196344217302e-06
48941.60271 9.71279729244354e-06
48955.11502 1.06569281650268e-05
48968.62734 1.18068730446023e-05
48982.13965 1.25654574751301e-05
48995.65197 1.14300852189357e-05
49009.16428 1.04527903341331e-05
49022.6766 9.8648222853515e-06
49036.18891 1.01390451902165e-05
49049.70122 1.07953031586938e-05
49063.21354 1.08445069371804e-05
49076.72585 1.07444648946908e-05
49090.23817 1.02826067509665e-05
49103.75048 1.00618576121861e-05
49117.2628 9.85778760140409e-06
49130.77511 9.51177383870681e-06
49144.28742 9.52379670055534e-06
49157.79974 9.22164449782988e-06
49171.31205 8.88483154558e-06
49184.82437 8.38235927204273e-06
49198.33668 7.40958510010262e-06
49211.849 6.60475121110723e-06
49225.36131 5.67526436737251e-06
49238.87363 7.19134022543123e-06
49252.38594 8.19075284252019e-06
49265.89825 8.71226702640292e-06
49279.41057 9.05052082023501e-06
49292.92288 9.3557815561469e-06
49306.4352 9.52748099315871e-06
49319.94751 9.41505807479642e-06
49333.45983 9.40442557405797e-06
49346.97214 8.22500635139609e-06
49360.48445 6.84416124492714e-06
49373.99677 5.46659839618686e-06
49387.50908 4.77261140956109e-06
49401.0214 4.27613792498821e-06
49414.53371 3.90366470763423e-06
49428.04603 4.11353064918168e-06
49441.55834 4.63097404269306e-06
49455.07066 4.80537096979512e-06
49468.58297 4.8045856294752e-06
49482.09528 4.2673930097044e-06
49495.6076 3.75483023008931e-06
49509.11991 3.13968848368758e-06
49522.63223 2.73824588788247e-06
49536.14454 2.42952364974693e-06
49549.65686 2.20413103166046e-06
49563.16917 2.99200651142296e-06
49576.68148 3.86850573402308e-06
49590.1938 5.42866962965241e-06
49603.70611 5.93868007522485e-06
49617.21843 6.48074232391688e-06
49630.73074 6.32010761984567e-06
49644.24306 6.06499640433474e-06
49657.75537 5.81461792347944e-06
49671.26769 3.87935498137234e-06
49684.78 3.72743734940337e-06
49698.29231 3.45871707266744e-06
49711.80463 3.31578011295628e-06
49725.31694 3.29704117772576e-06
49738.82926 3.82096852345145e-06
49752.34157 4.70389606338202e-06
49765.85389 4.82481395118944e-06
49779.3662 5.04338888276715e-06
49792.87852 3.59056815264463e-06
49806.39083 2.761635924866e-06
49819.90314 1.849585031964e-06
49833.41546 1.06764325268262e-06
49846.92777 6.82399180019554e-07
49860.44009 7.35993738270833e-07
49873.9524 1.11233722414225e-06
49887.46472 1.24957718964387e-06
49900.97703 2.0314085693462e-06
49914.48934 2.72215980203437e-06
49928.00166 3.53739172735508e-06
49941.51397 4.05921708994198e-06
49955.02629 3.985022415781e-06
49968.5386 3.73380235381692e-06
49982.05092 2.92041635792852e-06
49995.56323 2.34789319049823e-06
50009.07555 1.92345813961307e-06
50022.58786 2.13687920410034e-06
50036.10017 2.09913687349204e-06
50049.61249 1.87777504583119e-06
50063.1248 2.14499570421272e-06
50076.63712 2.79371192642192e-06
50090.14943 3.18268465680003e-06
50103.66175 2.87687835958116e-06
50117.17406 2.69347073480887e-06
50130.68637 2.55469228212496e-06
50144.19869 2.406544619667e-06
50157.711 2.4009057875891e-06
50171.22332 2.02649548630943e-06
50184.73563 2.02483360614256e-06
50198.24795 1.41912276346678e-06
50211.76026 1.14723276756051e-06
50225.27258 1.2563139856225e-06
50238.78489 1.80667331047844e-06
50252.2972 1.58487805080165e-06
50265.80952 1.38609892431418e-06
50279.32183 1.17890974609171e-06
50292.83415 1.07432773692891e-06
50306.34646 9.9627220043275e-07
50319.85878 9.6943187552052e-07
50333.37109 9.32659418776161e-07
50346.88341 7.10629793299208e-07
50360.39572 1.2773031287216e-06
50373.90803 1.33077349218197e-06
50387.42035 1.01427407709058e-06
50400.93266 4.58390201721127e-07
50414.44498 3.54544893796785e-07
50427.95729 4.40818489188965e-07
50441.46961 6.27742414958549e-07
50454.98192 1.06372218988995e-06
50468.49423 1.29627886563676e-06
50482.00655 1.4314388538406e-06
50495.51886 1.02972876338133e-06
50509.03118 6.29040654797731e-07
50522.54349 3.10335780615137e-07
50536.05581 2.04910850354887e-07
50549.56812 1.98417387545586e-07
50563.08044 2.92747386982075e-07
50576.59275 4.50263280477176e-07
50590.10506 4.36197409687853e-07
50603.61738 3.74348625559865e-07
50617.12969 5.91929548907871e-07
50630.64201 2.84582926229447e-06
50644.15432 3.36969190543932e-06
50657.66664 3.87328869157312e-06
50671.17895 2.92290143570166e-06
50684.69126 1.8944402943341e-06
50698.20358 1.13481967491476e-06
50711.71589 5.44183961532088e-07
50725.22821 3.91308718415871e-07
50738.74052 3.99097117788608e-07
50752.25284 6.7731059737665e-07
50765.76515 7.31371354260944e-07
50779.27747 1.37344723099536e-06
50792.78978 5.85173588769973e-07
50806.30209 1.47395028913861e-06
50819.81441 1.25641992973333e-06
50833.32672 4.5248189629534e-07
50846.83904 2.86324638763277e-07
50860.35135 4.06455236683752e-07
50873.86367 7.87877740998276e-07
50887.37598 9.41497398332456e-07
50900.88829 6.8701837865223e-07
50914.40061 2.87938726245963e-07
50927.91292 1.06594366362085e-07
50941.42524 9.23001100109453e-09
50954.93755 3.6109188953844e-09
50968.44987 2.94909288705394e-08
50981.96218 3.81115890393238e-07
50995.4745 5.17947131751132e-07
