"wave" "response"
20004.66386 4.069912520897e-12
20020.74478 4.14007106170024e-12
20036.8257 3.97429650813769e-12
20052.90662 3.57996031018938e-12
20068.98754 3.26683662409458e-12
20085.06846 2.97115328538723e-12
20101.14938 2.61611178038879e-12
20117.2303 2.29076927836135e-12
20133.31122 2.09215837961649e-12
20149.39214 2.02880559023805e-12
20165.47306 2.04037689381381e-12
20181.55398 2.08870896403709e-12
20197.6349 2.05092775838267e-12
20213.71582 2.05283722099569e-12
20229.79674 2.13144906090814e-12
20245.87766 2.12289303047248e-12
20261.95858 2.03170118189964e-12
20278.03949 1.91696431351247e-12
20294.12041 1.9035397309953e-12
20310.20133 1.89625841155079e-12
20326.28225 1.85667853554736e-12
20342.36317 1.82450402484311e-12
20358.44409 1.88534301466923e-12
20374.52501 1.9551436235506e-12
20390.60593 2.02051141788502e-12
20406.68685 2.08344255370167e-12
20422.76777 2.05579567980999e-12
20438.84869 2.03911693466039e-12
20454.92961 2.07802558960712e-12
20471.01053 2.07717176782661e-12
20487.09145 1.99346313331926e-12
20503.17237 1.95830057920796e-12
20519.25329 2.03035526735154e-12
20535.33421 2.11969098332764e-12
20551.41513 2.09293491601998e-12
20567.49605 2.11741480740034e-12
20583.57697 2.30291152806078e-12
20599.65788 2.59192157945594e-12
20615.7388 2.85170290526399e-12
20631.81972 3.11055361724067e-12
20647.90064 3.38388949447709e-12
20663.98156 3.76720454467726e-12
20680.06248 4.30507894171573e-12
20696.1434 4.81628482085342e-12
20712.22432 5.07980251765964e-12
20728.30524 5.34802364838561e-12
20744.38616 5.87560547904689e-12
20760.46708 6.43476501422703e-12
20776.548 6.43415087206528e-12
20792.62892 6.22640812316651e-12
20808.70984 6.09165268977815e-12
20824.79076 6.24827215526111e-12
20840.87168 6.05738063794279e-12
20856.9526 5.65165143658683e-12
20873.03352 5.05366948077937e-12
20889.11444 5.24058020858211e-12
20905.19536 6.14358115166734e-12
20921.27627 7.20163794073534e-12
20937.35719 7.49448195663545e-12
20953.43811 6.66116763643676e-12
20969.51903 6.98859640033388e-12
20985.59995 8.04347557093066e-12
21001.68087 8.37502630934118e-12
21017.76179 5.76648076246511e-12
21033.84271 3.51334122899414e-12
21049.92363 1.59932725102984e-12
21066.00455 1.51354504672578e-12
21082.08547 1.6608671915983e-12
21098.16639 1.69969080087811e-12
21114.24731 9.6643557557997e-13
21130.32823 2.42643568976881e-12
21146.40915 2.70845381112552e-12
21162.49007 2.84913460143016e-12
21178.57099 2.87524889199634e-12
21194.65191 3.38235053693406e-12
21210.73283 5.04152586078439e-12
21226.81375 7.5308775949685e-12
21242.89466 8.32883197698591e-12
21258.97558 6.29812641335531e-12
21275.0565 6.04444362247131e-12
21291.13742 6.23501626626488e-12
21307.21834 7.19687784747632e-12
21323.29926 6.41090586890697e-12
21339.38018 4.87058478021415e-12
21355.4611 2.70660169141259e-12
21371.54202 1.74968922668674e-12
21387.62294 1.60379569209123e-12
21403.70386 1.53088353029792e-12
21419.78478 1.18631017320337e-12
21435.8657 1.69463958549427e-13
21451.94662 1.1769481553738e-13
21468.02754 1.16748872029005e-13
21484.10846 1.16440086544138e-13
21500.18938 1.16411307138068e-13
21516.2703 1.16705147079805e-13
21532.35122 1.17323644048744e-13
21548.43214 1.18031150287744e-13
21564.51305 1.19227321084898e-13
21580.59397 1.20371139311202e-13
21596.67489 1.22120103190416e-13
21612.75581 1.24270477703756e-13
21628.83673 1.26247202305364e-13
21644.91765 1.28772950758078e-13
21660.99857 1.31617166082495e-13
21677.07949 1.34792409516043e-13
21693.16041 1.38300812900622e-13
21709.24133 1.41842693218181e-13
21725.32225 1.4626403424997e-13
21741.40317 1.50956548486234e-13
21757.48409 1.56138669993173e-13
21773.56501 1.62697741791358e-13
21789.64593 2.30910535163812e-13
21805.72685 1.25722689764239e-12
21821.80777 1.5230221347242e-12
21837.88869 1.60578357684047e-12
21853.96961 1.69830368040938e-12
21870.05053 1.96235575739242e-12
21886.13145 2.92982580188378e-12
21902.21236 3.16867538870261e-12
21918.29328 3.27096698942683e-12
21934.3742 2.0123743827422e-12
21950.45512 3.65405411213493e-12
21966.53604 1.19086846660697e-11
21982.61696 2.26682272758298e-11
21998.69788 3.63699679195656e-11
22014.7788 5.30862613091652e-11
22030.85972 7.631776864596e-11
22046.94064 1.07321628883514e-10
22063.02156 1.48516531265261e-10
22079.10248 1.92198400877973e-10
22095.1834 2.25385008526233e-10
22111.26432 2.58489451601389e-10
22127.34524 3.03295287996908e-10
22143.42616 3.6695799265363e-10
22159.50708 4.30877308655235e-10
22175.588 6.96276105420833e-10
22191.66892 1.04931178049974e-09
22207.74984 1.38770680778539e-09
22217.86975 1.70911129985136e-09
22229.87941 2.14718698496703e-09
22241.88907 2.70482422543615e-09
22253.89873 3.31213694270479e-09
22265.90839 3.9944084789782e-09
22277.91805 4.16472742296488e-09
22289.92771 4.42612367386629e-09
22301.93737 4.8213678524019e-09
22313.94703 5.27423354385466e-09
22325.95669 5.86293751558841e-09
22337.96635 6.41388141114201e-09
22349.97601 6.79737363626295e-09
22361.98567 7.4371690613253e-09
22373.99533 8.00903250670063e-09
22386.00498 8.52679921363156e-09
22398.01464 9.43817044515572e-09
22410.0243 1.03587102451037e-08
22422.03396 1.11918560868672e-08
22434.04362 1.18547121371738e-08
22446.05328 1.3180783302614e-08
22458.06294 1.44424412601463e-08
22470.0726 1.6314313290246e-08
22482.08226 1.87458476540223e-08
22494.09192 2.14715895978393e-08
22506.10158 2.3917656582734e-08
22518.11124 2.81178795988525e-08
22530.1209 3.42861478107638e-08
22542.13056 4.02909064598518e-08
22554.14021 4.66851688471497e-08
22566.14987 5.45011130803544e-08
22578.15953 6.27445820650944e-08
22590.16919 7.05675145074718e-08
22602.17885 8.30725786594172e-08
22614.18851 9.50862164206936e-08
22626.19817 1.08127233289105e-07
22638.20783 1.22397687033862e-07
22650.21749 1.37920814567934e-07
22662.22715 1.49584850838467e-07
22674.23681 1.62648607069628e-07
22686.24647 1.77079502415445e-07
22698.25613 1.92143323908883e-07
22710.26579 1.98958164222455e-07
22722.27545 2.04378801882588e-07
22734.2851 2.11957465110485e-07
22746.29476 2.18919902452835e-07
22758.30442 2.34420683497416e-07
22770.31408 2.48369232330752e-07
22782.32374 2.57051956301385e-07
22794.3334 2.58692639660366e-07
22806.34306 2.75575295992878e-07
22818.35272 2.93348799303617e-07
22830.36238 3.09598890394207e-07
22842.37204 3.29613043830372e-07
22854.3817 3.5235644292278e-07
22866.39136 3.76788162970533e-07
22878.40102 4.12582184963953e-07
22890.41068 4.61263304934041e-07
22902.42034 5.10632251355838e-07
22914.42999 5.71765892811211e-07
22926.43965 6.38990691036487e-07
22938.44931 7.24930481345159e-07
22950.45897 8.12779434572114e-07
22962.46863 9.1370297603874e-07
22974.47829 1.03331335341304e-06
22986.48795 1.17880613744762e-06
22998.49761 1.3365670924667e-06
23010.50727 1.51419753109414e-06
23022.51693 1.73514454536077e-06
23034.52659 1.98110882701009e-06
23046.53625 2.2624628767112e-06
23058.54591 2.59174347623696e-06
23070.55557 2.95918233039396e-06
23082.56523 3.36280447973567e-06
23094.57488 3.88098423211338e-06
23106.58454 4.47794008319087e-06
23118.5942 5.16811456178957e-06
23130.60386 5.95902011552674e-06
23142.61352 6.91927124292092e-06
23154.62318 8.09907587415681e-06
23166.63284 9.54729299032545e-06
23178.6425 1.12039880922081e-05
23190.65216 1.30124863073031e-05
23202.66182 1.51657821722297e-05
23214.67148 1.77776922461519e-05
23226.68114 2.07825704062953e-05
23238.6908 2.41145055909816e-05
23250.70046 2.76961737837683e-05
23262.71012 3.15722043782202e-05
23274.71977 3.61671938623856e-05
23286.72943 4.13999303004937e-05
23298.73909 4.72579627624283e-05
23310.74875 5.34734147382642e-05
23322.75841 6.05698173216773e-05
23334.76807 6.89098879292606e-05
23346.77773 7.86456215215752e-05
23358.78739 8.96697176720162e-05
23370.79705 0.000102130517996227
23382.80671 0.000116982149538999
23394.81637 0.000133638139093035
23406.82603 0.000152798613053062
23418.83569 0.00017424404024168
23430.84535 0.000198711434591551
23442.85501 0.000226746161475253
23454.86466 0.000259658523310604
23466.87432 0.000298133906217127
23478.88398 0.000342795736537052
23490.89364 0.000396950063434965
23502.9033 0.000462159223072178
23514.91296 0.000541808024519598
23526.92262 0.000638213142860757
23538.93228 0.000756320747418147
23550.94194 0.000900022570043692
23562.9516 0.00107561722993769
23574.96126 0.00128855822557753
23586.97092 0.00154269425606413
23598.98058 0.00184674083653989
23610.99024 0.00220550234650223
23622.99989 0.00261880809558235
23635.00955 0.00309215011602905
23647.01921 0.00362388333350635
23659.02887 0.00420953122653481
23671.03853 0.00484633133326647
23683.04819 0.00552886210556029
23695.05785 0.00625343604879203
23707.06751 0.00700609202547862
23719.07717 0.00778861816730661
23731.08683 0.00859829195650675
23743.09649 0.00942744601133705
23755.10615 0.0102370985603693
23767.11581 0.0111127904491804
23779.12547 0.0120648810242712
23791.13513 0.0131102940425547
23803.14478 0.0142787661016854
23815.15444 0.0155989599512119
23827.1641 0.0170857889425682
23839.17376 0.018787045312355
23851.18342 0.0207371558849465
23863.19308 0.0229977355456737
23875.20274 0.0256459584470931
23887.2124 0.0287399376325978
23899.22206 0.0323426914487727
23911.23172 0.0365610296098883
23923.24138 0.0414857699701985
23935.25104 0.0472094209983535
23947.2607 0.0538599980612616
23959.27036 0.0614364177232449
23971.28002 0.0699681642779065
23983.28967 0.0794419503417675
23995.29933 0.0897562069420496
24007.30899 0.100730110714709
24019.31865 0.11212178090278
24031.32831 0.12364359417586
24043.33797 0.134979590648792
24055.34763 0.145822878902248
24067.35729 0.155911113373959
24079.36695 0.165059616253557
24091.37661 0.173184057360937
24103.38627 0.180302295152703
24115.39593 0.186530998049016
24127.40559 0.192053004678979
24139.41525 0.197112551545052
24151.42491 0.201976040671221
24163.43456 0.206901970611851
24175.44422 0.212112787157455
24187.45388 0.217771551854644
24199.46354 0.223967270596438
24211.4732 0.230770374244516
24223.48286 0.238236344481982
24235.49252 0.24578324079016
24247.50218 0.253430416624414
24259.51184 0.260944330683203
24271.5215 0.268096722607469
24283.53116 0.274693840846449
24295.54082 0.28059958436161
24307.55048 0.285770561528595
24319.56014 0.290206769121795
24331.5698 0.293969907228782
24343.57945 0.297182320284951
24355.58911 0.299996659055578
24367.59877 0.302568167672946
24379.60843 0.305043781852241
24391.61809 0.307552061477925
24403.62775 0.3101954640935
24415.63741 0.313051857552963
24427.64707 0.316172041150197
24439.65673 0.319590968207868
24451.66639 0.323322082913331
24463.67605 0.327360060446892
24475.68571 0.331465595403626
24487.69537 0.335864346455424
24499.70503 0.340421722957405
24511.71469 0.345059513733428
24523.72434 0.349764748868511
24535.734 0.354463111763927
24547.74366 0.359076710129559
24559.75332 0.363535427091366
24571.76298 0.367778845537652
24583.77264 0.371749984376244
24595.7823 0.375407536334568
24607.79196 0.378683276257355
24619.80162 0.381580412989312
24631.81128 0.384120169341468
24643.82094 0.386318131584713
24655.8306 0.388194644837464
24667.84026 0.38977736924733
24679.84992 0.391098658250808
24691.85958 0.392301442043806
24703.86923 0.393263520837722
24715.87889 0.394126709798603
24727.88855 0.39488327809093
24739.89821 0.395931176739375
24751.90787 0.396538909065254
24763.91753 0.397014805989658
24775.92719 0.397471225176977
24787.93685 0.39791276176039
24799.94651 0.398366184130038
24811.95617 0.398573466590811
24823.96583 0.398582679486384
24835.97549 0.398925581156473
24847.98515 0.399143499636117
24859.99481 0.399383218053778
24872.00446 0.399590235489587
24884.01412 0.399693013071963
24896.02378 0.399711521638483
24908.03344 0.399694238017996
24920.0431 0.399584857553503
24932.05276 0.399395305941045
24944.06242 0.399123590562453
24956.07208 0.398769343174449
24968.08174 0.398335306282616
24980.0914 0.397826062579273
24992.10106 0.397241262987341
25004.11072 0.396587322195743
25016.12038 0.395871910913401
25028.13004 0.39510541036123
25040.1397 0.394296608281576
25052.14935 0.393457247127878
25064.15901 0.392597935562107
25076.16867 0.391725280533696
25088.17833 0.390853577714118
25100.18799 0.389992879101541
25112.19765 0.389166912814994
25124.20731 0.388369324541812
25136.21697 0.387611083046378
25148.22663 0.386896634522319
25160.23629 0.386233427941814
25172.24595 0.385630002239102
25184.25561 0.385088494734704
25196.26527 0.384613493964928
25208.27493 0.384214429516268
25220.28459 0.383892004733775
25232.29424 0.383643379928309
25244.3039 0.383470990095103
25256.31356 0.38337352130976
25268.32322 0.383349421857244
25280.33288 0.383401110684324
25292.34254 0.383524808122814
25304.3522 0.38372982314537
25316.36186 0.384024534289052
25328.37152 0.384381134690465
25340.38118 0.384794922191019
25352.39084 0.385263397412621
25364.4005 0.385780778615992
25376.41016 0.386338319468221
25388.41982 0.386931518114675
25400.42948 0.387555649884165
25412.43913 0.388179686049701
25424.44879 0.388824031084999
25436.45845 0.389481646525884
25448.46811 0.390147178724834
25460.47777 0.39081753586852
25472.48743 0.39148903365976
25484.49709 0.39215690087611
25496.50675 0.39281689959346
25508.51641 0.393479621738024
25520.52607 0.394131653497564
25532.53573 0.394768961997595
25544.54539 0.39538693988012
25556.55505 0.395983510131003
25568.56471 0.396557439330267
25580.57437 0.397108103673155
25592.58402 0.39763564812395
25604.59368 0.398140265187115
25616.60334 0.398626521856232
25628.613 0.399090440241564
25640.62266 0.399533891255706
25652.63232 0.399956238880909
25664.64198 0.400361746982643
25676.65164 0.400754877717395
25688.6613 0.401128826066081
25700.67096 0.401520208137564
25712.68062 0.402302181237807
25724.69028 0.402640840406954
25736.69994 0.402974243848433
25748.7096 0.403307099971769
25760.71926 0.403635308171987
25772.72891 0.40384304000317
25784.73857 0.403865294187557
25796.74823 0.404188246823396
25808.75789 0.404514235513223
25820.76755 0.404852431441781
25832.77721 0.405211973297806
25844.78687 0.405575645328832
25856.79653 0.405942067482682
25868.80619 0.406313717786382
25880.81585 0.406684775809727
25892.82551 0.40706224134165
25904.83517 0.407428754825024
25916.84483 0.407800140956667
25928.85449 0.40818043568591
25940.86414 0.408512844476979
25952.8738 0.408450915290691
25964.88346 0.408813211359405
25976.89312 0.409492098915284
25988.90278 0.409984049983724
26000.91244 0.410301001146562
26012.9221 0.410268024374468
26024.93176 0.410178353478989
26036.94142 0.410076004806173
26048.95108 0.409957206885226
26060.96074 0.409820201015742
26072.9704 0.409669164557844
26084.98006 0.409500401562435
26096.98972 0.409313788071375
26108.99938 0.40911495719024
26121.00903 0.408892599621057
26133.01869 0.408536783475223
26145.02835 0.408137327238199
26157.03801 0.40814077721214
26169.04767 0.408125369938129
26181.05733 0.408576855495407
26193.06699 0.408546770764475
26205.07665 0.408510286402882
26217.08631 0.408475793940197
26229.09597 0.408434312542412
26241.10563 0.40838953971503
26253.11529 0.408344885839538
26265.12495 0.40829786039438
26277.13461 0.408247898550489
26289.14427 0.40820615585142
26301.15392 0.408166150048411
26313.16358 0.408127748245079
26325.17324 0.408101714908857
26337.1829 0.408079134001355
26349.19256 0.40849746187179
26361.20222 0.408541015807221
26373.21188 0.408553545698771
26385.22154 0.408577235756134
26397.2312 0.408617865445734
26409.24086 0.408670235305153
26421.25052 0.40873418612972
26433.26018 0.408813476083592
26445.26984 0.408906287534615
26457.2795 0.409010812260607
26469.28916 0.409127271723355
26481.29881 0.409252406493523
26493.30847 0.409385735257845
26505.31813 0.409267392233279
26517.32779 0.409134862259482
26529.33745 0.409637861556474
26541.34711 0.409732129145918
26553.35677 0.409792034036417
26565.36643 0.409849353300564
26577.37609 0.409906468737531
26589.38575 0.409961361679732
26601.39541 0.409945584738959
26613.40507 0.409431846328042
26625.41473 0.409128493834489
26637.42439 0.4091271720604
26649.43405 0.409124282233063
26661.4437 0.409100457465793
26673.45336 0.40907589787508
26685.46302 0.409307764258471
26697.47268 0.409488437224142
26709.48234 0.409482410968525
26721.492 0.409000620909955
26733.50166 0.409000973809064
26745.51132 0.409000632066743
26757.52098 0.409011467058937
26769.53064 0.409021413951903
26781.5403 0.409020526001973
26793.54996 0.409019171877741
26805.55962 0.409012010286087
26817.56928 0.409000350979547
26829.57894 0.408521668286509
26841.58859 0.40846732178166
26853.59825 0.408427452009121
26865.60791 0.408638504589226
26877.61757 0.408790042996621
26889.62723 0.408738378858101
26901.63689 0.408680424381961
26913.64655 0.40859075941162
26925.65621 0.408237968672105
26937.66587 0.407955417317202
26949.67553 0.407889567683916
26961.68519 0.407834805144908
26973.69485 0.407791069787883
26985.70451 0.407760154735149
26997.71417 0.408075918251373
27009.72383 0.408276786874621
27021.73348 0.408331658060439
27033.74314 0.408257776288089
27045.7528 0.408696427122483
27057.76246 0.40884710570089
27069.77212 0.408997310456976
27081.78178 0.409148010257825
27093.79144 0.409300407909006
27105.8011 0.409446073680193
27117.81076 0.409587791947295
27129.82042 0.409720997698191
27141.83008 0.409368066568222
27153.83974 0.409482972786962
27165.8494 0.409584323564098
27177.85906 0.409679635579114
27189.86871 0.40976323161644
27201.87837 0.40982437817657
27213.88803 0.410025827149101
27225.89769 0.41032279536851
27237.90735 0.409947784765848
27249.91701 0.409839224966701
27261.92667 0.409827472736254
27273.93633 0.409800845910309
27285.94599 0.409761744186823
27297.95565 0.409721023447065
27309.96531 0.409679544018008
27321.97497 0.409635179209875
27333.98463 0.409394316625608
27345.99429 0.409049931929375
27358.00395 0.408987997403524
27370.0136 0.408924452411479
27382.02326 0.408864656312386
27394.03292 0.408807787770737
27406.04258 0.409035114914383
27418.05224 0.409162310413661
27430.0619 0.409114706699371
27442.07156 0.408982229607262
27454.08122 0.408581594260302
27466.09088 0.408573548426463
27478.10054 0.408574890680419
27490.1102 0.408593248096218
27502.11986 0.408561787412061
27514.12952 0.408238435288132
27526.13918 0.407644015954336
27538.14884 0.40717726070736
27550.15849 0.406913613290794
27562.16815 0.406564708552588
27574.17781 0.405969270663804
27586.18747 0.40576326127192
27598.19713 0.405955657254453
27610.20679 0.405895710315337
27622.21645 0.405381432131184
27634.22611 0.405617141147908
27646.23577 0.405815993262437
27658.24543 0.406039246827722
27670.25509 0.405804485283764
27682.26475 0.406070813190098
27694.27441 0.406355164062471
27706.28407 0.406331240674307
27718.29373 0.40642751719037
27730.30338 0.406714696212068
27742.31304 0.407016443565625
27754.3227 0.407118249443428
27766.33236 0.407163904146381
27778.34202 0.407485584306121
27790.35168 0.408273504992206
27802.36134 0.408491661036198
27814.371 0.408460833921125
27826.38066 0.408794710711244
27838.39032 0.409121932654747
27850.39998 0.409427109759768
27862.40964 0.409278579318571
27874.4193 0.409583906357103
27886.42896 0.409879049160955
27898.43862 0.410160470420215
27910.44827 0.409974393469333
27922.45793 0.410261804783934
27934.46759 0.410534425765521
27946.47725 0.410472555333495
27958.48691 0.410539629301871
27970.49657 0.410759919429453
27982.50623 0.411078439999457
27994.51589 0.411391774114132
28006.52555 0.411257360076146
28018.53521 0.411346236947092
28030.54487 0.411416422447195
28042.55453 0.411347390755685
28054.56419 0.411023128440739
28066.57385 0.41104973357877
28078.58351 0.411062567290252
28090.59316 0.411034796466482
28102.60282 0.410565137601375
28114.61248 0.410551879643188
28126.62214 0.410531458215083
28138.6318 0.410502318457072
28150.64146 0.409979592580539
28162.65112 0.409936555868282
28174.66078 0.409892073897469
28186.67044 0.410153498236933
28198.6801 0.409838399516584
28210.68976 0.409679771078811
28222.69942 0.409581592066472
28234.70908 0.409486404783014
28246.71874 0.40939546318456
28258.72839 0.409308797075749
28270.73805 0.409224617477104
28282.74771 0.409146857181538
28294.75737 0.409074160499112
28306.76703 0.408986244245482
28318.77669 0.408884815983395
28330.78635 0.408791825300977
28342.79601 0.408704701619237
28354.80567 0.408628304507472
28366.81533 0.40822958886527
28378.82499 0.408016400018187
28390.83465 0.407967632032583
28402.84431 0.408060746288831
28414.85397 0.4083639510463
28426.86363 0.408345864571009
28438.87328 0.408338542634174
28450.88294 0.40833810391767
28462.8926 0.408349537706485
28474.90226 0.408370728379755
28486.91192 0.40840183727201
28498.92158 0.408438681328061
28510.93124 0.408246124527676
28522.9409 0.408037800052518
28534.95056 0.407838218254912
28546.96022 0.407645707004933
28558.96988 0.407459977947822
28570.97954 0.407280499319631
28582.9892 0.407108037491714
28594.99886 0.406942187158177
28607.00852 0.406504939318637
28619.01817 0.406313154590177
28631.02783 0.406270668328495
28643.03749 0.406374634064694
28655.04715 0.406662324104167
28667.05681 0.406634217847583
28679.06647 0.406607084603158
28691.07613 0.406583921160878
28703.08579 0.406574232279071
28715.09545 0.406603475208107
28727.10511 0.40663184056204
28739.11477 0.406659485584626
28751.12443 0.406684096306036
28763.13409 0.406707102021306
28775.14375 0.406725730375527
28787.15341 0.406738893214793
28799.16306 0.406744692332378
28811.17272 0.406738013842832
28823.18238 0.40672191752753
28835.19204 0.40669451177634
28847.2017 0.40665574757604
28859.21136 0.406156569788511
28871.22102 0.406052026762524
28883.23068 0.405967869481861
28895.24034 0.405866933013018
28907.25 0.405813180901647
28919.25966 0.405785109367364
28931.26932 0.40619389310838
28943.27898 0.406122997650115
28955.28864 0.406027854303754
28967.2983 0.405909756269941
28979.30795 0.405767756682552
28991.31761 0.40560221779183
29003.32727 0.405384233769389
29015.33693 0.405071295075941
29027.34659 0.404731715303745
29039.35625 0.40436837108801
29051.36591 0.403979638127263
29063.37557 0.403566681475248
29075.38523 0.403129770850323
29087.39489 0.402670558032198
29099.40455 0.402189255810941
29111.41421 0.401259854437982
29123.42387 0.400794895665
29135.43353 0.400312804304426
29147.44319 0.399814845514953
29159.45284 0.399304249825186
29171.4625 0.398781860874691
29183.47216 0.398251212983227
29195.48182 0.397715616534409
29207.49148 0.397082455637476
29219.50114 0.39639183590762
29231.5108 0.395701482785569
29243.52046 0.395014223174165
29255.53012 0.394333092766307
29267.53978 0.393995106680035
29279.54944 0.393441448393088
29291.5591 0.392790604198119
29303.56876 0.392123675026581
29315.57842 0.391400834838667
29327.58808 0.390695662672271
29339.59773 0.390010230527541
29351.60739 0.389345963493863
29363.61705 0.388703847309186
29375.62671 0.387823784670249
29387.63637 0.387025477340881
29399.64603 0.386454232761565
29411.65569 0.385968210719386
29423.66535 0.385508829840497
29435.67501 0.38533578832119
29447.68467 0.385125167276725
29459.69433 0.384738690698807
29471.70399 0.384376187995776
29483.71365 0.384036320753681
29495.72331 0.38371728103226
29507.73296 0.38363498036592
29519.74262 0.383302333388592
29531.75228 0.382896794951027
29543.76194 0.38250544199996
29555.7716 0.382126871669769
29567.78126 0.381760153329706
29579.79092 0.381402795231851
29591.80058 0.38105399613055
29603.81024 0.380709751651252
29615.8199 0.380367561179242
29627.82956 0.380027662917047
29639.83922 0.379689148248888
29651.84888 0.379351573217873
29663.85854 0.37901091573347
29675.8682 0.378665730965947
29687.87785 0.37831592780022
29699.88751 0.377961250607758
29711.89717 0.377633348137779
29723.90683 0.377298977364605
29735.91649 0.376956610904818
29747.92615 0.376607482781962
29759.93581 0.377119926894558
29771.94547 0.376763366431454
29783.95513 0.376393679052493
29795.96479 0.376018093467046
29807.97445 0.375510807759701
29819.98411 0.374935692196475
29831.99377 0.374356874672745
29844.00343 0.373775127704641
29856.01309 0.373190024289453
29868.02274 0.372605388321681
29880.0324 0.372021911161329
29892.04206 0.371823539144626
29904.05172 0.371292831914753
29916.06138 0.370868032923832
29928.07104 0.370447485915563
29940.0807 0.370034427373097
29952.09036 0.369628076087035
29964.10002 0.369229596800267
29976.10968 0.36883928761909
29988.11934 0.368460310624061
30000.129 0.368089053236645
30012.13866 0.367566335478022
30024.14832 0.367272111063979
30036.15798 0.366688634085088
30048.16763 0.36611485167456
30060.17729 0.365559183450271
30072.18695 0.36543285668708
30084.19661 0.364884950426403
30096.20627 0.364344280335285
30108.21593 0.363979229791007
30120.22559 0.363698347173725
30132.23525 0.363419261405825
30144.24491 0.363143063745961
30156.25457 0.362865548823398
30168.26423 0.362587343279248
30180.27389 0.362304303370081
30192.28355 0.362016635674341
30204.29321 0.361664894829845
30216.30287 0.361203000555439
30228.31252 0.36072780476789
30240.32218 0.360239987918963
30252.33184 0.359735358237015
30264.3415 0.359215246663641
30276.35116 0.358676677899912
30288.36082 0.358118663928697
30300.37048 0.357550111540095
30312.38014 0.357270670178835
30324.3898 0.356972047661496
30336.39946 0.356652690751888
30348.40912 0.356313043757461
30360.41878 0.355968277974148
30372.42844 0.355992284476763
30384.4381 0.355587998213839
30396.44776 0.355165704525442
30408.45741 0.354877986697873
30420.46707 0.354638506115515
30432.47673 0.354380760194684
30444.48639 0.354109987503039
30456.49605 0.35382684143499
30468.50571 0.353534859004313
30480.51537 0.353253276290002
30492.52503 0.353293712746129
30504.53469 0.3529386697061
30516.54435 0.352507039862856
30528.55401 0.352078536981793
30540.56367 0.351653282036247
30552.57333 0.351235730874151
30564.58299 0.350824223014379
30576.59264 0.350424357259625
30588.6023 0.350035222572147
30600.61196 0.349680967407705
30612.62162 0.349697991437386
30624.63128 0.349732418418177
30636.64094 0.349783861614967
30648.6506 0.349854057193937
30660.66026 0.350360861305237
30672.66992 0.350468906991266
30684.67958 0.350779674474319
30696.68924 0.351130687257721
30708.6989 0.35113181567695
30720.70856 0.351085124721553
30732.71822 0.351051059421243
30744.72788 0.351021351908048
30756.73753 0.350995416670537
30768.74719 0.350966991152259
30780.75685 0.350933310109442
30792.76651 0.350887376545975
30804.77617 0.350949478404452
30816.78583 0.351178223615623
30828.79549 0.351368256553036
30840.80515 0.351514224493657
30852.81481 0.351602042316165
30864.82447 0.351622375028148
30876.83413 0.351559019846701
30888.84379 0.351401245025476
30900.85345 0.351134281943731
30912.86311 0.35083056646988
30924.87277 0.350380901047532
30936.88242 0.350050559081596
30948.89208 0.349375389137608
30960.90174 0.348362377408882
30972.9114 0.34712190302692
30984.92106 0.345623131648572
30996.93072 0.343852689620628
31008.94038 0.341666005665801
31020.95004 0.339117847231474
31032.9597 0.336229976217786
31044.96936 0.33298721347688
31056.97902 0.329367925312273
31068.98868 0.325352457540737
31080.99834 0.320938742635375
31093.008 0.316117041771004
31105.01766 0.310915258635737
31117.02731 0.305350884407746
31129.03697 0.299375579304134
31141.04663 0.292990618684934
31153.05629 0.286210526765395
31165.06595 0.279060117208058
31177.07561 0.27156165104299
31189.08527 0.263734427348169
31201.09493 0.255668852875981
31213.10459 0.247747254928837
31225.11425 0.239323546303733
31237.12391 0.230710608868633
31249.13357 0.221954374972867
31261.14323 0.213098071282364
31273.15289 0.204179993466516
31285.16255 0.195248819354645
31297.1722 0.18635000232915
31309.18186 0.177476086435888
31321.19152 0.168702454628326
31333.20118 0.160082598230107
31345.21084 0.151651030464259
31357.2205 0.143435124364704
31369.23016 0.135462290372661
31381.23982 0.127757793541688
31393.24948 0.12033667922883
31405.25914 0.113230768671504
31417.2688 0.106452158764853
31429.27846 0.0999874955866448
31441.28812 0.0938378619255843
31453.29778 0.088004610233178
31465.30744 0.0824875398074534
31477.31709 0.0773470089287595
31489.32675 0.0724619078975315
31501.33641 0.0678451809009364
31513.34607 0.0635132482461354
31525.35573 0.0594546249562817
31537.36539 0.0556585610982088
31549.37505 0.0521119907131935
31561.38471 0.0488004768813618
31573.39437 0.0457126412960768
31585.40403 0.0428343085295129
31597.41369 0.0401553891252585
31609.42335 0.0376574216405183
31621.43301 0.0353330414502096
31633.44267 0.0331707452694003
31645.45233 0.0311593282788465
31657.46198 0.0292904185943657
31669.47164 0.0275517153040704
31681.4813 0.0259354804905635
31693.49096 0.0244308459738415
31705.50062 0.0230375702598866
31717.51028 0.0217474567206979
31729.51994 0.0205690454131246
31741.5296 0.0194499244228533
31753.53926 0.0184041377258812
31765.54892 0.0174302202810621
31777.55858 0.0165211525106061
31789.56824 0.0156728361779547
31801.5779 0.0148792269498933
31813.58756 0.0141332609325146
31825.59721 0.0134361662443555
31837.60687 0.0127825711724062
31849.61653 0.0121714182602818
31861.62619 0.0115975427594024
31873.63585 0.0110593904661298
31885.64551 0.0105541024260077
31897.65517 0.0100788649712051
31909.66483 0.00963312400612827
31921.67449 0.00921275559870244
31933.68415 0.00881787972500875
31945.69381 0.00844504906171085
31957.70347 0.00809352097764592
31969.71313 0.00776151118049378
31981.72279 0.00745561842333116
31993.73245 0.00715793153074469
32005.7421 0.00687340613912062
32017.75176 0.00660320361270011
32029.76142 0.00634568996885083
32041.77108 0.00610028248479074
32053.78074 0.005866667465119
32065.7904 0.00564274876327213
32077.80006 0.00542981818459395
32089.80972 0.00522559280426781
32101.81938 0.00503098619271135
32113.82904 0.00484404306340842
32125.8387 0.00466098353548865
32137.84836 0.00448705425874707
32149.85802 0.00432091274834059
32161.86768 0.00416163767928777
32173.87734 0.00400703531616529
32185.88699 0.0038574479707212
32197.89665 0.00371319200294193
32209.90631 0.0035740765065777
32221.91597 0.00344467126283545
32233.92563 0.00331403427842279
32245.93529 0.00318781611526021
32257.94495 0.00306529858521623
32269.95461 0.00294631420173999
32281.96427 0.00283140531683923
32293.97393 0.00271871628899697
32305.98359 0.00260947328987875
32317.99325 0.00250209425148173
32330.00291 0.00239783569762134
32342.01257 0.00229691068862479
32354.02223 0.00219817291106703
32366.03188 0.00210327030310009
32378.04154 0.00201067150787636
32390.0512 0.00192123826980606
32402.06086 0.00183426977803534
32414.07052 0.00174960337326865
32426.08018 0.00166846614972132
32438.08984 0.00158911308255718
32450.0995 0.00151517418012179
32462.10916 0.00144202662990794
32474.11882 0.0013715269110944
32486.12848 0.00130412675867711
32498.13814 0.00123847447035342
32510.1478 0.00117625660075694
32522.15746 0.00111591473326381
32534.16712 0.00105828152023111
32546.17677 0.00100326316962016
32558.18643 0.000949730912092297
32570.19609 0.000899261253683404
32582.20575 0.000850508935973206
32594.21541 0.000804159814634749
32606.22507 0.000759940873061066
32618.23473 0.00071753768927501
32630.24439 0.000677918903112803
32642.25405 0.00063920591975347
32654.26371 0.000602448219952009
32666.27337 0.000567428740800941
32678.28303 0.000534311018880027
32690.29269 0.000503219048803792
32702.30235 0.000473140772990629
32714.31201 0.000444907009920647
32726.32166 0.000417961905716649
32738.33132 0.00039232837662026
32750.34098 0.000368931492866971
32762.35064 0.000346296138640282
32774.3603 0.000325751914248239
32786.36996 0.000306399519214231
32798.37962 0.000287630166529558
32810.38928 0.00027063830443763
32822.39894 0.000254146944072072
32834.4086 0.000239071249137747
32846.41826 0.000224588342809869
32858.42792 0.000211024383090896
32870.43758 0.000199035988322559
32882.44724 0.000187150730659819
32894.45689 0.00017673451137328
32906.46655 0.000166776260624237
32918.47621 0.000157379476624167
32930.48587 0.000149119223423974
32942.49553 0.000140858922935472
32954.50519 0.000133474521741467
32966.51485 0.000126157854519456
32978.52451 0.000119207240478098
32990.53417 0.000113106634031859
33002.54383 0.000106788148025309
33014.55349 0.000101077864414701
33026.56315 9.56219104781312e-05
33038.57281 9.04779332627074e-05
33050.58247 8.62157968380779e-05
33062.59213 8.18339606783374e-05
33074.60178 7.80474499178136e-05
33086.61144 7.44768432141887e-05
33098.6211 7.10888766970849e-05
33110.63076 6.83528857147246e-05
33122.64042 6.55574607165203e-05
33134.65008 6.32103959543389e-05
33146.65974 6.10021591646993e-05
33158.6694 5.87962817997299e-05
33170.67906 5.73386140754679e-05
33182.68872 5.55645940766647e-05
33194.69838 5.39491177465926e-05
33206.70804 5.23557413163397e-05
33218.7177 5.08102644973898e-05
33230.72736 5.00368767393949e-05
33242.73702 4.88869133354456e-05
33254.74667 4.749080947849e-05
33266.75633 4.62671151299621e-05
33278.76599 4.52097662036991e-05
33290.77565 4.46053664132139e-05
33302.78531 4.39062427384356e-05
33314.79497 4.26963429392746e-05
33326.80463 4.15565287640971e-05
33338.81429 4.01354515507642e-05
33350.82395 3.90543855395473e-05
33362.83361 3.76332153471341e-05
33374.84327 3.61334426697642e-05
33386.85293 3.48898673775644e-05
33398.86259 3.36347695450286e-05
33410.87225 3.2929971064713e-05
33422.88191 3.22095865104194e-05
33434.89156 3.11834805652301e-05
33446.90122 3.04754980067135e-05
33458.91088 2.97882696604149e-05
33470.92054 2.90416186603546e-05
33482.9302 2.82822178028065e-05
33494.93986 2.73608441101402e-05
33506.94952 2.66384082284695e-05
33518.95918 2.58907068929102e-05
33530.96884 2.53035646905828e-05
33542.9785 2.48523844996163e-05
33554.98816 2.42437346769543e-05
33566.99782 2.37119126128506e-05
33579.00748 2.3161591711022e-05
33591.01714 2.2494247962095e-05
33603.0268 2.20173372184174e-05
33615.03645 2.16515257192422e-05
33627.04611 2.14217056140583e-05
33639.05577 2.13137019754373e-05
33651.06543 2.11540222868289e-05
33663.07509 2.1213047664797e-05
33675.08475 2.14699055076658e-05
33687.09441 2.16949201953626e-05
33699.10407 2.18625637651525e-05
33711.11373 2.18806432668981e-05
33723.12339 2.19127611314408e-05
33735.13305 2.20381335095275e-05
33747.14271 2.22124918120485e-05
33759.15237 2.24461386641163e-05
33771.16203 2.26406805606249e-05
33783.17169 2.28457539047709e-05
33795.18134 2.34170728846968e-05
33807.191 2.4039416622649e-05
33819.20066 2.4536488294496e-05
33831.21032 2.48801474354252e-05
33843.21998 2.49527867750498e-05
33855.22964 2.50992503010933e-05
33867.2393 2.53015211350298e-05
33879.24896 2.5557905193283e-05
33891.25862 2.57251802809078e-05
33903.26828 2.55897890981703e-05
33915.27794 2.54653218131345e-05
33927.2876 2.58817518150509e-05
33939.29726 2.64481647519497e-05
33951.30692 2.70021448459868e-05
33963.31658 2.75392529767725e-05
33975.32623 2.82449096808926e-05
33987.33589 2.90908041131904e-05
33999.34555 3.01517852513353e-05
34011.35521 3.12807186568914e-05
34023.36487 3.2006203159059e-05
34035.37453 3.26021224460499e-05
34047.38419 3.3210691936303e-05
34059.39385 3.37419333550964e-05
34071.40351 3.40837545527605e-05
34083.41317 3.46187943045021e-05
34095.42283 3.54682792134401e-05
34107.43249 3.62833309918145e-05
34119.44215 3.75288507552301e-05
34131.45181 3.9064696646157e-05
34143.46146 4.02489462798071e-05
34155.47112 4.11609999235241e-05
34167.48078 4.20953031368982e-05
34179.49044 4.2815463108009e-05
34191.5001 4.36311191232146e-05
34203.50976 4.43985956686377e-05
34215.51942 4.46870809007885e-05
34227.52908 4.48849253546505e-05
34239.53874 4.54345101487871e-05
34251.5484 4.65566749041592e-05
34263.55806 4.7432083661351e-05
34275.56772 4.76298911927342e-05
34287.57738 4.75560353894212e-05
34299.58704 4.74409079914109e-05
34311.5967 4.78910425812499e-05
34323.60635 4.87423268931186e-05
34335.61601 4.89729719572748e-05
34347.62567 4.88478520715892e-05
34359.63533 4.91315600585429e-05
34371.64499 4.94638688443646e-05
34383.65465 4.99097541682776e-05
34395.66431 5.04379926216283e-05
34407.67397 5.02991944986866e-05
34419.68363 5.02345667011266e-05
34431.69329 5.05632713752617e-05
34443.70295 5.1091588820695e-05
34455.71261 5.14581445784239e-05
34467.72227 5.16024178548981e-05
34479.73193 5.21272306748026e-05
34491.74159 5.28110358831704e-05
34503.75124 5.29763665104215e-05
34515.7609 5.32042389337347e-05
34527.77056 5.28100783975378e-05
34539.78022 5.19789702162585e-05
34551.78988 5.17346648975464e-05
34563.79954 5.14169541758983e-05
34575.8092 5.06572121644948e-05
34587.81886 5.01160908714666e-05
34599.82852 4.95754203514473e-05
34611.83818 4.91811052844947e-05
34623.84784 4.9502620106901e-05
34635.8575 4.96728905766402e-05
34647.86716 5.01261051657638e-05
34659.87682 5.08569751896308e-05
34671.88648 5.11615798907455e-05
34683.89613 5.14405749057907e-05
34695.90579 5.1512110857591e-05
34707.91545 5.12760958170846e-05
34719.92511 5.11119786070298e-05
34731.93477 5.07442805424566e-05
34743.94443 4.99721660862197e-05
34755.95409 4.90393830885088e-05
34767.96375 4.78631525413158e-05
34779.97341 4.69361640324457e-05
34791.98307 4.62973732254072e-05
34803.99273 4.5446505619209e-05
34816.00239 4.49712908685721e-05
34828.01205 4.45107777036032e-05
34840.02171 4.41008305278184e-05
34852.03137 4.43583520289897e-05
34864.04102 4.41102176749788e-05
34876.05068 4.34781647286203e-05
34888.06034 4.31567509252353e-05
34900.07 4.22703884738631e-05
34912.07966 4.16361843716124e-05
34924.08932 4.15860074571115e-05
34936.09898 4.08178117206158e-05
34948.10864 4.03700757320206e-05
34960.1183 4.07412348965438e-05
34972.12796 4.08272543618224e-05
34984.13762 4.13763913994618e-05
34996.14728 4.18966877890818e-05
35008.15694 4.12134689253818e-05
35020.1666 4.08395324893827e-05
35032.17626 4.07051888995478e-05
35044.18591 3.99438146951877e-05
35056.19557 3.97824867480663e-05
35068.20523 3.9581106785253e-05
35080.21489 3.93170728230144e-05
35092.22455 4.032928972801e-05
35104.23421 4.12546792375547e-05
35116.24387 4.15960356572174e-05
35128.25353 4.20936365929349e-05
35140.26319 4.18957685202423e-05
35152.27285 4.15526495998774e-05
35164.28251 4.16000485951147e-05
35176.29217 4.06334355797385e-05
35188.30183 3.91249626382262e-05
35200.31149 3.82814591864919e-05
35212.32114 3.73493742147679e-05
35224.3308 3.69712674888179e-05
35236.34046 3.69706582947524e-05
35248.35012 3.66563258240234e-05
35260.35978 3.68953933734711e-05
35272.36944 3.71917262761025e-05
35284.3791 3.70206743270222e-05
35296.38876 3.71873485050326e-05
35308.39842 3.70585814370613e-05
35320.40808 3.63130043813539e-05
35332.41774 3.61696051494059e-05
35344.4274 3.57044689382473e-05
35356.43706 3.48282302399128e-05
35368.44672 3.46006172214187e-05
35380.45638 3.43244126248692e-05
35392.46603 3.44579463799826e-05
35404.47569 3.56364285305898e-05
35416.48535 3.62333936822882e-05
35428.49501 3.66651952483089e-05
35440.50467 3.76781123986707e-05
35452.51433 3.81543333242511e-05
35464.52399 3.89194509485564e-05
35476.53365 4.0097443204034e-05
35488.54331 3.99027742251791e-05
35500.55297 3.94666131046483e-05
35512.56263 3.95290981358278e-05
35524.57229 3.88252875164087e-05
35536.58195 3.83150796651196e-05
35548.59161 3.81619978201951e-05
35560.60127 3.74362671445699e-05
35572.61092 3.75948679289152e-05
35584.62058 3.79348716523214e-05
35596.63024 3.72541091897404e-05
35608.6399 3.73729098700738e-05
35620.64956 3.79085254939552e-05
35632.65922 3.80896745561898e-05
35644.66888 3.89532368288585e-05
35656.67854 3.91932677849053e-05
35668.6882 3.83361206001967e-05
35680.69786 3.83629830868849e-05
35692.70752 3.85720688845816e-05
35704.71718 3.8347799452303e-05
35716.72684 3.88378039354576e-05
35728.7365 3.87336165681936e-05
35740.74616 3.81299188424144e-05
35752.75581 3.85196547803341e-05
35764.76547 3.85635313588081e-05
35776.77513 3.8252339673046e-05
35788.78479 3.8590518199614e-05
35800.79445 3.82520118004083e-05
35812.80411 3.75550353563312e-05
35824.81377 3.75291919650545e-05
35836.82343 3.67374399601035e-05
35848.83309 3.56850630624979e-05
35860.84275 3.55091390505804e-05
35872.85241 3.50558843339344e-05
35884.86207 3.45441720928843e-05
35896.87173 3.50117524089591e-05
35908.88139 3.49539311856449e-05
35920.89105 3.46080177328878e-05
35932.9007 3.52652089657056e-05
35944.91036 3.54834005589523e-05
35956.92002 3.54787792149723e-05
35968.92968 3.63697821550745e-05
35980.93934 3.64643602606583e-05
35992.949 3.61314344141865e-05
36004.95866 3.69802847429309e-05
36016.96832 3.73995503812975e-05
36028.97798 3.75511848180892e-05
36040.98764 3.83520517041078e-05
36052.9973 3.83817293185505e-05
36065.00696 3.8140177917933e-05
36077.01662 3.89504824833701e-05
36089.02628 3.90878564434413e-05
36101.03594 3.8422535398016e-05
36113.04559 3.83918376793462e-05
36125.05525 3.80260150791744e-05
36137.06491 3.78373052609407e-05
36149.07457 3.88091611141638e-05
36161.08423 3.92231357740257e-05
36173.09389 3.92786910779931e-05
36185.10355 4.03184304245745e-05
36197.11321 4.10954967931411e-05
36209.12287 4.1661617824322e-05
36221.13253 4.29197541406445e-05
36233.14219 4.32942165283306e-05
36245.15185 4.31814538813888e-05
36257.16151 4.41711481677919e-05
36269.17117 4.4637134644032e-05
36281.18082 4.47932648964507e-05
36293.19048 4.59307774005508e-05
36305.20014 4.66982524858807e-05
36317.2098 4.6791985338721e-05
36329.21946 4.76160179853663e-05
36341.22912 4.80088630928583e-05
36353.23878 4.74821162668726e-05
36365.24844 4.80093998464849e-05
36377.2581 4.8436773504435e-05
36389.26776 4.81307528468644e-05
36401.27742 4.88913490686177e-05
36413.28708 4.98319632230525e-05
36425.29674 5.01927012757514e-05
36437.3064 5.15842461433372e-05
36449.31606 5.29514440237735e-05
36461.32571 5.34763498230631e-05
36473.33537 5.49502985086877e-05
36485.34503 5.64581452526984e-05
36497.35469 5.69009004891317e-05
36509.36435 5.76552631937199e-05
36521.37401 5.87341781306269e-05
36533.38367 5.88818074785584e-05
36545.39333 5.94309963157111e-05
36557.40299 6.05804017636594e-05
36569.41265 6.03705287505214e-05
36581.42231 6.0215571533819e-05
36593.43197 6.08000998959987e-05
36605.44163 6.0552885067916e-05
36617.45129 6.06610612074081e-05
36629.46095 6.15606594957968e-05
36641.4706 6.12228717063e-05
36653.48026 6.05100832858408e-05
36665.48992 6.03202921807281e-05
36677.49958 5.96171398717717e-05
36689.50924 5.86794240360777e-05
36701.5189 5.85673305119229e-05
36713.52856 5.79561884497222e-05
36725.53822 5.68439354850306e-05
36737.54788 5.71327963994669e-05
36749.55754 5.7255993315215e-05
36761.5672 5.6580700593916e-05
36773.57686 5.67611495220074e-05
36785.58652 5.67256703748166e-05
36797.59618 5.61224773163979e-05
36809.60584 5.61261566069179e-05
36821.61549 5.57893447405458e-05
36833.62515 5.46105123457794e-05
36845.63481 5.39698862952551e-05
36857.64447 5.38447798711411e-05
36869.65413 5.26933247513429e-05
36881.66379 5.16095618187656e-05
36893.67345 5.1109515799606e-05
36905.68311 4.98322575564085e-05
36917.69277 4.92480388648815e-05
36929.70243 4.95612438470135e-05
36941.71209 4.89845868442215e-05
36953.72175 4.8579182047892e-05
36965.73141 4.91051283229676e-05
36977.74107 4.93749461083333e-05
36989.75073 4.93470989966737e-05
37001.76038 5.00649674918308e-05
37013.77004 5.0347934303445e-05
37025.7797 4.96706998587704e-05
37037.78936 4.99700021528205e-05
37049.79902 4.9754278607989e-05
37061.80868 4.84273434992758e-05
37073.81834 4.82158026784932e-05
37085.828 4.81940636838421e-05
37097.83766 4.72727825314069e-05
37109.84732 4.64192672530085e-05
37121.85698 4.5979390959765e-05
37133.86664 4.49591495524676e-05
37145.8763 4.4392298877797e-05
37157.88596 4.51636477700817e-05
37169.89562 4.46815813243229e-05
37181.90527 4.39531409191967e-05
37193.91493 4.43187778018011e-05
37205.92459 4.39840526211468e-05
37217.93425 4.31845122158534e-05
37229.94391 4.29438948465064e-05
37241.95357 4.28087849938501e-05
37253.96323 4.19402230053147e-05
37265.97289 4.17450066708069e-05
37277.98255 4.17751546953441e-05
37289.99221 4.05052635143226e-05
37302.00187 4.01823316738924e-05
37314.01153 4.04448017589756e-05
37326.02119 3.98633195493278e-05
37338.03085 3.91981731960101e-05
37350.04051 3.89998139649127e-05
37362.05016 3.85003064403935e-05
37374.05982 3.76969742849917e-05
37386.06948 3.82875925881348e-05
37398.07914 3.86706458886669e-05
37410.0888 3.8331833277008e-05
37422.09846 3.87381862497439e-05
37434.10812 3.88798109240275e-05
37446.11778 3.86447865797871e-05
37458.12744 3.90149382342315e-05
37470.1371 3.97701995988349e-05
37482.14676 3.92406706147475e-05
37494.15642 3.82630582041108e-05
37506.16608 3.82792574503451e-05
37518.17574 3.75170354763301e-05
37530.18539 3.70011975839454e-05
37542.19505 3.70594984746887e-05
37554.20471 3.64421196369262e-05
37566.21437 3.53024608231294e-05
37578.22403 3.50009731362807e-05
37590.23369 3.52290487461773e-05
37602.24335 3.45013194952628e-05
37614.25301 3.45426792727224e-05
37626.26267 3.47760777264403e-05
37638.27233 3.38514930236143e-05
37650.28199 3.31313071576931e-05
37662.29165 3.30674022409266e-05
37674.30131 3.29356900895318e-05
37686.31097 3.25803225739119e-05
37698.32063 3.32384468059125e-05
37710.33028 3.34059914964583e-05
37722.33994 3.2733352623218e-05
37734.3496 3.32423550773623e-05
37746.35926 3.4090859107818e-05
37758.36892 3.43858742928143e-05
37770.37858 3.45293535025476e-05
37782.38824 3.49484044861369e-05
37794.3979 3.44488247899552e-05
37806.40756 3.40244996095475e-05
37818.41722 3.4625441359211e-05
37830.42688 3.43636667848728e-05
37842.43654 3.35043439794976e-05
37854.4462 3.29521476331946e-05
37866.45586 3.2471017404736e-05
37878.46552 3.12845635045025e-05
37890.47517 3.09327261506579e-05
37902.48483 3.13654933408133e-05
37914.49449 3.08651037313879e-05
37926.50415 3.07603272118866e-05
37938.51381 3.12191308825459e-05
37950.52347 3.14210312578245e-05
37962.53313 3.11941215951825e-05
37974.54279 3.21043394473399e-05
37986.55245 3.28938744315058e-05
37998.56211 3.23189490446747e-05
38010.57177 3.24200001483151e-05
38022.58143 3.29422391524448e-05
38034.59109 3.32606745509764e-05
38046.60075 3.34928082964276e-05
38058.61041 3.42714874546357e-05
38070.62006 3.36631165439727e-05
38082.62972 3.21404327006676e-05
38094.63938 3.1791929883259e-05
38106.64904 3.17272402252262e-05
38118.6587 3.13367071056554e-05
38130.66836 3.1159819350081e-05
38142.67802 3.17641039493993e-05
38154.68768 3.13248734246542e-05
38166.69734 3.11821467446574e-05
38178.707 3.20455447357326e-05
38190.71666 3.23835730430009e-05
38202.72632 3.19530175873113e-05
38214.73598 3.16479289787641e-05
38226.74564 3.1763599307152e-05
38238.7553 3.08363087986693e-05
38250.76495 3.09966077815004e-05
38262.77461 3.19159845450123e-05
38274.78427 3.22143063470466e-05
38286.79393 3.21096823211182e-05
38298.80359 3.25322367373051e-05
38310.81325 3.30667478354646e-05
38322.82291 3.25488901826716e-05
38334.83257 3.29017844897954e-05
38346.84223 3.33716277965324e-05
38358.85189 3.32773795415476e-05
38370.86155 3.31093964991279e-05
38382.87121 3.37580666350354e-05
38394.88087 3.38263738196618e-05
38406.89053 3.30037870660509e-05
38418.90019 3.27938594948588e-05
38430.90984 3.23393834868125e-05
38442.9195 3.13069082256293e-05
38454.92916 3.03937611081998e-05
38466.93882 3.04133239504272e-05
38478.94848 2.95431345885057e-05
38490.95814 2.87990916100524e-05
38502.9678 2.88012733073289e-05
38514.97746 2.89381519237314e-05
38526.98712 2.8667281450758e-05
38538.99678 2.87440378329736e-05
38551.00644 2.93832801979832e-05
38563.0161 2.90929809205071e-05
38575.02576 2.92899357099619e-05
38587.03542 3.00480294383126e-05
38599.04507 3.0828207815538e-05
38611.05473 3.07490991305235e-05
38623.06439 3.11321448975478e-05
38635.07405 3.16129443705868e-05
38647.08371 3.12451674546195e-05
38659.09337 3.08562649312325e-05
38671.10303 3.07813238967057e-05
38683.11269 3.06012215876092e-05
38695.12235 2.98593418174909e-05
38707.13201 2.98182779740931e-05
38719.14167 2.9603601713085e-05
38731.15133 2.8848775259564e-05
38743.16099 2.81390669592428e-05
38755.17065 2.83582963191287e-05
38767.18031 2.84147378507053e-05
38779.18996 2.80376392676756e-05
38791.19962 2.80882567704055e-05
38803.20928 2.81409484717635e-05
38815.21894 2.77765891049393e-05
38827.2286 2.74333404844062e-05
38839.23826 2.78073900476708e-05
38851.24792 2.75635352724367e-05
38863.25758 2.69804777170157e-05
38875.26724 2.66567055351759e-05
38887.2769 2.6586359969197e-05
38899.28656 2.590142175771e-05
38911.29622 2.54857251173129e-05
38923.30588 2.54428587864548e-05
38935.31554 2.47972219171426e-05
38947.3252 2.37433235709069e-05
38959.33485 2.3054965245637e-05
38971.34451 2.25730528031969e-05
38983.35417 2.14290559129794e-05
38995.36383 2.05552071701778e-05
39007.37349 2.00757484317315e-05
39019.38315 1.98082892398442e-05
39031.39281 1.92743293948351e-05
39043.40247 1.94092572626989e-05
39055.41213 1.97129724489515e-05
39067.42179 1.95935575099356e-05
39079.43145 1.96258534442649e-05
39091.44111 2.01867583308069e-05
39103.45077 2.05235351740624e-05
39115.46043 2.03077145477189e-05
39127.47009 2.05163126969687e-05
39139.47974 2.08112972075771e-05
39151.4894 2.04501394035726e-05
39163.49906 2.00053083356026e-05
39175.50872 2.01406654222773e-05
39187.51838 2.00022943551669e-05
39199.52804 1.94568637169215e-05
39211.5377 1.89651732518458e-05
39223.54736 1.87788517913998e-05
39235.55702 1.80564598858144e-05
39247.56668 1.7538211906692e-05
39259.57634 1.7351016932695e-05
39271.586 1.71610329567031e-05
39283.59566 1.62889100521139e-05
39295.60532 1.57828516817003e-05
39307.61498 1.57301835317918e-05
39319.62463 1.54553768433534e-05
39331.63429 1.52198016811609e-05
39343.64395 1.5524047067633e-05
39355.65361 1.62271110180784e-05
39367.66327 1.64537866349671e-05
39379.67293 1.71814945723323e-05
39391.68259 1.80527486405807e-05
39403.69225 1.86132989105301e-05
39415.70191 1.86240412021596e-05
39427.71157 1.86939851283619e-05
39439.72123 1.86987004066142e-05
39451.73089 1.8066145047218e-05
39463.74055 1.71434896140687e-05
39475.75021 1.67257448187127e-05
39487.75987 1.61018155386841e-05
39499.76952 1.53551193646533e-05
39511.77918 1.49519251437976e-05
39523.78884 1.50840576358253e-05
39535.7985 1.4988655082209e-05
39547.80816 1.48086618651833e-05
39559.81782 1.50236182202041e-05
39571.82748 1.51522632164601e-05
39583.83714 1.50518264117474e-05
39595.8468 1.50906375765891e-05
39607.85646 1.54154500057879e-05
39619.86612 1.52679191729097e-05
39631.87578 1.48589948372372e-05
39643.88544 1.47975356002534e-05
39655.8951 1.48582078988568e-05
39667.90476 1.45669746530073e-05
39679.91441 1.4443496254911e-05
39691.92407 1.48718603163549e-05
39703.93373 1.53832749514078e-05
39715.94339 1.52814846617173e-05
39727.95305 1.52364756523956e-05
39739.96271 1.52711844534809e-05
39751.97237 1.53002089655041e-05
39763.98203 1.51401597288697e-05
39775.99169 1.51957026576849e-05
39788.00135 1.51415135073572e-05
39800.01101 1.47814797140363e-05
39812.02067 1.45930995676443e-05
39824.03033 1.46774686292175e-05
39836.03999 1.45642508697598e-05
39848.04964 1.40951454655327e-05
39860.0593 1.36866195418413e-05
39872.06896 1.37239500139982e-05
39884.07862 1.34752532993816e-05
39896.08828 1.30053454279257e-05
39908.09794 1.28348124127801e-05
39920.1076 1.29884051370934e-05
39932.11726 1.28042779490326e-05
39944.12692 1.27201227333854e-05
39956.13658 1.28696694762435e-05
39968.14624 1.28521780081055e-05
39980.1559 1.22420376406396e-05
39992.16556 1.19201239231544e-05
40004.17522 1.20042825843421e-05
40016.18488 1.20672140836187e-05
40028.19453 1.22036308368222e-05
40040.20419 1.25093079905433e-05
40052.21385 1.28285246344849e-05
40064.22351 1.26949918826875e-05
40076.23317 1.26566971154551e-05
40088.24283 1.28099943168603e-05
40100.25249 1.28865227810172e-05
40112.26215 1.25469034457822e-05
40124.27181 1.23791460317835e-05
40136.28147 1.26437399071834e-05
40148.29113 1.29598184769131e-05
40160.30079 1.30342239307522e-05
40172.31045 1.31599124224354e-05
40184.32011 1.32570317674838e-05
40196.32977 1.31079262898118e-05
40208.33942 1.27022845644008e-05
40220.34908 1.23059203727387e-05
40232.35874 1.18571420802789e-05
40244.3684 1.09985112503022e-05
40256.37806 1.02051142075241e-05
40268.38772 9.80107461091358e-06
40280.39738 9.79337413907429e-06
40292.40704 9.70364264971455e-06
40304.4167 9.59450822152459e-06
40316.42636 9.60666762413949e-06
40328.43602 9.37933841337018e-06
40340.44568 9.28723120062844e-06
40352.45534 9.45305805059292e-06
40364.465 9.70868371305516e-06
40376.47466 9.62179686252463e-06
40388.48431 9.52666820192835e-06
40400.49397 9.92090354099482e-06
40412.50363 1.05441020274051e-05
40424.51329 1.10135440872202e-05
40436.52295 1.12301352853239e-05
40448.53261 1.15643859526469e-05
40460.54227 1.19083778996713e-05
40472.55193 1.19807362195118e-05
40484.56159 1.18763758122028e-05
40496.57125 1.16248984820629e-05
40508.58091 1.12103666810632e-05
40520.59057 1.07895786871601e-05
40532.60023 1.06836626091467e-05
40544.60989 1.07158388531799e-05
40556.61955 1.08122249396254e-05
40568.6292 1.08662071813471e-05
40580.63886 1.10570191644623e-05
40592.64852 1.13229337161806e-05
40604.65818 1.14146457821311e-05
40616.66784 1.13862577007283e-05
40628.6775 1.14127011434556e-05
40640.68716 1.15308389070339e-05
40652.69682 1.12243199836462e-05
40664.70648 1.06922806538375e-05
40676.71614 1.017599650757e-05
40688.7258 9.78510415205489e-06
40700.73546 9.36684876741453e-06
40712.74512 9.00844437896145e-06
40724.75478 8.80264348101779e-06
40736.76444 8.5740919623023e-06
40748.77409 8.42448968597146e-06
40760.78375 8.52776338809381e-06
40772.79341 8.94524867884834e-06
40784.80307 9.24620781752384e-06
40796.81273 9.33947260257025e-06
40808.82239 9.35605502888022e-06
40820.83205 9.39344147352121e-06
40832.84171 9.22629831843397e-06
40844.85137 8.86988511038014e-06
40856.86103 8.5199850643997e-06
40868.87069 8.31124947412232e-06
40880.88035 8.03440974417506e-06
40892.89001 7.72181154765603e-06
40904.89967 7.43065660420431e-06
40916.90932 7.27030672630722e-06
40928.91898 7.15036441887338e-06
40940.92864 7.14829974203591e-06
40952.9383 7.21912111980493e-06
40964.94796 7.2271100069249e-06
40976.95762 7.21076406282726e-06
40988.96728 7.53663573212933e-06
41000.97694 8.02784657509998e-06
41012.9866 8.58176573837006e-06
41024.99626 8.60748307288733e-06
41037.00592 8.56868937363475e-06
41049.01558 8.50601599101954e-06
41061.02524 8.71343333679894e-06
41073.0349 8.76199090912016e-06
41085.04456 8.70011630685741e-06
41097.05421 8.5357860659299e-06
41109.06387 8.21049008118862e-06
41121.07353 7.94560554155352e-06
41133.08319 7.78088870217048e-06
41145.09285 7.57739858542341e-06
41157.10251 7.08722779512183e-06
41169.11217 6.75204331524002e-06
41181.12183 6.61566652803917e-06
41193.13149 6.73783637103239e-06
41205.14115 6.87424544528464e-06
41217.15081 7.30635560214249e-06
41229.16047 7.85554346960881e-06
41241.17013 8.58858279986502e-06
41253.17979 9.18302728778975e-06
41265.18945 9.60911873656695e-06
41277.1991 9.83855330730388e-06
41289.20876 9.9921386380389e-06
41301.21842 9.83332937735155e-06
41313.22808 9.52583259810997e-06
41325.23774 9.11605643287541e-06
41337.2474 8.82886711913504e-06
41349.25706 8.53924729581696e-06
41361.26672 8.24265733376718e-06
41373.27638 7.88315029832939e-06
41385.28604 7.62524226540414e-06
41397.2957 7.44323682505255e-06
41409.30536 7.38728437798307e-06
41421.31502 7.45604920218626e-06
41433.32468 7.43200353529585e-06
41445.33434 7.42064484061729e-06
41457.34399 7.36723571889051e-06
41469.35365 7.49945283266603e-06
41481.36331 7.53683766858041e-06
41493.37297 7.71569705575705e-06
41505.38263 7.70482522839994e-06
41517.39229 7.67244071419422e-06
41529.40195 7.58090160206035e-06
41541.41161 7.60231698156925e-06
41553.42127 7.51248135548225e-06
41565.43093 7.33275699246624e-06
41577.44059 7.02436357441982e-06
41589.45025 6.82871723647617e-06
41601.45991 6.59174321076363e-06
41613.46957 6.34529819306242e-06
41625.47923 6.0654145547747e-06
41637.48888 5.70722676629059e-06
41649.49854 5.45884138453204e-06
41661.5082 5.25014789716835e-06
41673.51786 5.15875854311197e-06
41685.52752 4.90667957993652e-06
41697.53718 4.86012201847429e-06
41709.54684 4.80687261336826e-06
41721.5565 4.8656369870741e-06
41733.56616 4.84909638758257e-06
41745.57582 4.78104685922679e-06
41757.58548 4.73414350927624e-06
41769.59514 4.75509620620976e-06
41781.6048 4.90223211222767e-06
41793.61446 4.97973963925144e-06
41805.62412 4.98248362364222e-06
41817.63377 4.98720962587589e-06
41829.64343 5.18331234092696e-06
41841.65309 5.54069872931656e-06
41853.66275 5.94369753162848e-06
41865.67241 6.26441514407245e-06
41877.68207 6.63548768651944e-06
41889.69173 6.88860666971358e-06
41901.70139 7.16150434406311e-06
41913.71105 7.25679513715577e-06
41925.72071 7.29823725349066e-06
41937.73037 7.01931630371439e-06
41949.74003 6.64481395631181e-06
41961.74969 6.20391193875975e-06
41973.75935 5.75865737328319e-06
41985.76901 5.59634577205457e-06
41997.77866 5.52274770119553e-06
42009.78832 5.57593704024835e-06
42021.79798 5.59614921466116e-06
42033.80764 5.89960110697868e-06
42045.8173 6.0292008323865e-06
42057.82696 6.13904997302031e-06
42069.83662 6.05817202400882e-06
42081.84628 5.92938980811459e-06
42093.85594 5.60155091381015e-06
42105.8656 5.31396911483038e-06
42117.87526 5.47063269749785e-06
42129.88492 5.78444072368014e-06
42141.89458 5.99235415606208e-06
42153.90424 6.19240097943595e-06
42165.91389 6.69706711398276e-06
42177.92355 7.19300930798002e-06
42189.93321 7.77010507247424e-06
42201.94287 8.00271037185418e-06
42213.95253 7.80469076243111e-06
42225.96219 7.42000384569397e-06
42237.97185 7.21400880178668e-06
42249.98151 6.90403047967552e-06
42261.99117 6.44883878860709e-06
42274.00083 6.25529702172017e-06
42286.01049 6.09708424854993e-06
42298.02015 6.16095538699732e-06
42310.02981 6.24363069047844e-06
42322.03947 6.63251240781134e-06
42334.04913 6.81813175655653e-06
42346.05878 6.88171125368734e-06
42358.06844 6.68157988763375e-06
42370.0781 6.4244112457049e-06
42382.08776 6.27593845778445e-06
42394.09742 6.03839223625577e-06
42406.10708 5.93605238158219e-06
42418.11674 5.941696150999e-06
42430.1264 6.1810662935338e-06
42442.13606 6.33391930700604e-06
42454.14572 6.54872112016547e-06
42466.15538 6.55756009291984e-06
42478.16504 6.48490991566514e-06
42490.1747 6.06932036019017e-06
42502.18436 5.39821622404107e-06
42514.19402 4.59234226358344e-06
42526.20367 4.11043934902034e-06
42538.21333 3.96316685050359e-06
42550.22299 3.79599317125333e-06
42562.23265 3.85626029797322e-06
42574.24231 4.02008537739884e-06
42586.25197 4.39319540402254e-06
42598.26163 4.52629487777084e-06
42610.27129 4.64672314458927e-06
42622.28095 4.84393887367468e-06
42634.29061 5.00837819989071e-06
42646.30027 5.20370892659476e-06
42658.30993 5.32291516580372e-06
42670.31959 5.75102054135722e-06
42682.32925 6.13696375717497e-06
42694.33891 6.46555145280806e-06
42706.34856 6.43105408765096e-06
42718.35822 6.2615909084304e-06
42730.36788 6.04335289657421e-06
42742.37754 5.67951545894083e-06
42754.3872 5.22845651311406e-06
42766.39686 4.64324762030558e-06
42778.40652 4.58696519683206e-06
42790.41618 4.55396012106149e-06
42802.42584 4.7325144331025e-06
42814.4355 5.07380737850725e-06
42826.44516 5.71111349091027e-06
42838.45482 6.15260125513178e-06
42850.46448 6.42652867175735e-06
42862.47414 6.69355735740191e-06
42874.4838 6.86141992038273e-06
42886.49345 7.21994197679636e-06
42898.50311 7.31191400927402e-06
42910.51277 7.05035789848829e-06
42922.52243 6.61440397998717e-06
42934.53209 6.56419744441971e-06
42946.54175 6.42593766178424e-06
42958.55141 6.11108752892797e-06
42970.56107 5.98667858274437e-06
42982.57073 5.79012772802695e-06
42994.58039 5.61261246685622e-06
43006.59005 5.2659088467508e-06
43018.59971 5.09979613104791e-06
43030.60937 5.12854642720036e-06
43042.61903 5.43350159786118e-06
43054.62869 5.33906978286474e-06
43066.63834 4.83157202168425e-06
43078.648 4.85371094268957e-06
43090.65766 4.93973703297878e-06
43102.66732 5.30413275292147e-06
43114.67698 5.44462024092616e-06
43126.68664 5.46236151991709e-06
43138.6963 5.29880301921463e-06
43150.70596 5.3583147986906e-06
43162.71562 5.32161130023905e-06
43174.72528 4.90012544976274e-06
43186.73494 4.97764801965821e-06
43198.7446 4.83071839513708e-06
43210.75426 4.66192639306773e-06
43222.76392 4.54502800965437e-06
43234.77357 4.71029392883923e-06
43246.78323 4.98220691050332e-06
43258.79289 5.02862124125243e-06
43270.80255 5.13253095167016e-06
43282.81221 5.22492081477635e-06
43294.82187 5.69234611787982e-06
43306.83153 5.61617757433309e-06
43318.84119 5.35332138010927e-06
43330.85085 5.15485051724503e-06
43342.86051 5.22244440173629e-06
43354.87017 5.53606443259824e-06
43366.87983 5.51088473184436e-06
43378.88949 5.38435677549678e-06
43390.89915 5.28007659296578e-06
43402.90881 5.71752702366262e-06
43414.91846 5.88984071700406e-06
43426.92812 5.80156550040414e-06
43438.93778 5.9830399106405e-06
43450.94744 6.31297918263871e-06
43462.9571 6.79646363211332e-06
43474.96676 6.96630415471312e-06
43486.97642 7.17665023745446e-06
43498.98608 7.51053449202767e-06
43510.99574 7.87694989832495e-06
43523.0054 8.0240050559202e-06
43535.01506 7.76383046375309e-06
43547.02472 7.81448421033529e-06
43559.03438 7.92227122654355e-06
43571.04404 7.98544852146964e-06
43583.0537 7.92928821779336e-06
43595.06335 7.95665247176241e-06
43607.07301 8.42657379801143e-06
43619.08267 8.71791028577037e-06
43631.09233 8.75781208274038e-06
43643.10199 8.38977512921698e-06
43655.11165 8.31525866263899e-06
43667.12131 8.41913860340485e-06
43679.13097 8.19788542219396e-06
43691.14063 7.67153582056016e-06
43703.15029 6.88152453423993e-06
43715.15995 6.67187105881279e-06
43727.16961 6.21874283985461e-06
43739.17927 5.79333960679861e-06
43751.18893 5.46131560915793e-06
43763.19859 5.49125751597159e-06
43775.20824 5.99395851673391e-06
43787.2179 6.24474328104503e-06
43799.22756 6.54451801966561e-06
43811.23722 6.83670316926267e-06
43823.24688 7.43811115691009e-06
43835.25654 7.48566997812584e-06
43847.2662 7.13424543961444e-06
43859.27586 6.66735356053298e-06
43871.28552 6.13435554518662e-06
43883.29518 5.94178129527248e-06
43895.30484 5.65843482561689e-06
43907.3145 5.29890446465964e-06
43919.32416 5.55136034179391e-06
43931.33382 6.24400857376714e-06
43943.34348 6.72942498407639e-06
43955.35313 6.76765061614123e-06
43967.36279 6.87394981921582e-06
43979.37245 7.42615421258791e-06
43991.38211 8.05380686251288e-06
44003.39177 8.51127259552566e-06
44015.40143 8.49613341451148e-06
44027.41109 8.76557216310798e-06
44039.42075 9.04355908913518e-06
44051.43041 9.2893880253679e-06
44063.44007 9.35887563142826e-06
44075.44973 9.16093422939408e-06
44087.45939 9.58683755947412e-06
44099.46905 9.79997774697497e-06
44111.47871 9.74287288498291e-06
44123.48837 9.49908168315449e-06
44135.49802 9.65165183948053e-06
44147.50768 9.97168012013357e-06
44159.51734 9.94652976102626e-06
44171.527 9.72765574426239e-06
44183.53666 9.06449077925719e-06
44195.54632 8.85308873776229e-06
44207.55598 8.71615982658832e-06
44219.56564 8.34917653651305e-06
44231.5753 7.95552526624288e-06
44243.58496 7.8065161480028e-06
44255.59462 8.12042834920604e-06
44267.60428 8.19699124305901e-06
44279.61394 8.01523218215158e-06
44291.6236 7.908789416169e-06
44303.63326 8.09919902090019e-06
44315.64291 8.56753542935801e-06
44327.65257 8.47469908227724e-06
44339.66223 8.1966965558677e-06
44351.67189 8.10080635234005e-06
44363.68155 8.32086581330219e-06
44375.69121 8.71635203830909e-06
44387.70087 8.88998620890797e-06
44399.71053 9.09952294618958e-06
44411.72019 9.62069185863936e-06
44423.72985 1.04256171564284e-05
44435.73951 1.112183766929e-05
44447.74917 1.14305040721041e-05
44459.75883 1.1917303625279e-05
44471.76849 1.2311855378055e-05
44483.77814 1.23892011694099e-05
44495.7878 1.21624740754796e-05
44507.79746 1.16020284816768e-05
44519.80712 1.16114970208842e-05
44531.81678 1.16886450937875e-05
44543.82644 1.1752555403984e-05
44555.8361 1.15151209853087e-05
44567.84576 1.13079589586372e-05
44579.85542 1.16371004057545e-05
44591.86508 1.16112926776053e-05
44603.87474 1.12954197449117e-05
44615.8844 1.0684753981673e-05
44627.89406 1.01869344487802e-05
44639.90372 9.77267500712077e-06
44651.91338 9.03905122917518e-06
44663.92303 8.31147306929708e-06
44675.93269 7.81546732461351e-06
44687.94235 7.98490532108591e-06
44699.95201 8.40208154374339e-06
44711.96167 8.33759555887443e-06
44723.97133 8.27487544616645e-06
44735.98099 8.56124143075235e-06
44747.99065 9.31555021005424e-06
44760.00031 9.92167579099743e-06
44772.00997 9.81030268649651e-06
44784.01963 9.68403299809952e-06
44796.02929 9.94527044520634e-06
44808.03895 1.05745364294571e-05
44820.04861 1.09719583444125e-05
44832.05827 1.08521585448997e-05
44844.06792 1.11341796091207e-05
44856.07758 1.19668188351041e-05
44868.08724 1.29585766824843e-05
44880.0969 1.3489614592942e-05
44892.10656 1.34911944263838e-05
44904.11622 1.38576202301426e-05
44916.12588 1.44077846767452e-05
44928.13554 1.47823237151052e-05
44940.1452 1.44308424007503e-05
44952.15486 1.36456960723961e-05
44964.16452 1.34286537454808e-05
44976.17418 1.35167461353613e-05
44988.18384 1.36345562980994e-05
45000.1935 1.34095536915397e-05
45012.20316 1.32161041929923e-05
45024.21281 1.34605165704992e-05
45036.22247 1.3669496300206e-05
45048.23213 1.36367425598356e-05
45060.24179 1.31880714193138e-05
45072.25145 1.28072791162925e-05
45084.26111 1.27357043630525e-05
45096.27077 1.2482145371686e-05
45108.28043 1.20781754128796e-05
45120.29009 1.17876128144736e-05
45132.29975 1.19785139227441e-05
45144.30941 1.2612643997807e-05
45156.31907 1.28935979774456e-05
45168.32873 1.29853707138168e-05
45180.33839 1.32968215270924e-05
45192.34805 1.40384746918516e-05
45204.3577 1.49849830258231e-05
45216.36736 1.51651281598958e-05
45228.37702 1.50352812792458e-05
45240.38668 1.49382120555586e-05
45252.39634 1.52604437523608e-05
45264.406 1.56933574305454e-05
45276.41566 1.53953664135656e-05
45288.42532 1.47701537917819e-05
45300.43498 1.42542745674177e-05
45312.44464 1.43270568135974e-05
45324.4543 1.43639255369293e-05
45336.46396 1.3909947007174e-05
45348.47362 1.33216799219772e-05
45360.48328 1.29471685054576e-05
45372.49294 1.27136855035036e-05
45384.50259 1.23675338075014e-05
45396.51225 1.18303332178302e-05
45408.52191 1.14713939979023e-05
45420.53157 1.19051378447136e-05
45432.54123 1.26068971976758e-05
45444.55089 1.32016969243356e-05
45456.56055 1.35315373333555e-05
45468.57021 1.42344304907938e-05
45480.57987 1.5568207671684e-05
45492.58953 1.66971155107894e-05
45504.59919 1.73625742773754e-05
45516.60885 1.73577082360114e-05
45528.61851 1.74857456569629e-05
45540.62817 1.80003821563059e-05
45552.63782 1.82172318394877e-05
45564.64748 1.79917835239393e-05
45576.65714 1.74509706592496e-05
45588.6668 1.72765509632923e-05
45600.67646 1.76018108720202e-05
45612.68612 1.75689294904754e-05
45624.69578 1.73876515612909e-05
45636.70544 1.71779952230688e-05
45648.7151 1.74266079023811e-05
45660.72476 1.79848807377026e-05
45672.73442 1.81393294193587e-05
45684.74408 1.78307333362987e-05
45696.75374 1.73145221265694e-05
45708.7634 1.71047925648737e-05
45720.77306 1.67769119104019e-05
45732.78271 1.5952899809144e-05
45744.79237 1.48629021588073e-05
45756.80203 1.42105001553417e-05
45768.81169 1.42818924819053e-05
45780.82135 1.46287318118551e-05
45792.83101 1.46096747251539e-05
45804.84067 1.43574388189453e-05
45816.85033 1.45024857686852e-05
45828.85999 1.4998114375482e-05
45840.86965 1.54505076741449e-05
45852.87931 1.52794094086375e-05
45864.88897 1.46191424127827e-05
45876.89863 1.4280228161634e-05
45888.90829 1.46766756387464e-05
45900.91795 1.52603259278578e-05
45912.9276 1.5485346818682e-05
45924.93726 1.5516781690265e-05
45936.94692 1.58570753511472e-05
45948.95658 1.63694107930801e-05
45960.96624 1.64988529963539e-05
45972.9759 1.61390824698276e-05
45984.98556 1.54073170314106e-05
45996.99522 1.5110614508909e-05
46009.00488 1.53520408411658e-05
46021.01454 1.5421154181728e-05
46033.0242 1.53040505943753e-05
46045.03386 1.53409738762763e-05
46057.04352 1.60852210239888e-05
46069.05318 1.73281247956759e-05
46081.06284 1.8102311027117e-05
46093.07249 1.8298856475984e-05
46105.08215 1.8133388886869e-05
46117.09181 1.82629781346473e-05
46129.10147 1.84810987033971e-05
46141.11113 1.8049990019114e-05
46153.12079 1.70642725600347e-05
46165.13045 1.59111498629425e-05
46177.14011 1.53504411736248e-05
46189.14977 1.52351850287063e-05
46201.15943 1.51283678372048e-05
46213.16909 1.49799474347047e-05
46225.17875 1.51871117856907e-05
46237.18841 1.61239292503778e-05
46249.19807 1.71213909140313e-05
46261.20773 1.75159191746899e-05
46273.21738 1.72590445122151e-05
46285.22704 1.69110756623316e-05
46297.2367 1.67775336008467e-05
46309.24636 1.65884917742557e-05
46321.25602 1.59502066052301e-05
46333.26568 1.49858243895563e-05
46345.27534 1.44961928112356e-05
46357.285 1.49453652801746e-05
46369.29466 1.57881450581619e-05
46381.30432 1.64552256785892e-05
46393.31398 1.68531352315719e-05
46405.32364 1.74483457140079e-05
46417.3333 1.84464622672962e-05
46429.34296 1.92895239445222e-05
46441.35262 1.95192458896091e-05
46453.36227 1.9180656049594e-05
46465.37193 1.89543534034283e-05
46477.38159 1.92114840954298e-05
46489.39125 1.95885218658244e-05
46501.40091 1.96531490343547e-05
46513.41057 1.93991814637981e-05
46525.42023 1.9421795133364e-05
46537.42989 1.99487419475978e-05
46549.43955 2.05189954225536e-05
46561.44921 2.06339184015854e-05
46573.45887 2.01967027609286e-05
46585.46853 1.96674664196606e-05
46597.47819 1.92986061305609e-05
46609.48785 1.88623594947559e-05
46621.49751 1.79329144621714e-05
46633.50716 1.67166452319529e-05
46645.51682 1.57942781733065e-05
46657.52648 1.5565981920605e-05
46669.53614 1.56618457075706e-05
46681.5458 1.56059810344692e-05
46693.55546 1.54366946451176e-05
46705.56512 1.57040013213981e-05
46717.57478 1.67137476550448e-05
46729.58444 1.78964170312131e-05
46741.5941 1.87137760710378e-05
46753.60376 1.90446753556613e-05
46765.61342 1.93936647462625e-05
46777.62308 2.01835268462532e-05
46789.63274 2.0754805309055e-05
46801.64239 2.06112369757403e-05
46813.65205 1.97740899053068e-05
46825.66171 1.89333070912011e-05
46837.67137 1.86287037050054e-05
46849.68103 1.85290586175623e-05
46861.69069 1.8107884452477e-05
46873.70035 1.71837701027999e-05
46885.71001 1.65774217324588e-05
46897.71967 1.67296219803888e-05
46909.72933 1.74571297077902e-05
46921.73899 1.80185541179787e-05
46933.74865 1.80359870385777e-05
46945.75831 1.79423978599427e-05
46957.76797 1.81821982547535e-05
46969.77763 1.88113963967818e-05
46981.78728 1.92527711668044e-05
46993.79694 1.91904746788606e-05
47005.8066 1.90874103519642e-05
47017.81626 1.93383462183054e-05
47029.82592 2.0089210993526e-05
47041.83558 2.05341633320483e-05
47053.84524 2.04357174915273e-05
47065.8549 2.01661165605723e-05
47077.86456 2.02068647782737e-05
47089.87422 2.04835178746636e-05
47101.88388 2.04124312539692e-05
47113.89354 1.97910277181937e-05
47125.9032 1.87989065719555e-05
47137.91286 1.83758580485014e-05
47149.92252 1.846091295752e-05
47161.93217 1.8685770101678e-05
47173.94183 1.86091528801415e-05
47185.95149 1.83083780518633e-05
47197.96115 1.84708152606164e-05
47209.97081 1.90939439766582e-05
47221.98047 1.96707498460744e-05
47233.99013 1.97802329881357e-05
47245.99979 1.93903104345006e-05
47258.00945 1.90594511647212e-05
47270.01911 1.92468733276576e-05
47282.02877 1.93944328355503e-05
47294.03843 1.91502452134684e-05
47306.04809 1.85358696412934e-05
47318.05775 1.80650907492932e-05
47330.06741 1.83458739403995e-05
47342.07706 1.91143853619902e-05
47354.08672 1.97344610794597e-05
47366.09638 1.99688475533092e-05
47378.10604 2.02984612913996e-05
47390.1157 2.10543325258783e-05
47402.12536 2.2126036063588e-05
47414.13502 2.27233807451793e-05
47426.14468 2.25199292451349e-05
47438.15434 2.1838131129951e-05
47450.164 2.1145057228487e-05
47462.17366 2.08269488271663e-05
47474.18332 2.02400173427844e-05
47486.19298 1.9213230627205e-05
47498.20264 1.82511460720423e-05
47510.2123 1.78495942291991e-05
47522.22195 1.81921168103649e-05
47534.23161 1.89514213123613e-05
47546.24127 1.93909116203722e-05
47558.25093 1.94016527355904e-05
47570.26059 1.96065141082816e-05
47582.27025 1.99614063157431e-05
47594.27991 2.02764801658581e-05
47606.28957 1.98816577574904e-05
47618.29923 1.89634080169834e-05
47630.30889 1.81595836198516e-05
47642.31855 1.78538684413565e-05
47654.32821 1.7906663304478e-05
47666.33787 1.80508367439084e-05
47678.34753 1.7914212885363e-05
47690.35719 1.7696040814795e-05
47702.36684 1.81545252171663e-05
47714.3765 1.88314378063964e-05
47726.38616 1.93551077242146e-05
47738.39582 1.93997912796659e-05
47750.40548 1.9123257268905e-05
47762.41514 1.90981440637113e-05
47774.4248 1.95683508460212e-05
47786.43446 1.99955079771611e-05
47798.44412 2.00273619542526e-05
47810.45378 1.9669543411714e-05
47822.46344 1.93171076832592e-05
47834.4731 1.94425015417496e-05
47846.48276 1.96108081398069e-05
47858.49242 1.94312167667005e-05
47870.50207 1.88364734441855e-05
47882.51173 1.81874251556057e-05
47894.52139 1.80089685459595e-05
47906.53105 1.82039402643229e-05
47918.54071 1.80220813309692e-05
47930.55037 1.73656261633704e-05
47942.56003 1.65614133052675e-05
47954.56969 1.59715178932188e-05
47966.57935 1.59242635346836e-05
47978.58901 1.58379077964661e-05
47990.59867 1.53918840492306e-05
48002.60833 1.47958177727072e-05
48014.61799 1.44737723021021e-05
48026.62765 1.45699699982386e-05
48038.63731 1.51829997235925e-05
48050.64696 1.54819126367824e-05
48062.65662 1.53931570304837e-05
48074.66628 1.55960492241164e-05
48086.67594 1.61759122971976e-05
48098.6856 1.71362702902626e-05
48110.69526 1.80032157083236e-05
48122.70492 1.84592178555648e-05
48134.71458 1.85654524986988e-05
48146.72424 1.88860960723148e-05
48158.7339 1.92792471543841e-05
48170.74356 1.9689612808082e-05
48182.75322 1.93326457273485e-05
48194.76288 1.84116865992985e-05
48206.77254 1.77381851443867e-05
48218.7822 1.74339166336547e-05
48230.79185 1.72092581175453e-05
48242.80151 1.68215558293479e-05
48254.81117 1.61287120825946e-05
48266.82083 1.52549217701424e-05
48278.83049 1.51075196897176e-05
48290.84015 1.52116592483751e-05
48302.84981 1.51910099891802e-05
48314.85947 1.49219134570368e-05
48326.86913 1.44947008643579e-05
48338.87879 1.44356163218941e-05
48350.88845 1.50776753477501e-05
48362.89811 1.56739260169928e-05
48374.90777 1.59954427158705e-05
48386.91743 1.6140132157842e-05
48398.92709 1.62819110351404e-05
48410.93674 1.68342816744844e-05
48422.9464 1.74582971307361e-05
48434.95606 1.76177544655227e-05
48446.96572 1.70577275651438e-05
48458.97538 1.62623788724212e-05
48470.98504 1.55365057214563e-05
48482.9947 1.52028899346201e-05
48495.00436 1.48124369968014e-05
48507.01402 1.39201744843047e-05
48519.02368 1.29505533573663e-05
48531.03334 1.21218575710423e-05
48543.043 1.19381788491234e-05
48555.05266 1.2414102229856e-05
48567.06232 1.28555570896871e-05
48579.07198 1.30943749842191e-05
48591.08163 1.35142277610455e-05
48603.09129 1.43180248243397e-05
48615.10095 1.5512687173587e-05
48627.11061 1.68378281969554e-05
48639.12027 1.75321640353017e-05
48651.12993 1.77225336702218e-05
48663.13959 1.79425371623831e-05
48675.14925 1.83054924053423e-05
48687.15891 1.87768704835683e-05
48699.16857 1.88620820343694e-05
48711.17823 1.84574048742935e-05
48723.18789 1.79991151004855e-05
48735.19755 1.79137013613079e-05
48747.20721 1.79300919801002e-05
48759.21687 1.79155291321414e-05
48771.22652 1.73051593999595e-05
48783.23618 1.61965332184666e-05
48795.24584 1.55156223804712e-05
48807.2555 1.53578611032315e-05
48819.26516 1.51990259833813e-05
48831.27482 1.48475675723291e-05
48843.28448 1.41921628811018e-05
48855.29414 1.34446140874381e-05
48867.3038 1.33211129801522e-05
48879.31346 1.35874451811574e-05
48891.32312 1.37052521530386e-05
48903.33278 1.34585742568692e-05
48915.34244 1.30345052858813e-05
48927.3521 1.26966722728923e-05
48939.36175 1.28101722322837e-05
48951.37141 1.2988223806456e-05
48963.38107 1.28011614844866e-05
48975.39073 1.23079532274749e-05
48987.40039 1.16603726448859e-05
48999.41005 1.12359798763142e-05
49011.41971 1.13279586478933e-05
49023.42937 1.13885537394926e-05
49035.43903 1.12142114355093e-05
49047.44869 1.09726786666619e-05
49059.45835 1.08397504530608e-05
49071.46801 1.10588376271343e-05
49083.47767 1.16095788497602e-05
49095.48733 1.20056531680672e-05
49107.49699 1.21033332377004e-05
49119.50664 1.23740949873849e-05
49131.5163 1.28831227107028e-05
49143.52596 1.36609042408516e-05
49155.53562 1.46866713038976e-05
49167.54528 1.51633650117024e-05
49179.55494 1.5180074599133e-05
49191.5646 1.51866997645847e-05
49203.57426 1.52213724234036e-05
49215.58392 1.53087604010427e-05
49227.59358 1.52639275263539e-05
49239.60324 1.47623215833803e-05
49251.6129 1.39896521032676e-05
49263.62256 1.36501880213313e-05
49275.63222 1.36326646763564e-05
49287.64188 1.37315765890582e-05
49299.65153 1.37384674149558e-05
49311.66119 1.3472642544784e-05
49323.67085 1.3305841893852e-05
49335.68051 1.3754179706075e-05
49347.69017 1.44903472665041e-05
49359.69983 1.51979447689374e-05
49371.70949 1.55689042040559e-05
49383.71915 1.55238498143827e-05
49395.72881 1.54762539680636e-05
49407.73847 1.56696028787496e-05
49419.74813 1.57812035396398e-05
49431.75779 1.54944697830601e-05
49443.76745 1.46258234053406e-05
49455.77711 1.35160799253381e-05
49467.78677 1.26682414899713e-05
49479.79642 1.22777731152796e-05
49491.80608 1.20342812721594e-05
49503.81574 1.17667972006606e-05
49515.8254 1.15193796519697e-05
49527.83506 1.13438966343363e-05
49539.84472 1.17624400168583e-05
49551.85438 1.26443951912128e-05
49563.86404 1.32389260103602e-05
49575.8737 1.34444749483096e-05
49587.88336 1.31592465200927e-05
49599.89302 1.25963230948917e-05
49611.90268 1.20731831603673e-05
49623.91234 1.17643061670153e-05
49635.922 1.10514150935208e-05
49647.93166 9.93504262635039e-06
49659.94131 9.06682110374561e-06
49671.95097 8.45850812402541e-06
49683.96063 8.3579517273496e-06
49695.97029 8.61288963606192e-06
49707.97995 8.58912492355101e-06
49719.98961 8.23362035509399e-06
49731.99927 8.11913060424564e-06
49744.00893 8.20581763403394e-06
49756.01859 8.44497217980611e-06
49768.02825 8.88156142072792e-06
49780.03791 8.96853038623832e-06
49792.04757 8.73922451164703e-06
49804.05723 8.81599997435263e-06
49816.06689 9.15197234893494e-06
49828.07655 9.56324882195043e-06
49840.0862 9.99197437245371e-06
49852.09586 9.97739183094838e-06
49864.10552 9.53077331631383e-06
49876.11518 9.20551638215087e-06
49888.12484 9.05746651268185e-06
49900.1345 8.84669339584971e-06
49912.14416 8.53802949026145e-06
49924.15382 8.01312647405853e-06
49936.16348 7.34515698215832e-06
49948.17314 7.09068975708306e-06
49960.1828 7.46838775440267e-06
49972.19246 7.90630819684197e-06
49984.20212 8.21811843209576e-06
49996.21178 8.19311485848791e-06
50008.22144 8.03705334094279e-06
50020.23109 8.21342692402447e-06
50032.24075 8.7994876273992e-06
50044.25041 9.23512286535583e-06
50056.26007 9.23275641617182e-06
50068.26973 8.96135930374712e-06
50080.27939 8.6025476402245e-06
50092.28905 8.63091527948844e-06
50104.29871 8.9392563767561e-06
50116.30837 8.99082740468326e-06
50128.31803 8.66013953482887e-06
50140.32769 8.30707850077813e-06
50152.33735 8.00300361954091e-06
50164.34701 8.20978131480698e-06
50176.35667 8.84140350992265e-06
50188.36632 9.10996939288706e-06
50200.37598 9.08619691640865e-06
50212.38564 9.0507967121551e-06
50224.3953 9.03644470497299e-06
50236.40496 9.15664417372627e-06
50248.41462 9.45544742150439e-06
50260.42428 9.5294602875698e-06
50272.43394 9.20683996612503e-06
50284.4436 9.07673687774424e-06
50296.45326 8.97354326186451e-06
50308.46292 8.91111533237109e-06
50320.47258 8.8766406328946e-06
50332.48224 8.53699449721383e-06
50344.4919 7.83266775553953e-06
50356.50156 7.15118739268601e-06
50368.51121 6.6851224890518e-06
50380.52087 6.43854235625232e-06
50392.53053 6.40807118652327e-06
50404.54019 6.28228644314168e-06
50416.54985 6.05776593804849e-06
50428.55951 6.06201623706959e-06
50440.56917 6.2860635665425e-06
50452.57883 6.55717212691063e-06
50464.58849 6.80182260268222e-06
50476.59815 7.02770476633543e-06
50488.60781 7.02541475788213e-06
50500.61747 7.15912893652794e-06
50512.62713 7.57212160874301e-06
50524.63679 8.13763589410518e-06
50536.64645 8.6663168317405e-06
50548.6561 9.05778510778182e-06
50560.66576 9.15343207323428e-06
50572.67542 9.05485459816957e-06
50584.68508 9.1355234514009e-06
50596.69474 9.25641285142191e-06
50608.7044 9.12578671488279e-06
50620.71406 8.75963482607525e-06
50632.72372 8.26074978393351e-06
50644.73338 7.83677800175616e-06
50656.74304 7.85943842977872e-06
50668.7527 8.30813706534333e-06
50680.76236 8.59154763038194e-06
50692.77202 8.73448027871812e-06
50704.78168 8.66750765890893e-06
50716.79134 8.51460374342685e-06
50728.80099 8.52614839462955e-06
50740.81065 8.69795396867622e-06
50752.82031 8.55356788321721e-06
50764.82997 7.99189267998843e-06
50776.83963 7.38946728514017e-06
50788.84929 6.79556997131324e-06
50800.85895 6.5150610472715e-06
50812.86861 6.54515450903636e-06
50824.87827 6.55938515841971e-06
50836.88793 6.39185340096664e-06
50848.89759 6.27608715223735e-06
50860.90725 6.22247873409586e-06
50872.91691 6.30554567964009e-06
50884.92657 6.5011828814447e-06
50896.93623 6.70139570499381e-06
50908.94588 6.67106551460887e-06
50920.95554 6.56824240309807e-06
50932.9652 6.52659752378223e-06
50944.97486 6.61831262465178e-06
50956.98452 6.82537458999098e-06
50968.99418 7.18956003640012e-06
50981.00384 7.28388117302431e-06
50993.0135 7.21193038719466e-06
