"wave" "response"
20004.66386 4.01227181165925e-15
20020.74478 4.93215637829294e-16
20036.8257 1.84278140513563e-16
20052.90662 6.50783339479611e-16
20068.98754 3.80176226653449e-15
20085.06846 3.96026879881199e-15
20101.14938 4.98341953750901e-15
20117.2303 9.1223349411196e-15
20133.31122 1.55244275061902e-14
20149.39214 2.29657058898313e-14
20165.47306 3.03564203906128e-14
20181.55398 3.55703201677632e-14
20197.6349 3.92400782247829e-14
20213.71582 4.15965064012519e-14
20229.79674 4.15473790478529e-14
20245.87766 3.8915849196034e-14
20261.95858 3.80249688006211e-14
20278.03949 3.80002305440249e-14
20294.12041 3.66205022297825e-14
20310.20133 3.45667795041531e-14
20326.28225 3.34133111994289e-14
20342.36317 3.23579314705976e-14
20358.44409 3.09409749626581e-14
20374.52501 2.92976525416829e-14
20390.60593 2.51900060385322e-14
20406.68685 2.09531964156076e-14
20422.76777 1.5575491239814e-14
20438.84869 1.10926482430557e-14
20454.92961 5.92494174904189e-15
20471.01053 2.83039672419001e-15
20487.09145 2.22001770353877e-15
20503.17237 2.23064012965455e-15
20519.25329 7.89005893136642e-16
20535.33421 3.31090251054932e-16
20551.41513 3.9663256806569e-16
20567.49605 9.31238164390007e-16
20583.57697 8.12518347201507e-16
20599.65788 4.81870080417448e-16
20615.7388 2.65433382724253e-16
20631.81972 1.50114397903379e-16
20647.90064 2.41882888285302e-16
20663.98156 7.66391490903804e-16
20680.06248 2.41872549403856e-16
20696.1434 7.87060127238226e-18
20712.22432 9.16593216911796e-18
20728.30524 3.78071672462452e-16
20744.38616 1.08761147028028e-15
20760.46708 2.5747433977267e-16
20776.548 2.13598063936696e-16
20792.62892 9.05465160830597e-16
20808.70984 3.23480327704977e-15
20824.79076 2.08390606001927e-15
20840.87168 1.84390869809724e-15
20856.9526 2.29848854746716e-15
20873.03352 3.65954488435941e-15
20889.11444 5.35806028217108e-15
20905.19536 6.56373029341786e-15
20921.27627 1.18272724025672e-15
20937.35719 5.62970084214552e-16
20953.43811 1.74107159276982e-15
20969.51903 1.19155671347935e-14
20985.59995 3.88536102159223e-15
21001.68087 2.14627557362652e-15
21017.76179 3.63011908723306e-15
21033.84271 1.7147538869012e-14
21049.92363 2.40562188833254e-14
21066.00455 1.58334109732166e-14
21082.08547 1.68713055285695e-14
21098.16639 2.57318883353114e-14
21114.24731 3.37402674644402e-14
21130.32823 3.12355726145381e-14
21146.40915 1.49352424956642e-14
21162.49007 2.99834633154462e-15
21178.57099 1.85394203081075e-15
21194.65191 8.50915377078626e-15
21210.73283 8.85169495241523e-14
21226.81375 2.60260160517126e-15
21242.89466 7.4741115722349e-17
21258.97558 7.30993317089349e-16
21275.0565 2.20648356581904e-14
21291.13742 1.83219590352002e-14
21307.21834 9.39944953989913e-15
21323.29926 1.00591148773908e-14
21339.38018 2.05013657372988e-14
21355.4611 5.04556996401762e-14
21371.54202 4.16758456821304e-14
21387.62294 3.12937011960071e-14
21403.70386 1.44969512013517e-14
21419.78478 1.03800845905752e-14
21435.8657 1.53508308755092e-14
21451.94662 3.17424330325305e-14
21468.02754 1.01093578287051e-14
21484.10846 3.1509366997958e-15
21500.18938 3.07958249870468e-15
21516.2703 9.92858235266063e-15
21532.35122 1.51658787212402e-14
21548.43214 5.19701212490872e-16
21564.51305 3.97729226554019e-17
21580.59397 1.04059013686597e-15
21596.67489 2.95578901852552e-14
21612.75581 2.19417835938307e-14
21628.83673 1.36840000291062e-14
21644.91765 6.52800233063172e-15
21660.99857 4.29784911813591e-15
21677.07949 7.91986790115319e-15
21693.16041 1.14848711264685e-14
21709.24133 1.42939048114652e-14
21725.32225 7.76310704700941e-16
21741.40317 4.35354188843838e-17
21757.48409 7.28906562773786e-16
21773.56501 2.34643352028549e-14
21789.64593 9.37153854696763e-15
21805.72685 3.16534374695979e-16
21821.80777 1.24391878041773e-16
21837.88869 3.27236408995022e-15
21853.96961 5.51618026088793e-14
21870.05053 1.9720314923748e-14
21886.13145 1.70370222193422e-14
21902.21236 1.68610760258358e-14
21918.29328 2.26026856837605e-14
21934.3742 4.43580055293893e-14
21950.45512 4.62629677486539e-14
21966.53604 2.79901874601e-14
21982.61696 1.56109989796443e-15
21998.69788 9.32569355211263e-17
22014.7788 1.31434842939909e-15
22030.85972 3.81924103338433e-14
22046.94064 2.70778057122097e-14
22063.02156 1.11906278931108e-15
22079.10248 2.20423929701004e-16
22095.1834 5.94137810824832e-15
22111.26432 1.61702139329186e-13
22127.34524 1.39613198794497e-14
22143.42616 6.65036838408684e-16
22159.50708 6.92934168944377e-16
22175.588 1.384254671204e-14
22191.66892 1.41597987787641e-13
22207.74984 1.24250337502846e-13
22223.83075 1.94044429373399e-13
22239.91167 1.03631596199716e-13
22255.99259 6.76484257824284e-14
22272.07351 7.61540124343524e-14
22288.15443 1.79274499142007e-13
22304.23535 7.48388099703507e-13
22320.31627 9.0580007737968e-14
22336.39719 2.42364809270748e-14
22352.47811 4.89609831427836e-14
22368.55903 2.77676213095134e-13
22384.63995 6.47855295744596e-13
22400.72087 1.454912545232e-13
22416.80179 5.79862152013341e-14
22432.88271 6.061562403555e-14
22448.96363 3.44881263461167e-13
22465.04455 7.5978922570656e-13
22481.12547 5.52417430961293e-13
22497.20639 4.95022304210188e-13
22513.28731 4.04466395851289e-13
22529.36823 4.53686068632789e-13
22545.44914 7.6305189097168e-13
22561.53006 1.39894736936309e-12
22577.61098 1.88326607454738e-12
22593.6919 2.71616683200217e-13
22609.77282 7.45632543459687e-14
22625.85374 2.2888104364889e-13
22641.93466 1.80016985106648e-12
22658.01558 3.3315232808127e-12
22674.0965 1.59712921736966e-13
22690.17742 8.06068585256679e-15
22706.25834 7.1230195975131e-14
22722.33926 1.3975485932343e-12
22738.42018 2.68939871588676e-12
22754.5011 5.62840431248608e-13
22770.58202 3.00321102162226e-13
22786.66294 5.69750189458636e-14
22802.74386 2.18264522335004e-13
22818.82478 8.88561407611189e-13
22834.9057 1.17111076477173e-12
22850.98662 4.64605525672724e-12
22867.06753 1.5714387573652e-12
22883.14845 2.56267295526296e-12
22899.22937 1.49999757935218e-12
22915.31029 6.83149050276662e-13
22931.39121 1.34278225806234e-11
22947.47213 9.8055238245914e-13
22963.55305 1.71310050588763e-12
22979.63397 4.71341828934609e-12
22995.71489 2.55830400802146e-12
23011.79581 1.43387446733914e-11
23027.87673 6.46260082255697e-12
23043.95765 5.94968397748437e-12
23060.03857 7.86499557435691e-12
23076.11949 8.50123775797523e-12
23092.20041 1.30111253294102e-11
23108.28133 1.0168965224001e-11
23124.36225 9.87156012638435e-12
23140.44317 7.65215675254643e-12
23156.52409 1.30068789902615e-12
23172.60501 1.04424601259791e-11
23188.68592 1.07580460843392e-11
23204.76684 1.94892693705865e-11
23220.84776 6.9822311232982e-11
23236.92868 5.87257968696696e-12
23253.0096 1.59064892875161e-11
23269.09052 1.46452175437825e-11
23285.17144 1.67026642220632e-11
23301.25236 3.35100710727841e-10
23317.33328 1.01119402172208e-10
23333.4142 7.17404546916249e-11
23349.49512 5.97932048212865e-11
23365.57604 5.40695546618243e-11
23381.65696 1.5201423684827e-10
23397.73788 1.43105834525224e-10
23413.8188 1.15550460095492e-10
23429.89972 9.10271898410618e-11
23445.98064 4.37866309860312e-11
23462.06156 3.95157719828823e-11
23478.14248 4.84099889619263e-11
23494.2234 8.39507190354125e-11
23510.30431 2.70325386539068e-10
23526.38523 3.817535306276e-11
23542.46615 2.75789758654273e-12
23558.54707 6.44546320516593e-13
23574.62799 1.00132164176126e-11
23590.70891 1.62669426974618e-10
23606.78983 2.31043247057865e-10
23622.87075 7.50003981158246e-11
23638.95167 3.65551319482874e-11
23655.03259 6.34751627810856e-11
23671.11351 1.7003065452099e-10
23687.19443 5.02918825100402e-10
23703.27535 2.28343446220414e-10
23719.35627 1.98219190383955e-10
23735.43719 1.37434855810629e-10
23751.51811 1.06691953220783e-10
23767.59903 1.44515293171983e-10
23783.67995 1.88058211478055e-10
23799.76087 2.52528957109202e-10
23815.84179 3.90843491237834e-10
23831.92271 7.89105507166777e-11
23848.00362 5.59957780276524e-11
23864.08454 1.3966855401634e-10
23880.16546 1.18237278299743e-10
23896.24638 2.3647740415862e-10
23912.3273 8.43437889195051e-11
23928.40822 6.48590727649747e-12
23944.48914 5.72608583539523e-13
23960.57006 4.49552381956259e-12
23976.65098 6.40138521567939e-11
23992.7319 4.28191857412892e-10
24008.81282 2.8472163709183e-11
24024.89374 2.09041590420467e-12
24040.97466 9.74443832952178e-13
24057.05558 1.0176823788408e-11
24073.1365 1.25792255914183e-10
24089.21742 3.38546994533079e-10
24105.29834 3.7200222453463e-10
24121.37926 4.99680442050698e-10
24137.46018 6.29903820664786e-11
24153.5411 4.89487765836247e-12
24169.62201 5.12586759778065e-13
24185.70293 7.57605995837432e-12
24201.78385 1.12100535966886e-10
24217.86477 4.24239440540141e-10
24233.94569 2.89675700100916e-11
24250.02661 1.98718754758551e-12
24266.10753 1.32828110360227e-12
24282.18845 1.94294951644977e-11
24298.26937 2.9877995027422e-10
24314.35029 1.5270576936321e-10
24330.43121 9.95995224940018e-12
24346.51213 7.18747437295038e-13
24362.59305 2.27333872659337e-12
24378.67397 2.39869071443222e-11
24394.75489 2.80189966518323e-10
24410.83581 1.8641041427137e-10
24426.91673 1.773054233519e-10
24442.99765 2.60882113747227e-10
24459.07857 2.40289627816940e-11
24475.15949 2.39231438571259e-12
24491.2404 8.17695701192242e-13
24507.32132 1.09918179865437e-11
24523.40224 1.49422480727918e-10
24539.48316 3.52264199830227e-10
24555.56408 4.2198964184479e-11
24571.645 7.05102209722451e-12
24587.72592 6.21328801554001e-12
24603.80684 3.74992142269856e-11
24619.88776 3.5456851189378e-10
24635.96868 2.93816697934194e-10
24652.0496 4.25090753798979e-11
24668.13052 7.99911210925855e-12
24684.21144 1.31673482300751e-11
24700.29236 7.17954601010759e-11
24716.37328 5.35525016255469e-10
24732.4542 6.74954779231785e-10
24748.53512 4.81977805097437e-10
24764.61604 3.74753618284722e-10
24780.69696 2.27824427947394e-10
24796.77788 1.55426637448313e-10
24812.85879 1.17485882182512e-10
24828.93971 1.76438000846855e-10
24845.02063 3.38223459208024e-10
24861.10155 1.00544524979895e-09
24877.18247 1.01206307451676e-10
24893.26339 7.52176545722904e-12
24909.34431 5.66904122643004e-13
24925.42523 6.3619338606941e-12
24941.50615 1.75393278406642e-09
24957.58707 2.57628437192914e-08
24973.66799 2.06589476213922e-09
24989.74891 1.53174090341213e-10
24997.78162 1.13987198913287e-11
25005.82983 1.27274957627546e-10
25011.29393 6.37923429977202e-09
25021.91075 1.17536322963644e-08
25024.80624 2.85150443636653e-09
25038.31856 6.52605280570162e-09
25051.83087 1.76645008708009e-09
25065.34319 4.58724091115309e-09
25078.8555 1.70850801185391e-09
25092.36782 1.58104800602467e-09
25105.88013 3.89183042082894e-09
25119.39244 3.93922618887717e-09
25132.90476 3.59767587611928e-09
25146.41707 2.23640812181621e-09
25159.92939 1.90013737073862e-09
25173.4417 1.79361987399706e-09
25186.95402 2.2827103587181e-09
25200.46633 2.19586123791454e-09
25213.97865 1.99586261087665e-09
25227.49096 1.3084125114827e-09
25241.00327 1.14765069037082e-09
25254.51559 8.12702491401117e-10
25268.0279 8.83985888502515e-10
25281.54022 9.6459609793275e-10
25295.05253 1.77381190307145e-09
25308.56485 1.19193904335174e-09
25322.07716 3.76219314638246e-10
25335.58948 8.22141180094916e-10
25349.10179 1.01904303226382e-09
25362.6141 1.52266784776188e-09
25376.12642 1.14312417316373e-09
25389.63873 6.00896929066408e-10
25403.15105 5.48817910266907e-10
25416.66336 3.187997055346e-10
25430.17568 4.46021270416548e-10
25443.68799 2.73591333170673e-10
25457.2003 2.57415425855194e-10
25470.71262 3.1645811625193e-10
25484.22493 1.26615242620401e-10
25497.73725 2.19281686619662e-10
25511.24956 3.39879195467433e-10
25524.76188 4.48433762235462e-10
25538.27419 2.81314493317487e-10
25551.78651 1.610658335392e-10
25565.29882 2.32962875456607e-10
25578.81113 1.02408951181042e-10
25592.32345 7.3030286571436e-11
25605.83576 8.51153280314059e-11
25619.34808 5.64647434757595e-11
25632.86039 1.53768466903326e-10
25646.37271 8.78266115029078e-11
25659.88502 9.17564723547706e-11
25673.39733 6.87921369592599e-11
25686.90965 3.69543420084468e-11
25700.42196 2.56517625141404e-11
25713.93428 2.79997993676125e-11
25727.44659 2.75065583370392e-11
25740.95891 7.91793316156674e-11
25754.47122 4.71073065983286e-11
25767.98354 2.42461178715764e-11
25781.49585 2.92664949433862e-11
25795.00816 2.6733252446604e-11
25808.52048 2.63194486241844e-11
25822.03279 3.63364050345549e-11
25835.54511 3.30826997274024e-11
25849.05742 1.4505700057643e-11
25862.56974 1.00515136196278e-11
25876.08205 1.46550241184866e-11
25889.59437 1.53077652261108e-11
25903.10668 8.75871372357037e-12
25916.61899 1.20275265603986e-11
25930.13131 4.64486847453362e-12
25943.64362 1.63041195188699e-11
25957.15594 4.2418775276465e-12
25970.66825 1.59398213727639e-11
25984.18057 1.27635447936261e-11
25997.69288 7.17939828507246e-12
26011.20519 1.33570731093579e-11
26024.71751 3.0201952888771e-12
26038.22982 7.36236551386667e-12
26051.74214 1.9544600458934e-11
26065.25445 2.14227955345557e-11
26078.76677 2.01977445507713e-11
26092.27908 2.52525584971003e-11
26105.7914 3.40400860250285e-11
26119.30371 1.30863518269162e-11
26132.81602 7.69382796646288e-12
26146.32834 2.2798333879833e-11
26159.84065 1.66779014023409e-11
26173.35297 2.0306536091078e-11
26186.86528 1.32922952214256e-11
26200.3776 1.21291372960798e-11
26213.88991 1.83893560305502e-11
26227.40222 6.72259369775449e-12
26240.91454 4.06824214639552e-12
26254.42685 9.31686974980114e-12
26267.93917 8.72387676712858e-12
26281.45148 1.2877868834373e-11
26294.9638 1.1832443712639e-11
26308.47611 1.65868283471584e-11
26321.98843 5.82091157201532e-12
26335.50074 4.75255763709358e-12
26349.01305 9.80579410333212e-12
26362.52537 1.83921794033522e-11
26376.03768 1.0110259688139e-11
26389.55 1.69134495244636e-11
26403.06231 2.0891554842173e-11
26416.57463 1.36805067463029e-11
26430.08694 6.69067000347146e-12
26443.59925 1.49619879707267e-11
26457.11157 9.10722348940424e-12
26470.62388 1.30037847025933e-11
26484.1362 1.75948139348438e-12
26497.64851 1.00909703367625e-11
26511.16083 1.03407819842174e-11
26524.67314 1.05862785209348e-11
26538.18546 9.33523804910971e-12
26551.69777 1.67950537509076e-11
26565.21008 7.50599237627302e-12
26578.7224 8.811413636446e-12
26592.23471 4.58920367222853e-12
26605.74703 4.06361926151487e-12
26619.25934 1.32241984115873e-11
26632.77166 2.64883338534966e-11
26646.28397 2.23945782640139e-11
26659.79629 1.93888889666101e-11
26673.3086 1.93492478312882e-11
26686.82091 2.99578850305449e-11
26700.33323 1.96850954464198e-11
26713.84554 1.49579220679945e-11
26727.35786 1.06307665199816e-11
26740.87017 3.21278946429274e-12
26754.38249 2.9084179856648e-12
26767.8948 8.64827496971279e-12
26781.40711 7.74963570704385e-12
26794.91943 1.05809773152956e-11
26808.43174 1.02432661448613e-11
26821.94406 4.44127690410461e-12
26835.45637 2.27523614696208e-12
26848.96869 1.8830090324095e-12
26862.481 3.60521890395717e-12
26875.99332 7.74001263817304e-12
26889.50563 1.57990525941083e-12
26903.01794 8.0530893708111e-12
26916.53026 8.86184982185498e-12
26930.04257 3.60602401321951e-12
26943.55489 2.23895614355739e-12
26957.0672 5.88665534370801e-13
26970.57952 3.83896757654311e-12
26984.09183 5.10273791839433e-12
26997.60414 2.79627876935185e-12
27011.11646 1.548261821947e-12
27024.62877 5.67487277799407e-12
27038.14109 8.00474698586012e-12
27051.6534 4.58628511669784e-12
27065.16572 2.03714645153873e-12
27078.67803 1.80816234004799e-12
27092.19035 5.9483158523186e-12
27105.70266 7.38160351617897e-12
27119.21497 2.35080107458394e-12
27132.72729 2.13526689619676e-12
27146.2396 2.39047084634475e-12
27159.75192 2.71122232335048e-12
27173.26423 2.80520357460317e-12
27186.77655 2.46709335208949e-12
27200.28886 5.22121602130144e-14
27213.80117 2.1567830506545e-12
27227.31349 8.24965259202916e-13
27240.8258 2.89932662320877e-12
27254.33812 5.30353828599866e-13
27267.85043 2.92668101265391e-14
27281.36275 1.15643773275988e-12
27294.87506 9.0098459147461e-13
27308.38738 4.68127240711796e-12
27321.89969 6.92910691230743e-12
27335.412 1.24600274417196e-11
27348.92432 2.69647178650519e-12
27362.43663 4.73275649378958e-12
27375.94895 6.34142890038651e-12
27389.46126 8.2302440946204e-12
27402.97358 5.66781700021732e-12
27416.48589 1.04671375480409e-13
27429.99821 1.31122793420236e-12
27443.51052 1.69919623282749e-12
27457.02283 1.00144795073757e-12
27470.53515 8.86956411534614e-12
27484.04746 4.75130605881945e-12
27497.55978 1.00324661846705e-11
27511.07209 1.27251888597889e-11
27524.58441 8.74638658556145e-13
27538.09672 3.26007923065155e-12
27551.60903 4.76142567708171e-12
27565.12135 1.84926250189201e-12
27578.63366 4.38156966229012e-12
27592.14598 5.04320372062537e-12
27605.65829 5.63923009576881e-12
27619.17061 1.87943898947401e-12
27632.68292 3.2079427905288e-12
27646.19524 2.6226603895382e-12
27659.70755 7.41282902958894e-12
27673.21986 7.21826909016321e-12
27686.73218 1.06914031428941e-11
27700.24449 5.22889921412312e-12
27713.75681 2.94221220390727e-12
27727.26912 8.78846259264508e-13
27740.78144 4.39928815169866e-12
27754.29375 9.37706193558774e-13
27767.80606 5.63957766744078e-14
27781.31838 8.27723547896945e-12
27794.83069 4.06163484211349e-12
27808.34301 1.05390029234385e-11
27821.85532 6.34599746584882e-12
27835.36764 6.6911062205184e-12
27848.87995 6.74668562504264e-12
27862.39227 3.83614928099923e-12
27875.90458 4.28990452188514e-13
27889.41689 1.82974574440287e-12
27902.92921 2.39506231180789e-12
27916.44152 5.94960315978914e-12
27929.95384 6.93040977906481e-12
27943.46615 5.5843916083037e-12
27956.97847 2.60468723742673e-12
27970.49078 2.33411911135924e-12
27984.00309 2.30445662938672e-12
27997.51541 8.64796531256199e-15
28011.02772 4.47156396404446e-13
28024.54004 1.82835013194159e-12
28038.05235 1.09717804991256e-13
28051.56467 5.96633532682085e-12
28065.07698 5.641973492687e-12
28078.5893 1.12159747403988e-11
28092.10161 1.42968505637943e-11
28105.61392 4.51394708500394e-12
28119.12624 2.62576350533823e-12
28132.63855 3.7220323331371e-12
28146.15087 3.63932440627345e-12
28159.66318 3.62837978025622e-12
28173.1755 2.90183188911018e-12
28186.68781 3.78153591215159e-12
28200.20013 4.75464987956931e-12
28213.71244 2.10973655996823e-12
28227.22475 2.94985402253583e-12
28240.73707 1.62424366044393e-12
28254.24938 2.37222757125632e-12
28267.7617 2.48927618779477e-12
28281.27401 4.84083975073117e-12
28294.78633 6.99229989579486e-12
28308.29864 5.36827511064808e-12
28321.81095 1.98454080539867e-12
28335.32327 6.98847434365995e-13
28348.83558 3.04482077809959e-12
28362.3479 1.062693264856e-12
28375.86021 3.86836590702893e-13
28389.37253 2.28480045082441e-13
28402.88484 1.0294207978868e-12
28416.39716 2.99311246562259e-12
28429.90947 2.44646800048332e-12
28443.42178 4.49426154591808e-14
28456.9341 5.99562606817463e-15
28470.44641 6.81217285823763e-14
28483.95873 1.83232306997507e-13
28497.47104 2.6997356198203e-12
28510.98336 4.4760193033004e-14
28524.49567 3.91483873203002e-13
28538.00798 1.31955423904311e-13
28551.5203 3.59846883615665e-12
28565.03261 4.68553899820874e-12
28578.54493 4.87175975679136e-12
28592.05724 6.57237171947025e-12
28605.56956 3.73663399882935e-12
28619.08187 1.08922552591405e-12
28632.59419 4.59118968820977e-13
28646.1065 3.23704214475966e-13
28659.61881 1.66878534039642e-12
28673.13113 1.99283372819604e-12
28686.64344 1.75886294147022e-12
28700.15576 5.28301478568988e-13
28713.66807 4.61628977997338e-13
28727.18039 5.32544915833203e-12
28740.6927 8.39770273715573e-13
28754.20501 9.83068010525927e-13
28767.71733 4.70377558696493e-14
28781.22964 1.85041909382434e-12
28794.74196 6.83051198946481e-14
28808.25427 8.32263552843347e-14
28821.76659 2.0776661121333e-12
28835.2789 1.48054802352155e-13
28848.79122 3.82647124848563e-13
28862.30353 2.54189639444525e-13
28875.81584 4.48959493494062e-13
28889.32816 2.47966535260085e-12
28902.84047 1.81520879118434e-12
28916.35279 7.01819920828407e-13
28929.8651 1.58550677700178e-12
28943.37742 2.61820613784357e-13
28956.88973 6.8011879885504e-13
28970.40205 2.2046570616731e-13
28983.91436 5.14991330036661e-13
28997.42667 1.21426531700014e-12
29010.93899 7.46507399184466e-14
29024.4513 7.29227231685115e-13
29037.96362 9.42264895796743e-13
29051.47593 1.00010538509757e-12
29064.98825 2.95644704574173e-12
29078.50056 2.30855761245086e-12
29092.01287 1.58515911211073e-13
29105.52519 2.64681036655343e-12
29119.0375 4.69515994366698e-12
29132.54982 5.3254999818064e-12
29146.06213 4.46311757718417e-12
29159.57445 5.54529309308287e-12
29173.08676 5.06356558662064e-12
29186.59908 2.90192326355843e-12
29200.11139 3.12160799811479e-12
29213.6237 3.02195782501381e-12
29227.13602 3.45269094007225e-12
29240.64833 7.12518426801408e-12
29254.16065 7.75336476590773e-12
29267.67296 7.97827370492049e-12
29281.18528 1.04931309741953e-11
29294.69759 5.42677382696518e-12
29308.2099 8.83847304935213e-12
29321.72222 8.00984092134569e-12
29335.23453 5.78648657339387e-12
29348.74685 2.87277026063026e-12
29362.25916 1.49978238430791e-13
29375.77148 4.1228199246347e-12
29389.28379 7.1558577683491e-12
29402.79611 5.74679478539564e-12
29416.30842 3.16099568934894e-12
29429.82073 4.85633592467026e-12
29443.33305 7.75075375188449e-12
29456.84536 9.80430020813059e-12
29470.35768 8.94509515191122e-12
29483.86999 9.1138915429054e-12
29497.38231 6.55233565269662e-12
29510.89462 1.44776973235113e-12
29524.40694 3.22106538374399e-12
29537.91925 1.79848793594298e-12
29551.43156 4.06213008075297e-12
29564.94388 9.17495506555077e-12
29578.45619 1.18863207042752e-11
29591.96851 1.22994154115525e-11
29605.48082 3.78003294789519e-12
29618.99314 4.04805492466404e-12
29632.50545 2.56418156453003e-13
29646.01776 3.11336355498211e-12
29659.53008 7.59149787406877e-13
29673.04239 3.92022839309482e-13
29686.55471 5.19523829155187e-13
29700.06702 1.31390391937507e-12
29713.57934 3.31620967132463e-12
29727.09165 5.4181640589685e-13
29740.60397 4.67623198736179e-13
29754.11628 2.70864481119283e-12
29767.62859 6.61753519058285e-12
29781.14091 3.28797500345693e-12
29794.65322 2.94062663238156e-12
29808.16554 1.04235779671167e-11
29821.67785 1.25336620443836e-11
29835.19017 1.10418152147442e-11
29848.70248 9.55440744923547e-12
29862.21479 9.54714578692192e-12
29875.72711 6.96759135991048e-12
29889.23942 7.15336659562805e-12
29902.75174 1.61738240477919e-12
29916.26405 3.02216514060975e-12
29929.77637 8.11698856067388e-13
29943.28868 4.09962167443867e-12
29956.801 3.01256573487469e-12
29970.31331 4.18866585368254e-13
29983.82562 2.40472659494668e-12
29997.33794 4.0004955793592e-12
30010.85025 6.24443273785625e-12
30024.36257 4.62945437329446e-12
30037.87488 1.293912730789e-11
30051.3872 4.8541950437197e-12
30064.89951 1.6859172259312e-12
30078.41182 7.75614014043549e-13
30091.92414 7.58902561120518e-12
30105.43645 9.18986826106264e-12
30118.94877 8.8998734464699e-12
30132.46108 1.38918551963346e-11
30145.9734 1.50071806088677e-11
30159.48571 6.71267620829526e-12
30172.99803 1.36318068993264e-12
30186.51034 7.13882599190043e-13
30200.02265 1.4647570789497e-12
30213.53497 3.19319498116501e-12
30227.04728 2.03131847931024e-12
30240.5596 3.61509719113331e-12
30254.07191 7.6779619656131e-12
30267.58423 5.04480694695288e-12
30281.09654 1.278648911485e-12
30294.60886 9.79205912792597e-12
30308.12117 1.18956793971317e-11
30321.63348 4.916986813116e-12
30335.1458 6.39982809386435e-12
30348.65811 8.24977705508391e-12
30362.17043 6.75245812997539e-12
30375.68274 1.60234351794159e-13
30389.19506 1.05274679379849e-12
30402.70737 2.78048774984556e-12
30416.21968 4.05756769911888e-12
30429.732 6.66175769411967e-12
30443.24431 1.28991335890381e-11
30456.75663 6.6472578413592e-12
30470.26894 7.69584208055941e-12
30483.78126 1.38513194980814e-11
30497.29357 1.43404255851543e-11
30510.80589 6.8675098545915e-12
30524.3182 1.6296898478905e-11
30537.83051 1.01422435253191e-11
30551.34283 1.79704786561333e-11
30564.85514 2.40863486348708e-11
30578.36746 1.9652487658256e-11
30591.87977 1.19181001060326e-11
30605.39209 1.16200453402379e-11
30618.9044 8.08167369785022e-12
30632.41671 1.61593669042584e-11
30645.92903 4.06001725820418e-12
30659.44134 4.95644408949163e-12
30672.95366 1.52673431799896e-12
30686.46597 2.8719156087524e-12
30699.97829 1.31936617239917e-11
30713.4906 7.27530331560048e-12
30727.00292 1.60015615010548e-12
30740.51523 8.73512616287486e-12
30754.02754 5.40213925076690e-12
30767.53986 1.30487763947257e-11
30781.05217 1.76714297854574e-11
30794.56449 1.38437017387798e-11
30808.0768 8.26165141197523e-12
30821.58912 8.40359329777355e-12
30835.10143 6.14776882833024e-12
30848.61374 4.54120440694906e-12
30862.12606 6.12371754943586e-12
30875.63837 8.66471501738099e-12
30889.15069 4.95183498355942e-12
30902.663 3.16170383239638e-12
30916.17532 6.37208508529682e-12
30929.68763 1.13557213351523e-11
30943.19995 4.83368332416423e-12
30956.71226 4.90777969574356e-12
30970.22457 9.92249000961502e-12
30983.73689 9.57673049178683e-12
30997.2492 1.44466242716653e-11
31010.76152 1.37632666791421e-11
31024.27383 1.33724183035051e-11
31037.78615 1.00923258811786e-11
31051.29846 4.63851557568185e-12
31064.81078 8.20152500946996e-12
31078.32309 1.11092312356858e-11
31091.8354 3.5023216499108e-12
31105.34772 2.72307947235177e-12
31118.86003 6.59632395552257e-12
31132.37235 1.11235691951547e-11
31145.88466 1.69885955315587e-11
31159.39698 1.30134217359268e-11
31172.90929 7.509876326077e-12
31186.4216 8.08581000445726e-12
31199.93392 1.76221066921735e-11
31213.44623 1.54812571938496e-11
31226.95855 1.36254890810351e-11
31240.47086 1.61804115924567e-11
31253.98318 2.00229167607752e-11
31267.49549 3.20065820857624e-11
31281.00781 3.98985143644461e-11
31294.52012 2.89083810952692e-11
31308.03243 2.21664865292533e-11
31321.54475 3.14128978449775e-11
31335.05706 3.05367627652029e-11
31348.56938 5.08114046960126e-11
31362.08169 2.30544083726895e-11
31375.59401 2.38371333965979e-11
31389.10632 5.08044779108475e-11
31402.61863 5.61444363292457e-11
31416.13095 5.3484769225134e-11
31429.64326 5.03035324718345e-11
31443.15558 4.97044998570264e-11
31456.66789 4.70014624454593e-11
31470.18021 2.4714101158071e-11
31483.69252 1.5008319947621e-11
31497.20484 2.14269927258384e-11
31510.71715 3.54575651886899e-11
31524.22946 4.04661158190539e-11
31537.74178 3.86882074184307e-11
31551.25409 2.75007584787903e-11
31564.76641 2.26729664276376e-11
31578.27872 1.26172086728963e-11
31591.79104 7.60483114815916e-12
31605.30335 4.99469868823274e-12
31618.81566 1.3953898781718e-11
31632.32798 2.1526295936256e-11
31645.84029 1.98068772398971e-11
31659.35261 2.30043140612091e-11
31672.86492 2.04278812820505e-11
31686.37724 2.3137025126948e-11
31699.88955 3.07366868857243e-11
31713.40187 1.60850122369792e-11
31726.91418 1.31211965789816e-11
31740.42649 1.27526965706347e-11
31753.93881 1.07663999390033e-11
31767.45112 1.02983500622927e-11
31780.96344 1.11881270120942e-11
31794.47575 5.59730349516323e-12
31807.98807 1.85656759174383e-12
31821.50038 2.09600974103461e-12
31835.0127 2.33961582135695e-12
31848.52501 5.10423764628168e-13
31862.03732 1.08693182273957e-12
31875.54964 7.73079468075041e-12
31889.06195 1.26163316460801e-11
31902.57427 1.04048478555256e-11
31916.08658 5.31750450092037e-12
31929.5989 9.83905252270452e-12
31943.11121 1.31262574824841e-11
31956.62352 3.18824862685089e-11
31970.13584 2.24287149492378e-11
31983.64815 1.35504115764402e-11
31997.16047 1.89296758909473e-11
32010.67278 1.79994060560076e-11
32024.1851 2.19206605097225e-11
32037.69741 2.31469128270253e-11
32051.20973 1.59532880745125e-11
32064.72204 1.60285407895464e-11
32078.23435 3.64795039226862e-11
32091.74667 3.62196430668164e-11
32105.25898 1.86005446844048e-11
32118.7713 1.72357638335328e-11
32132.28361 3.65210975853083e-11
32145.79593 4.65438181988171e-11
32159.30824 4.26307109217109e-11
32172.82055 4.51382458459773e-11
32186.33287 4.61191410142972e-11
32199.84518 3.44377811434078e-11
32213.3575 4.08398725595816e-11
32226.86981 5.44211267962467e-11
32240.38213 4.95414496007333e-11
32253.89444 3.62410417703699e-11
32267.40676 2.94939532875924e-11
32280.91907 3.95926326877056e-11
32294.43138 3.5080833736457e-11
32307.9437 3.39066760368832e-11
32321.45601 5.17385161759635e-11
32334.96833 5.32077317691706e-11
32348.48064 3.61011998570796e-11
32361.99296 4.33863999719430e-11
32375.50527 4.95811631652956e-11
32389.01759 4.18301677178569e-11
32402.5299 4.37476009518109e-11
32416.04221 5.15558398002505e-11
32429.55453 5.76870864137038e-11
32443.06684 4.62899920213053e-11
32456.57916 2.10285289839629e-11
32470.09147 2.34776533810386e-11
32483.60379 3.44681215170723e-11
32497.1161 4.10968995153659e-11
32510.62841 4.63018553990838e-11
32524.14073 5.36832358320605e-11
32537.65304 6.13896116087786e-11
32551.16536 5.17931975449772e-11
32564.67767 3.36399497510506e-11
32578.18999 3.37092546545586e-11
32591.7023 2.88750079835186e-11
32605.21462 2.89667370346394e-11
32618.72693 3.28991903053819e-11
32632.23924 2.89455030431464e-11
32645.75156 3.17756404966231e-11
32659.26387 1.74284964463323e-11
32672.77619 1.69713563827008e-11
32686.2885 3.84892603540108e-11
32699.80082 4.27869191227639e-11
32713.31313 2.6894240439924e-11
32726.82544 1.40363513150406e-11
32740.33776 2.55116699318233e-11
32753.85007 3.79916737172641e-11
32767.36239 4.82224412465979e-11
32780.8747 5.25585496841991e-11
32794.38702 6.43298295866416e-11
32807.89933 7.32143057004856e-11
32821.41165 6.52733965193436e-11
32834.92396 4.44981617984488e-11
32848.43627 5.71386849001742e-11
32861.94859 5.61752870162598e-11
32875.4609 3.91987058075369e-11
32888.97322 4.25759247578396e-11
32902.48553 4.4118080731217e-11
32915.99785 4.23462810884251e-11
32929.51016 2.38855588997288e-11
32943.02247 4.78503971802892e-12
32956.53479 5.14753548718243e-12
32970.0471 2.76602091179242e-11
32983.55942 2.95175734056857e-11
32997.07173 3.21766444437474e-11
33010.58405 3.40815101510099e-11
33024.09636 3.45644858406736e-11
33037.60868 2.84290230327856e-11
33051.12099 2.52417139665851e-11
33064.6333 3.56341395499313e-11
33078.14562 6.34631574568809e-11
33091.65793 5.8377973985583e-11
33105.17025 3.49291843016267e-11
33118.68256 1.17875278986894e-11
33132.19488 8.58643685179022e-12
33145.70719 1.36201192367254e-11
33159.21951 4.18911597565814e-11
33172.73182 3.42367615183856e-11
33186.24413 1.91687629980241e-11
33199.75645 2.94617814618134e-11
33213.26876 1.52792927303919e-11
33226.78108 1.35435022989209e-13
33240.29339 2.163239650968e-13
33253.80571 4.51855946890922e-12
33267.31802 1.24442266572495e-11
33280.83033 1.84230927467915e-11
33294.34265 1.79240066959587e-11
33307.85496 1.84598161039481e-11
33321.36728 6.49249475213299e-12
33334.87959 4.69167966597417e-12
33348.39191 1.04904530256107e-11
33361.90422 8.0933982802469e-12
33375.41654 4.65086444509929e-12
33388.92885 1.80204502377759e-11
33402.44116 2.87109199055049e-11
33415.95348 3.17285355652121e-11
33429.46579 1.54818884708664e-11
33442.97811 1.63731121375538e-11
33456.49042 2.36293104642715e-11
33470.00274 2.08792830951421e-11
33483.51505 3.59678524640028e-11
33497.02736 4.89915547299349e-11
33510.53968 3.90919483829948e-11
33524.05199 3.52824107469153e-11
33537.56431 2.11452724010806e-11
33551.07662 4.98451212153917e-12
33564.58894 2.81894635732481e-12
33578.10125 4.00664284982719e-12
33591.61357 1.53161194100479e-11
33605.12588 2.55093098500421e-11
33618.63819 1.25859302585341e-11
33632.15051 7.59782466607339e-12
33645.66282 3.10218517509484e-11
33659.17514 4.2172470958288e-11
33672.68745 4.19210327778857e-11
33686.19977 2.10323795720503e-11
33699.71208 2.21482367319555e-12
33713.22439 5.62515083567498e-12
33726.73671 2.90777407780172e-13
33740.24902 1.3958916759978e-13
33753.76134 1.29141928359683e-11
33767.27365 1.2378388849172e-11
33780.78597 6.56678375233713e-13
33794.29828 6.96814393846872e-14
33807.8106 6.69676609472663e-14
33821.32291 6.63619978083622e-14
33834.83522 1.41936609826084e-13
33848.34754 1.43737808657777e-13
33861.85985 9.2961444599086e-14
33875.37217 8.28652612084426e-14
33888.88448 2.10998412978838e-13
33902.3968 1.96259767334136e-13
33915.90911 1.31042833418462e-12
33929.42143 1.06423709122279e-13
33942.93374 2.17727679252626e-12
33956.44605 9.8610520194137e-13
33969.95837 3.85439618769423e-13
33983.47068 1.42401768120495e-13
33996.983 5.11584985717861e-13
34010.49531 2.14850627391741e-12
34024.00763 3.11306043043633e-12
34037.51994 3.70845669578758e-11
34051.03225 2.63989126954049e-11
34064.54457 2.59367036965487e-11
34078.05688 9.90308508578339e-12
34091.5692 4.2650655964464e-12
34105.08151 4.06839549751389e-12
34118.59383 4.3400173600096e-11
34132.10614 1.06378937017873e-10
34145.61846 6.22288659385156e-11
34159.13077 4.97055779627965e-12
34172.64308 1.20465743851834e-11
34186.1554 4.49490382429038e-11
34199.66771 5.63851835857934e-11
34213.18003 8.24427028238529e-11
34226.69234 7.50977821669610e-11
34240.20466 7.1673029188252e-11
34253.71697 8.43604233319189e-11
34267.22928 8.29016945200508e-11
34280.7416 1.17344777916315e-10
34294.25391 1.70301053298101e-10
34307.76623 2.27322790716356e-10
34321.27854 2.86250649486921e-10
34334.79086 3.42419172640371e-10
34348.30317 3.67038160293707e-10
34361.81549 3.75533485150614e-10
34375.3278 4.02006781753712e-10
34388.84011 4.32858572786461e-10
34402.35243 4.55060079690926e-10
34415.86474 5.0672062955617e-10
34429.37706 5.3852662132351e-10
34442.88937 5.15619125791978e-10
34456.40169 4.6352252551378e-10
34469.914 4.19855996849483e-10
34483.42631 3.87858271916307e-10
34496.93863 3.7235883902954e-10
34510.45094 3.76689141245015e-10
34523.96326 3.77150977344312e-10
34537.47557 3.9112406770109e-10
34550.98789 4.3231536835153e-10
34564.5002 4.72400691011529e-10
34578.01252 5.01728979353029e-10
34591.52483 5.32017237187493e-10
34605.03714 5.64063486724969e-10
34618.54946 5.90585836740528e-10
34632.06177 5.84426208763017e-10
34645.57409 5.70876659026291e-10
34659.0864 5.71807653878617e-10
34672.59872 5.86743964077303e-10
34686.11103 5.78362614804432e-10
34699.62335 5.64187464629921e-10
34713.13566 5.46099771207113e-10
34726.64797 4.79653109039426e-10
34740.16029 4.74819027581686e-10
34753.6726 5.14565478811559e-10
34767.18492 5.23062191609589e-10
34780.69723 4.66571405915947e-10
34794.20955 4.02881474413829e-10
34807.72186 3.96934733417564e-10
34821.23417 4.15752981779845e-10
34834.74649 4.15193324085191e-10
34848.2588 4.08239945229793e-10
34861.77112 3.92403919982034e-10
34875.28343 3.79077903518875e-10
34888.79575 3.93880248554141e-10
34902.30806 4.10739563059782e-10
34915.82038 4.20907862131428e-10
34929.33269 4.6481962479494e-10
34942.845 4.7546972980452e-10
34956.35732 3.66176280912553e-10
34969.86963 2.73727294340368e-10
34983.38195 2.55939051540908e-10
34996.89426 2.60917851303117e-10
35010.40658 2.62264054038491e-10
35023.91889 2.58995264712057e-10
35037.4312 2.32154594022736e-10
35050.94352 1.76580855882366e-10
35064.45583 1.33884801491988e-10
35077.96815 1.39423432642732e-10
35091.48046 1.54507401840869e-10
35104.99278 1.62051868546181e-10
35118.50509 1.54004287538458e-10
35132.01741 1.2175445124326e-10
35145.52972 1.03582416248536e-10
35159.04203 9.15412329166034e-11
35172.55435 7.78661020990897e-11
35186.06666 6.93794113713571e-11
35199.57898 7.10601627358539e-11
35213.09129 8.18923495248188e-11
35226.60361 5.30874013028499e-11
35240.11592 4.26676393257754e-11
35253.62824 3.34163881332352e-11
35267.14055 4.8368805371282e-11
35280.65286 8.0938201421196e-11
35294.16518 9.81052059561783e-11
35307.67749 1.04202683617041e-10
35321.18981 1.18416518605125e-10
35334.70212 9.0579605067047e-11
35348.21444 6.26165057037126e-11
35361.72675 7.00959262895066e-11
35375.23906 1.01338920953632e-10
35388.75138 1.12281036561463e-10
35402.26369 9.24884728291099e-11
35415.77601 7.63499896253148e-11
35429.28832 6.95802760390241e-11
35442.80064 1.07870667895309e-10
35456.31295 1.32606626473729e-10
35469.82527 1.2225433467827e-10
35483.33758 1.0383279752102e-10
35496.84989 7.88996561181191e-11
35510.36221 4.97407688802828e-11
35523.87452 5.51618708870374e-11
35537.38684 1.04511645848313e-10
35550.89915 1.54737424696937e-10
35564.41147 1.55137824987674e-10
35577.92378 1.18653284189423e-10
35591.43609 1.28940623722914e-10
35604.94841 1.83156749941318e-10
35618.46072 2.20053703590763e-10
35631.97304 1.93777595812433e-10
35645.48535 1.46335275076685e-10
35658.99767 1.55153502200808e-10
35672.50998 2.34728056782119e-10
35686.0223 3.03235072948712e-10
35699.53461 3.07793067798471e-10
35713.04692 2.8610607738093e-10
35726.55924 2.79215013700105e-10
35740.07155 2.83931738216601e-10
35753.58387 3.18343382822023e-10
35767.09618 3.41234115137598e-10
35780.6085 2.92447158100236e-10
35794.12081 2.07810404134064e-10
35807.63312 1.58778103492852e-10
35821.14544 1.93553466401977e-10
35834.65775 2.47193127509745e-10
35848.17007 2.61560428271071e-10
35861.68238 2.562750412328e-10
35875.1947 3.18301026901265e-10
35888.70701 3.42406977577199e-10
35902.21933 3.2012000276283e-10
35915.73164 3.48958458193768e-10
35929.24395 3.98989150504804e-10
35942.75627 3.88161852198877e-10
35956.26858 3.73715821810949e-10
35969.7809 4.04377631341641e-10
35983.29321 4.39862004927575e-10
35996.80553 4.4962789911828e-10
36010.31784 4.52439647096622e-10
36023.83016 4.62458624352071e-10
36037.34247 4.7433555702061e-10
36050.85478 5.32855379248241e-10
36064.3671 6.03508734988211e-10
36077.87941 5.86990804209769e-10
36091.39173 5.44434918651692e-10
36104.90404 5.49723381063718e-10
36118.41636 5.76417025758649e-10
36131.92867 6.13735546723902e-10
36145.44098 6.01167793219627e-10
36158.9533 5.84086732626585e-10
36172.46561 6.4681998258417e-10
36185.97793 6.88606526766102e-10
36199.49024 6.68080227846499e-10
36213.00256 6.82898938703308e-10
36226.51487 6.89289283092334e-10
36240.02719 6.89585465438183e-10
36253.5395 7.47272423816135e-10
36267.05181 7.41352615539896e-10
36280.56413 6.8238793325726e-10
36294.07644 6.61151663832649e-10
36307.58876 5.9048244480814e-10
36321.10107 5.01521395277957e-10
36334.61339 4.76659782858669e-10
36348.1257 4.96215725893076e-10
36361.63801 5.17515354290236e-10
36375.15033 5.10292729573794e-10
36388.66264 4.9500592302444e-10
36402.17496 5.07908259133775e-10
36415.68727 4.92467137117707e-10
36429.19959 3.66401351424801e-10
36442.7119 2.34888204467393e-10
36456.22422 2.38768996173082e-10
36469.73653 3.89197005160659e-10
36483.24884 5.65859596932741e-10
36496.76116 5.30802881256477e-10
36510.27347 3.73900275718746e-10
36523.78579 3.48485331528547e-10
36537.2981 4.37692785523616e-10
36550.81042 4.45671763696599e-10
36564.32273 3.00695910602564e-10
36577.83504 1.84066376514964e-10
36591.34736 2.26546429404251e-10
36604.85967 3.12851352321401e-10
36618.37199 3.42893004963919e-10
36631.8843 3.1481367062041e-10
36645.39662 2.34624527675512e-10
36658.90893 1.62281696387069e-10
36672.42125 1.48994832448314e-10
36685.93356 2.01613146140083e-10
36699.44587 2.97559372833314e-10
36712.95819 3.49811187069986e-10
36726.4705 4.18584909421801e-10
36739.98282 4.55335524382103e-10
36753.49513 4.62810259855065e-10
36767.00745 4.29560569162181e-10
36780.51976 5.13971978471803e-10
36794.03208 5.47965456971083e-10
36807.54439 5.77235470164523e-10
36821.0567 6.59551674996027e-10
36834.56902 8.16736793954735e-10
36848.08133 9.31726512791264e-10
36861.59365 9.00094056399044e-10
36875.10596 8.16250670459756e-10
36888.61828 7.90241878389112e-10
36902.13059 7.81725683688964e-10
36915.6429 6.58430455723607e-10
36929.15522 4.6585311158372e-10
36942.66753 4.51539527247359e-10
36956.17985 7.24997793573144e-10
36969.69216 1.03112512310227e-09
36983.20448 9.80616561574898e-10
36996.71679 1.02759118863497e-09
37010.22911 8.72641467547869e-10
37023.74142 8.35368384384029e-10
37037.25373 8.4813022824802e-10
37050.76605 8.67375803645318e-10
37064.27836 1.02481216903501e-09
37077.79068 1.45160535118894e-09
37091.30299 1.65639194155433e-09
37104.81531 1.47034373340668e-09
37118.32762 1.21979824322697e-09
37131.83993 1.05081872079992e-09
37145.35225 1.04865552439884e-09
37158.86456 1.15320322033316e-09
37172.37688 1.10221547818589e-09
37185.88919 1.12815758341471e-09
37199.40151 1.30373405085022e-09
37212.91382 1.39144797006454e-09
37226.42614 1.09997243337999e-09
37239.93845 1.094660122652e-09
37253.45076 1.21722973470972e-09
37266.96308 1.07200764401419e-09
37280.47539 1.05136238167465e-09
37293.98771 1.2870093304455e-09
37307.50002 1.62343640149796e-09
37321.01234 1.53889531809411e-09
37334.52465 1.48404605747808e-09
37348.03696 1.78869116822855e-09
37361.54928 2.06147677305135e-09
37375.06159 2.73626492220111e-09
37388.57391 3.13742749018292e-09
37402.08622 1.54928008135464e-09
37415.59854 1.11844639386375e-09
37429.11085 1.01018930970753e-09
37442.62317 1.23276809025876e-09
37456.13548 1.58387047375991e-09
37469.64779 1.87099257648477e-09
37483.16011 2.07023080716596e-09
37496.67242 3.07822322802274e-09
37510.18474 2.99865246244644e-09
37523.69705 2.52177074618655e-09
37537.20937 3.5000359383411e-09
37550.72168 4.3470583174504e-09
37564.234 5.23684360019223e-09
37577.74631 3.95264284967531e-09
37591.25862 4.29966290816982e-09
37604.77094 3.99215025165006e-09
37618.28325 1.40760089149452e-09
37631.79557 1.5553998486515e-09
37645.30788 3.8157403973523e-09
37658.8202 6.10982553005783e-09
37672.33251 9.38917250700319e-09
37685.84482 1.30240254776467e-08
37699.35714 1.7957167111873e-08
37712.86945 1.96068251563926e-08
37726.38177 1.84824661481203e-08
37739.89408 1.82503632996023e-08
37753.4064 1.77819371336527e-08
37766.91871 1.83516587029991e-08
37780.43103 2.0525313534432e-08
37793.94334 2.09994256873377e-08
37807.45565 1.89826321161272e-08
37820.96797 1.57907423179001e-08
37834.48028 1.49270074298997e-08
37847.9926 1.41235955817183e-08
37861.50491 1.16513596529918e-08
37875.01723 7.80930237306331e-09
37888.52954 5.36655245530719e-09
37902.04185 4.15194569340226e-09
37915.55417 6.27707536533477e-10
37929.06648 3.92795440625071e-09
37942.5788 7.17695312888316e-09
37956.09111 1.08000972001634e-08
37969.60343 1.53348507263871e-08
37983.11574 2.16916655396173e-08
37996.62806 2.2010312079081e-08
38010.14037 1.90313904425599e-08
38023.65268 6.04421063744416e-09
38037.165 5.94589836934477e-11
38050.67731 6.0530423900626e-11
38064.18963 6.41830031413962e-11
38077.70194 6.80904065083043e-11
38091.21426 7.22727372049567e-11
38104.72657 7.67566020385153e-11
38118.23889 2.57891922549548e-09
38131.7512 2.2108146018231e-08
38145.26351 3.24797617291493e-08
38158.77583 1.43484393891243e-08
38172.28814 3.0843920574409e-10
38185.80046 1.11702878066275e-10
38199.31277 1.19184595425713e-10
38212.82509 1.2726157076642e-10
38226.3374 1.35993507797334e-10
38239.84971 1.45440066305701e-10
38253.36203 1.55659963212542e-10
38266.87434 1.66718823097293e-10
38280.38666 1.78687935516697e-10
38293.89897 1.91650233998594e-10
38307.41129 3.04417496394864e-10
38320.9236 2.77992064920622e-08
38334.43592 7.80962703482374e-08
38347.94823 1.5477866701944e-07
38361.46054 9.71498214969963e-08
38374.97286 7.25802731190095e-08
38388.48517 1.04316356794046e-07
38401.99749 9.45705760404496e-08
38415.5098 9.93159911043619e-08
38429.02212 2.81823906182363e-07
38442.53443 6.16215430112019e-07
38456.04674 7.87505204295964e-07
38469.55906 7.51945275374855e-07
38483.07137 6.43225477333507e-07
38496.58369 3.89752758641264e-07
38510.096 2.24034912382276e-07
38523.60832 2.00938458626301e-07
38537.12063 1.59533299972389e-07
38550.63295 1.7528591179713e-07
38564.14526 1.91892446087688e-07
38577.65757 2.02303380878748e-07
38591.16989 1.28138080791774e-07
38604.6822 1.23941207423768e-07
38618.19452 3.88150196786189e-07
38631.70683 4.85075372471055e-07
38645.21915 1.93960493363777e-07
38658.73146 5.30682155027001e-08
38672.24377 3.84807086848594e-07
38685.75609 5.94832306044084e-07
38699.2684 1.2497028023009e-06
38712.78072 1.73143350162738e-06
38726.29303 1.43671394800679e-06
38739.80535 8.39985585650233e-07
38753.31766 8.45978086295977e-07
38766.82998 1.35893198885125e-06
38780.34229 1.84367846636992e-06
38793.8546 1.23387515318083e-06
38807.36692 1.02966192267867e-06
38820.87923 1.80176680995406e-06
38834.39155 2.78721575994215e-06
38847.90386 3.17868837753561e-06
38861.41618 3.02262534678482e-06
38874.92849 3.03054634917918e-06
38888.44081 3.1139771817996e-06
38901.95312 1.96196007322262e-06
38915.46543 5.37394051247412e-07
38928.97775 2.85401431944179e-08
38942.49006 3.65712471416828e-09
38956.00238 3.74371617699542e-09
38969.51469 3.8261292273665e-09
38983.02701 3.90884526975036e-09
38996.53932 3.98301796385319e-09
39010.05163 4.05305426717879e-09
39023.56395 4.11907077716991e-09
39037.07626 4.18124320031299e-09
39050.58858 4.23970346348482e-09
39064.10089 4.29456845778744e-09
39077.61321 4.34609157433523e-09
39091.12552 4.39445122705859e-09
39104.63784 4.43979417454155e-09
39118.15015 6.36800062524905e-09
39131.66246 9.8169673166051e-08
39145.17478 1.45202833883e-06
39158.68709 4.58163525592301e-06
39172.19941 6.71077522269325e-06
39185.71172 9.16750762238829e-06
39199.22404 1.09580296009831e-05
39212.73635 1.09583801522798e-05
39226.24866 1.09028180203812e-05
39239.76098 1.12420295231934e-05
39253.27329 1.24526868676385e-05
39266.78561 1.32256412862667e-05
39280.29792 1.21519880020312e-05
39293.81024 1.04360975037787e-05
39307.32255 1.03743288484767e-05
39320.83487 1.07404339249747e-05
39334.34718 8.12267599378146e-06
39347.85949 5.91559428084391e-06
39361.37181 3.53472716202224e-06
39374.88412 1.03171653179326e-06
39388.39644 3.69791730796096e-08
39401.90875 4.94334716807333e-09
39415.42107 4.95190245137945e-09
39428.93338 6.15207266323242e-09
39442.44569 1.05190863198887e-07
39455.95801 1.23579410322833e-07
39469.47032 5.98157910595162e-07
39482.98264 2.92045641012775e-06
39496.49495 5.86259449709033e-06
39510.00727 8.34383249115584e-06
39523.51958 1.00549349980164e-05
39537.0319 1.10358176305014e-05
39550.54421 1.16340815073451e-05
39564.05652 1.26693024615116e-05
39577.56884 1.45946625120523e-05
39591.08115 1.6698500288044e-05
39604.59347 1.96410681268183e-05
39618.10578 2.56613914692438e-05
39631.6181 3.71702985906675e-05
39645.13041 5.00336305105056e-05
39658.64273 6.36790656790437e-05
39672.15504 7.84561521837562e-05
39685.66735 9.31523715011688e-05
39699.17967 0.000106860873020431
39712.69198 0.000120600448078102
39726.2043 0.000133151546292229
39739.71661 0.0001446278240333
39753.22893 0.000156850803405917
39766.74124 0.000170505945567383
39780.25355 0.000186600471895302
39793.76587 0.000205485027671091
39807.27818 0.000226509475745672
39820.7905 0.000246043762327554
39834.30281 0.000264409102121758
39847.81513 0.000286985451124609
39861.32744 0.000314760256664048
39874.83976 0.000349837494757282
39888.35207 0.000394650641977762
39901.86438 0.000450669485130545
39915.3767 0.000518686078192394
39928.88901 0.000600308286334555
39942.40133 0.000695129353223136
39955.91364 0.000798635536893836
39969.42596 0.000914209183374166
39982.93827 0.00104544436480327
39996.45058 0.00119704719515742
40009.9629 0.00137765563507417
40023.47521 0.00159867762694267
40036.98753 0.00187067372943602
40050.49984 0.00220412990964416
40064.01216 0.00262410155098717
40077.52447 0.00315492771690361
40091.03679 0.00383074820928728
40104.5491 0.00469982006215113
40118.06141 0.00582841295777072
40131.57373 0.00730911564105069
40145.08604 0.00927829915421787
40158.59836 0.0119456229979096
40172.11067 0.0156333457903763
40185.62299 0.020797346550361
40199.1353 0.0281221110386847
40212.64761 0.0386545178287725
40226.15993 0.0537982790826423
40239.67224 0.0755426263767525
40253.18456 0.106178544586767
40266.69687 0.146893595189839
40280.20919 0.196286915678655
40293.7215 0.250112951842656
40307.23382 0.301452802827183
40320.74613 0.343127397415431
40334.25844 0.370656882927398
40347.77076 0.38394363036933
40361.28307 0.386126522212714
40374.79539 0.38340580400481
40388.3077 0.380169662736188
40401.82002 0.378417548064278
40415.33233 0.379186482085407
40428.84465 0.382717353510612
40442.35696 0.388769499620618
40455.86927 0.396645565328573
40469.38159 0.404989769660481
40482.8939 0.412577531344798
40496.40622 0.418469480540335
40509.91853 0.421965967311194
40523.43085 0.422805355596053
40536.94316 0.421077084767765
40550.45547 0.416989069402713
40563.96779 0.411586370896677
40577.4801 0.405861726786522
40590.99242 0.400441995694718
40604.50473 0.395969672659621
40618.01705 0.392445689338088
40631.52936 0.389345710612031
40645.04168 0.385741316526788
40658.55399 0.379758480530389
40672.0663 0.36951630960415
40685.57862 0.353364164861034
40699.09093 0.330347943326893
40712.60325 0.30057548480162
40726.11556 0.264677227922494
40739.62788 0.224384203559376
40753.14019 0.184327423562556
40766.6525 0.147278229114415
40780.16482 0.114999573884779
40793.67713 0.0882712475070559
40807.18945 0.0670410768872808
40820.70176 0.0507305525272236
40834.21408 0.0385112428891018
40847.72639 0.0294207575580888
40861.23871 0.0226621500707092
40874.75102 0.0176189715312791
40888.26333 0.0138326721900287
40901.77565 0.0109856839477035
40915.28796 0.00881273994004538
40928.80028 0.00713518751271818
40942.31259 0.00582962444254799
40955.82491 0.00480399562666557
40969.33722 0.00398929297379322
40982.84953 0.0033379590064101
40996.36185 0.00281297703702487
41009.87416 0.00238518583061761
41023.38648 0.00203391031294928
41036.89879 0.00174464885616208
41050.41111 0.00150267315246666
41063.92342 0.00129847305121078
41077.43574 0.00112469891411257
41090.94805 0.000976966014130896
41104.46036 0.000851369201652991
41117.97268 0.000744396067672512
41131.48499 0.000652967855736676
41144.99731 0.000575344582178419
41158.50962 0.000509396403458752
41172.02194 0.000453575076381141
41185.53425 0.000406533782500254
41199.04657 0.000366312715719151
41212.55888 0.000331256666488113
41226.07119 0.000300730676207699
41239.58351 0.000273398943919758
41253.09582 0.000248400335174882
41266.60814 0.000225249334557082
41280.12045 0.000203626405704374
41293.63277 0.000183266637149063
41307.14508 0.000165167732983044
41320.65739 0.000149749862461363
41334.16971 0.000136001730585437
41347.68202 0.000123026370934563
41361.19434 0.000110373012878864
41374.70665 9.83136733282989e-05
41388.21897 8.75431001539427e-05
41401.73128 7.84274444243824e-05
41415.2436 7.05005769939327e-05
41428.75591 6.30536982364396e-05
41442.26822 5.53396432292384e-05
41455.78054 4.86557420000013e-05
41469.29285 4.30300815286905e-05
41482.80517 3.78509784031579e-05
41496.31748 3.38852034037997e-05
41509.8298 3.18188031027817e-05
41523.34211 3.15479363644262e-05
41536.85442 2.98441199795622e-05
41550.36674 2.71064982104596e-05
41563.87905 2.41898989554979e-05
41577.39137 2.14506649717812e-05
41590.90368 1.80646407952169e-05
41604.416 1.51267059017727e-05
41617.92831 1.36683037744807e-05
41631.44063 1.03343691223215e-05
41644.95294 9.74444393561597e-06
41658.46525 8.66524765979977e-06
41671.97757 7.51225762123983e-06
41685.48988 7.57048609878837e-06
41699.0022 8.1458598128521e-06
41712.51451 9.1592993571225e-06
41726.02683 9.58771623282183e-06
41739.53914 9.86567010455307e-06
41753.05146 1.04616423251417e-05
41766.56377 1.17616757682799e-05
41780.07608 1.3010011055531e-05
41793.5884 1.40570857293512e-05
41807.10071 1.52067963690167e-05
41820.61303 1.53093869874123e-05
41834.12534 1.43558788263773e-05
41847.63766 1.32321421935774e-05
41861.14997 1.27338373139269e-05
41874.66228 1.11289262662614e-05
41888.1746 9.1112848475548e-06
41901.68691 8.73112354275615e-06
41915.19923 8.21933074492119e-06
41928.71154 7.53239214549171e-06
41942.22386 5.14603682364818e-06
41955.73617 2.8748999416569e-06
41969.24849 3.59316404635406e-06
41982.7608 3.65520514923697e-06
41996.27311 3.98445975183996e-06
42009.78543 4.5194124881283e-06
42023.29774 4.96914213174191e-06
42036.81006 5.20345940502938e-06
42050.32237 5.76128015126363e-06
42063.83469 5.56270368873626e-06
42077.347 4.55994378978472e-06
42090.85931 4.44593001403371e-06
42104.37163 5.01892730523089e-06
42117.88394 4.86047439510626e-06
42131.39626 3.48716298574932e-06
42144.90857 4.15959620603565e-06
42158.42089 6.20414786919716e-06
42171.9332 7.55739431228743e-06
42185.44552 6.72913261511585e-06
42198.95783 5.19043432279049e-06
42212.47014 5.16875368351742e-06
42225.98246 6.08071123760137e-06
42239.49477 7.62906255526106e-06
42253.00709 8.75108122460752e-06
42266.5194 7.80364467535296e-06
42280.03172 6.47368975741804e-06
42293.54403 5.65738652398392e-06
42307.05634 6.02004063579133e-06
42320.56866 6.07710229875542e-06
42334.08097 4.94456357239204e-06
42347.59329 4.16131192096881e-06
42361.1056 3.90639975279e-06
42374.61792 4.10911947335087e-06
42388.13023 3.36876887456225e-06
42401.64255 2.52664431359819e-06
42415.15486 1.95878420410886e-06
42428.66717 1.56830672025498e-06
42442.17949 9.23950948926764e-07
42455.6918 1.65555835331262e-08
42469.20412 5.10449246875086e-09
42482.71643 8.65574495101613e-09
42496.22875 1.18355696847096e-06
42509.74106 2.09828849958674e-06
42523.25338 2.11071750140308e-06
42536.76569 1.39123418838001e-06
42550.278 7.94544901468689e-07
42563.79032 1.2019582945537e-06
42577.30263 2.59231338858441e-06
42590.81495 4.35907062023276e-06
42604.32726 6.97542418769101e-06
42617.83958 7.34520433930258e-06
42631.35189 5.69842158274563e-06
42644.8642 4.58130816259498e-06
42658.37652 4.34530515297704e-06
42671.88883 4.62875609290379e-06
42685.40115 4.59887644375378e-06
42698.91346 3.93002596025735e-06
42712.42578 3.19065862441741e-06
42725.93809 2.67722952836435e-06
42739.45041 2.80386435303652e-06
42752.96272 3.15747842964132e-06
42766.47503 4.00365938290679e-06
42779.98735 5.04273037756504e-06
42793.49966 5.85394528445614e-06
42807.01198 5.49711587041176e-06
42820.52429 4.68631272815992e-06
42834.03661 3.76227606308351e-06
42847.54892 5.07955347160398e-06
42861.06123 6.89391808690668e-06
42874.57355 7.27347604846031e-06
42888.08586 5.49114616479735e-06
42901.59818 3.2577086040155e-06
42915.11049 1.80027170392307e-06
42928.62281 1.73697870404784e-06
42942.13512 2.72271530836391e-06
42955.64744 3.22887556005889e-06
42969.15975 3.27790553752658e-06
42982.67206 3.28047213479173e-06
42996.18438 3.8405153257632e-06
43009.69669 4.17188393130323e-06
43023.20901 4.25851269902945e-06
43036.72132 4.67430703676044e-06
43050.23364 5.61019374893527e-06
43063.74595 4.70843771284261e-06
43077.25826 2.99486078014734e-06
43090.77058 1.32481327243521e-06
43104.28289 1.55925302417936e-06
43117.79521 1.92847147415333e-06
43131.30752 2.17034806052637e-06
43144.81984 2.32185421681812e-06
43158.33215 2.43201059587526e-06
43171.84447 2.48216188835725e-06
43185.35678 2.55376790426998e-06
43198.86909 2.91286039629642e-06
43212.38141 3.65920515188872e-06
43225.89372 4.07365643481203e-06
43239.40604 4.89287845575558e-06
43252.91835 5.87958804539498e-06
43266.43067 6.37824647557045e-06
43279.94298 6.47016273999386e-06
43293.4553 5.38120378518562e-06
43306.96761 4.1116124374484e-06
43320.47992 4.31751917244239e-06
43333.99224 5.70735005355212e-06
43347.50455 6.45210949823985e-06
43361.01687 6.10265684360407e-06
43374.52918 6.15243886305259e-06
43388.0415 5.58509195988824e-06
43401.55381 5.2330677132438e-06
43415.06612 5.25953194560509e-06
43428.57844 5.11161659563074e-06
43442.09075 4.96598129504023e-06
43455.60307 4.48719922985017e-06
43469.11538 4.73482068339377e-06
43482.6277 4.96182053290653e-06
43496.14001 5.29603191580483e-06
43509.65233 5.26405742826273e-06
43523.16464 4.61168094121827e-06
43536.67695 2.90003675887517e-06
43550.18927 1.02088446760673e-06
43563.70158 9.99818090222307e-09
43577.2139 1.98880150453758e-08
43590.72621 4.07550655549086e-07
43604.23853 2.03472272437008e-06
43617.75084 2.42048401750479e-06
43631.26315 2.48242830363472e-06
43644.77547 2.03015521236527e-06
43658.28778 1.67243680484164e-06
43671.8001 1.39927637321099e-06
43685.31241 1.4859632330281e-06
43698.82473 2.19334909802872e-06
43712.33704 3.14274656990318e-06
43725.84936 3.17331784363208e-06
43739.36167 2.68864790250703e-06
43752.87398 1.91498036799243e-06
43766.3863 2.23370084222313e-06
43779.89861 3.5098938142018e-06
43793.41093 3.48048766475509e-06
43806.92324 2.86555107899203e-06
43820.43556 2.77077154087633e-06
43833.94787 3.01217137818941e-06
43847.46018 3.65158492604116e-06
43860.9725 3.96154358293039e-06
43874.48481 2.9327070306157e-06
43887.99713 2.32469329306855e-06
43901.50944 1.31355843243082e-06
43915.02176 6.17669594221366e-07
43928.53407 3.91079628221941e-07
43942.04639 3.64872254811689e-07
43955.5587 8.95816748952806e-07
43969.07101 1.18294388605014e-06
43982.58333 2.16597038425551e-06
43996.09564 2.02413907898878e-06
44009.60796 1.67705713433216e-06
44023.12027 2.02723165442201e-06
44036.63259 2.19155194844387e-06
44050.1449 1.59850365009206e-06
44063.65722 7.77356017139366e-07
44077.16953 8.94567083880943e-07
44090.68184 1.17606027695131e-06
44104.19416 1.39477783481998e-06
44117.70647 1.8044432953927e-06
44131.21879 2.38908117049113e-06
44144.7311 3.02741547480676e-06
44158.24342 2.83176497158861e-06
44171.75573 2.16548001957438e-06
44185.26804 1.71736917885714e-06
44198.78036 1.59312948051904e-06
44212.29267 1.44412732069166e-06
44225.80499 1.04643760543848e-06
44239.3173 6.49316960390461e-07
44252.82962 4.01774198734087e-07
44266.34193 1.81229776596637e-07
44279.85425 1.23716524357733e-07
44293.36656 1.75283195999053e-07
44306.87887 6.34149405829241e-07
44320.39119 1.2684816381442e-06
44333.9035 1.54701746715839e-06
44347.41582 1.53441458529867e-06
44360.92813 2.44357598936461e-06
44374.44045 3.3290502478219e-06
44387.95276 3.80823236976504e-06
44401.46507 3.29444722718157e-06
44414.97739 2.6568539456589e-06
44428.4897 2.18386157013656e-06
44442.00202 2.11105643870911e-06
44455.51433 2.42346210458225e-06
44469.02665 2.59958996717361e-06
44482.53896 2.09097783622747e-06
44496.05128 1.63770379235975e-06
44509.56359 2.15505534456502e-06
44523.0759 3.61712317002711e-06
44536.58822 4.29851054635302e-06
44550.10053 3.35631361615676e-06
44563.61285 1.96317839636901e-06
44577.12516 9.29262876194469e-07
44590.63748 6.91677320214603e-07
44604.14979 5.13447098835707e-07
44617.66211 3.06123109641192e-07
44631.17442 4.80472638992589e-07
44644.68673 7.45077639055332e-07
44658.19905 1.41012478804054e-06
44671.71136 1.34793658846496e-06
44685.22368 8.30533991847742e-07
44698.73599 6.30234635076966e-07
44712.24831 1.53753846463546e-06
44725.76062 2.70329680881321e-06
44739.27293 4.92529428329906e-06
44752.78525 6.1184766527298e-06
44766.29756 6.80105557731644e-06
44779.80988 7.79966231906449e-06
44793.32219 8.7243579998981e-06
44806.83451 8.57354377505724e-06
44820.34682 7.81850567649847e-06
44833.85914 6.45234233244835e-06
44847.37145 5.72692291054435e-06
44860.88376 4.95872615634277e-06
44874.39608 5.0783562669771e-06
44887.90839 5.05165149227844e-06
44901.42071 4.95234411546896e-06
44914.93302 4.54700654299109e-06
44928.44534 7.69571476411855e-06
44941.95765 9.12841525749905e-06
44955.46996 9.23389642803393e-06
44968.98228 8.73317298845261e-06
44982.49459 7.85073510302073e-06
44996.00691 7.81871289102374e-06
45009.51922 8.36091212100984e-06
45023.03154 9.6633931956553e-06
45036.54385 1.04089329745221e-05
45050.05617 1.15454538016175e-05
45063.56848 1.14133085323299e-05
45077.08079 1.08622601802444e-05
45090.59311 1.04243606681235e-05
45104.10542 1.03994876580982e-05
45117.61774 1.07980157204456e-05
45131.13005 1.09147616215901e-05
45144.64237 9.81141858915503e-06
45158.15468 8.57943392538886e-06
45171.66699 8.06981046752413e-06
45185.17931 7.45647655214608e-06
45198.69162 7.63325252493708e-06
45212.20394 8.04444742745573e-06
45225.71625 1.06156834936175e-05
45239.22857 1.18140983985207e-05
45252.74088 1.19902752411955e-05
45266.2532 1.14930199068933e-05
45279.76551 1.0257346698979e-05
45293.27782 8.98505109120928e-06
45306.79014 8.88207702226438e-06
45320.30245 9.86797598832253e-06
45333.81477 1.08154709941371e-05
45347.32708 1.07152217923983e-05
45360.8394 9.55944824202381e-06
45374.35171 7.40709410647098e-06
45387.86403 5.44391739925252e-06
45401.37634 4.23024296001393e-06
45414.88865 3.84761049877297e-06
45428.40097 3.37035928630021e-06
45441.91328 3.24297957546776e-06
45455.4256 2.50751918039463e-06
45468.93791 1.54958562461266e-06
45482.45023 9.82086704969983e-07
45495.96254 1.46869711077024e-06
45509.47485 1.9431443507301e-06
45522.98717 3.85790058419189e-06
45536.49948 3.28154011965698e-06
45550.0118 1.37186939893007e-06
45563.52411 1.59197188493659e-06
45577.03643 1.61399094318017e-06
45590.54874 1.03688923154256e-06
45604.06106 3.06181360026861e-07
45617.57337 1.92592586561583e-07
45631.08568 3.53187840663545e-07
45644.598 1.24163262443675e-06
45658.11031 1.42501566542684e-06
45671.62263 3.37921811915365e-07
45685.13494 6.38458341265724e-07
45698.64726 1.94793990276254e-06
45712.15957 1.79698844727098e-06
45725.67188 1.73540313593805e-06
45739.1842 1.74931973991897e-06
45752.69651 8.13970967334198e-07
45766.20883 4.87499028048709e-07
45779.72114 1.03314474175602e-06
45793.23346 1.59911108656101e-06
45806.74577 2.35090389520613e-06
45820.25809 2.37006479590771e-06
45833.7704 1.49275638562512e-06
45847.28271 1.24268219383156e-06
45860.79503 1.61905569444613e-06
45874.30734 1.67190880005883e-06
45887.81966 1.72297378163378e-06
45901.33197 2.44059209699579e-06
45914.84429 3.68486868841905e-06
45928.3566 4.99927855407427e-06
45941.86891 5.36225949663034e-06
45955.38123 4.64225373614958e-06
45968.89354 4.25697288716317e-06
45982.40586 3.89278286014435e-06
45995.91817 3.45212283631824e-06
46009.43049 2.93866461525097e-06
46022.9428 2.5434713367654e-06
46036.45512 1.89307882181727e-06
46049.96743 1.65079369278334e-06
46063.47974 1.20207207805436e-06
46076.99206 3.15314814545824e-07
46090.50437 1.91067963551419e-06
46104.01669 2.67673492832706e-06
46117.529 2.59415999963406e-06
46131.04132 2.49131976523826e-06
46144.55363 2.47967131025476e-06
46158.06595 2.17707675316857e-06
46171.57826 1.99109631715152e-06
46185.09057 1.81634785035358e-06
46198.60289 1.93289481235728e-06
46212.1152 2.25861359542608e-06
46225.62752 2.4073593420023e-06
46239.13983 2.37067567620129e-06
46252.65215 2.38576862739661e-06
46266.16446 2.13339419422137e-06
46279.67677 1.23423082628918e-06
46293.18909 7.6349732686911e-07
46306.7014 3.2690325949059e-07
46320.21372 3.17752393105093e-07
46333.72603 4.83512523466831e-07
46347.23835 1.08647611497999e-06
46360.75066 2.22414659124076e-06
46374.26298 3.35360806427445e-06
46387.77529 3.35384807462959e-06
46401.2876 3.00685643435528e-06
46414.79992 2.7597984890401e-06
46428.31223 2.19990697157466e-06
46441.82455 1.24623707807668e-06
46455.33686 7.61506439703658e-07
46468.84918 1.54317650937887e-08
46482.36149 7.07248113890615e-09
46495.8738 1.9746691646513e-07
46509.38612 6.89078306659897e-07
46522.89843 1.646506373617e-06
46536.41075 2.55248497608307e-06
46549.92306 3.15501940506437e-06
46563.43538 3.09389013521293e-06
46576.94769 2.58432687629765e-06
46590.46001 1.70274979659767e-06
46603.97232 1.03918631351836e-06
46617.48463 1.03669236888126e-07
46630.99695 2.06307400822445e-07
46644.50926 2.19133477224923e-06
46658.02158 3.45878931223219e-06
46671.53389 4.12847221164074e-06
46685.04621 4.0658038808289e-06
46698.55852 3.57705163768583e-06
46712.07083 3.15714721114979e-06
46725.58315 3.15608425528816e-06
46739.09546 3.14859989121243e-06
46752.60778 3.10231009978563e-06
46766.12009 2.62353758010624e-06
46779.63241 2.46674943665195e-06
46793.14472 2.51947963495234e-06
46806.65704 2.99024329947825e-06
46820.16935 3.24658255900572e-06
46833.68166 3.27556621278823e-06
46847.19398 2.56091981294409e-06
46860.70629 2.09872186526259e-06
46874.21861 1.33665955191752e-06
46887.73092 4.89788045340395e-07
46901.24324 2.54761142671718e-07
46914.75555 7.69248043510475e-07
46928.26787 2.30913542237026e-06
46941.78018 3.70635159640704e-06
46955.29249 4.26415780425211e-06
46968.80481 4.31668489898777e-06
46982.31712 4.19767515541755e-06
46995.82944 2.63764769067326e-06
47009.34175 2.01154439168493e-06
47022.85407 1.3889347659957e-06
47036.36638 1.18030858144017e-06
47049.87869 1.239426961798e-06
47063.39101 1.70709665774052e-06
47076.90332 2.08426062544079e-06
47090.41564 2.34953635228604e-06
47103.92795 2.1944063548196e-06
47117.44027 2.51977454972461e-06
47130.95258 3.5797765450108e-06
47144.4649 3.93621103219244e-06
47157.97721 3.53743117242935e-06
47171.48952 2.98909885573379e-06
47185.00184 2.31718490548333e-06
47198.51415 2.02594891854867e-06
47212.02647 2.06483512602782e-06
47225.53878 1.53030740014681e-06
47239.0511 1.93139074586569e-06
47252.56341 1.86105724940184e-06
47266.07572 2.35925699115139e-06
47279.58804 2.18640421353022e-06
47293.10035 1.53298476852309e-06
47306.61267 1.20005398015236e-06
47320.12498 5.98196377960765e-07
47333.6373 7.50157860590058e-07
47347.14961 1.2002826602396e-06
47360.66193 1.21333652216887e-06
47374.17424 1.542384964543e-06
47387.68655 2.5193846124646e-06
47401.19887 3.13402030106226e-06
47414.71118 3.30208109898537e-06
47428.2235 2.52181862915162e-06
47441.73581 1.97779379767519e-06
47455.24813 2.8034823890601e-06
47468.76044 2.94782466659169e-06
47482.27276 2.68828850942692e-06
47495.78507 2.0189313968696e-06
47509.29738 2.27153470577792e-06
47522.8097 3.13357224202175e-06
47536.32201 4.27756210981054e-06
47549.83433 5.17759373738547e-06
47563.34664 5.62531638595894e-06
47576.85896 4.24518133847849e-06
47590.37127 2.8120855796738e-06
47603.88358 2.45077811543775e-06
47617.3959 2.19342517431579e-06
47630.90821 1.70573398800932e-06
47644.42053 1.07875988198058e-06
47657.93284 1.27255342051477e-06
47671.44516 1.97089772735982e-06
47684.95747 2.36079070289818e-06
47698.46979 2.63606067799793e-06
47711.9821 1.50225726099008e-06
47725.49441 1.87834953224418e-07
47739.00673 5.62385656204644e-07
47752.51904 2.12714386518424e-08
47766.03136 4.22756246481216e-09
47779.54367 4.22411358826831e-09
47793.05599 1.28793856964839e-08
47806.5683 3.73835705712042e-07
47820.08061 4.29821406972634e-07
47833.59293 1.16632391377688e-06
47847.10524 1.97751065941091e-06
47860.61756 2.71117394129673e-06
47874.12987 3.10797980811836e-06
47887.64219 2.58356889704933e-06
47901.1545 2.5185612589038e-06
47914.66682 2.66158382061821e-06
47928.17913 3.06608167196158e-06
47941.69144 3.41960651187253e-06
47955.20376 2.91574296915077e-06
47968.71607 1.91556327092779e-06
47982.22839 1.5949862450653e-06
47995.7407 1.13114562813419e-06
48009.25302 1.20739154172892e-06
48022.76533 1.16602569350452e-06
48036.27764 1.24164128563519e-06
48049.78996 2.32199421971763e-06
48063.30227 2.41342599646291e-06
48076.81459 2.17835758667718e-06
48090.3269 1.61467667893371e-06
48103.83922 1.66787480790816e-06
48117.35153 2.40745147664972e-06
48130.86385 3.23426548752328e-06
48144.37616 3.79932490947682e-06
48157.88847 3.80290179735191e-06
48171.40079 3.79923010576822e-06
48184.9131 3.72175862404337e-06
48198.42542 3.94922029779029e-06
48211.93773 4.29143962469854e-06
48225.45005 4.36970553292236e-06
48238.96236 3.96861885595422e-06
48252.47468 3.43848743256783e-06
48265.98699 2.81954249686882e-06
48279.4993 2.60018844574298e-06
48293.01162 2.70590399557201e-06
48306.52393 3.1503435409136e-06
48320.03625 5.53040219217064e-06
48333.54856 5.03804656472124e-06
48347.06088 3.81681578766214e-06
48360.57319 3.58550409579949e-06
48374.0855 3.76858048577694e-06
48387.59782 4.03892420268642e-06
48401.11013 3.82422553255125e-06
48414.62245 3.82913384852394e-06
48428.13476 4.10692287875305e-06
48441.64708 4.25934459988875e-06
48455.15939 4.79333740538464e-06
48468.67171 4.76253152692131e-06
48482.18402 4.42475167020876e-06
48495.69633 3.91384454985151e-06
48509.20865 3.94007397854047e-06
48522.72096 4.15964654264961e-06
48536.23328 2.61993900569412e-06
48549.74559 8.21195129168262e-07
48563.25791 4.91586925082123e-07
48576.77022 3.79701909085511e-07
48590.28253 1.48429084330086e-06
48603.79485 1.5420072828023e-06
48617.30716 4.30795530869281e-07
48630.81948 3.70091548187942e-07
48644.33179 1.62642616698126e-06
48657.84411 2.82540485767993e-06
48671.35642 3.23873674851693e-06
48684.86874 3.31512598210409e-06
48698.38105 2.65748192087254e-06
48711.89336 8.85353995999147e-07
48725.40568 1.06142853969279e-06
48738.91799 9.35323847892438e-07
48752.43031 8.42748474422021e-07
48765.94262 1.12197890984824e-06
48779.45494 1.85539828711619e-06
48792.96725 2.31896805808723e-06
48806.47956 2.96407094155623e-06
48819.99188 4.86144891225803e-06
48833.50419 5.23268951770951e-06
48847.01651 5.50049409932508e-06
48860.52882 5.01096407356715e-06
48874.04114 4.14225511419481e-06
48887.55345 3.73005338729579e-06
48901.06577 2.40952433954256e-06
48914.57808 1.30721224924336e-06
48928.09039 6.36632315886069e-07
48941.60271 1.03442163926744e-06
48955.11502 1.82939307531356e-06
48968.62734 2.15341411079522e-06
48982.13965 2.76894171846132e-06
48995.65197 2.42624603578921e-06
49009.16428 1.72363187324833e-06
49022.6766 1.73285417156945e-06
49036.18891 1.79941150679274e-06
49049.70122 2.26728896625455e-06
49063.21354 1.74095828819757e-06
49076.72585 1.47465669999081e-06
49090.23817 1.29597162875388e-06
49103.75048 7.84885772903203e-07
49117.2628 8.62122638972443e-07
49130.77511 1.1056414219461e-06
49144.28742 1.3876120998727e-06
49157.79974 1.79533128184989e-06
49171.31205 2.27575131288676e-06
49184.82437 2.7153330114436e-06
49198.33668 2.1796386697053e-06
49211.849 1.57332913920149e-06
49225.36131 4.75585522066177e-07
49238.87363 2.48324957960525e-07
49252.38594 4.58916087271356e-08
49265.89825 5.4490990090375e-08
49279.41057 2.82929680892745e-07
49292.92288 7.58565559041892e-07
49306.4352 1.50726276834193e-06
49319.94751 1.09343307009408e-06
49333.45983 6.67992118088806e-07
49346.97214 6.67350108525546e-07
49360.48445 9.90944024861689e-07
49373.99677 1.68284661177294e-06
49387.50908 2.14218613049492e-06
49401.0214 2.6360995172686e-06
49414.53371 2.41753396792316e-06
49428.04603 2.23502971347892e-06
49441.55834 1.90763908272194e-06
49455.07066 1.71898534057079e-06
49468.58297 1.49117967347382e-06
49482.09528 1.80810368228613e-06
49495.6076 3.86421464498396e-06
49509.11991 5.37049634177797e-06
49522.63223 6.82094185419234e-06
49536.14454 6.97966666529337e-06
49549.65686 6.33359264839141e-06
49563.16917 5.67684855084842e-06
49576.68148 3.65066180264025e-06
49590.1938 2.90612992392115e-06
49603.70611 2.0167088667211e-06
49617.21843 1.74325096249171e-06
49630.73074 2.01684036729219e-06
49644.24306 2.55907428453284e-06
49657.75537 3.07210098716912e-06
49671.26769 2.37809341900841e-06
49684.78 2.49584621628667e-06
49698.29231 2.39034387166757e-06
49711.80463 2.45604844265261e-06
49725.31694 2.62192070483634e-06
49738.82926 2.81746369402476e-06
49752.34157 2.8898305729176e-06
49765.85389 2.75353359163398e-06
49779.3662 3.09644743967087e-06
49792.87852 3.0661966261747e-06
49806.39083 3.52091935647607e-06
49819.90314 2.97348962652394e-06
49833.41546 1.94255500666999e-06
49846.92777 1.80801448405341e-06
49860.44009 2.2145161256885e-06
49873.9524 2.1179226247095e-06
49887.46472 2.20601490873081e-06
49900.97703 3.15431702850254e-06
49914.48934 4.32326198035947e-06
49928.00166 5.41058867547203e-06
49941.51397 5.50127044993596e-06
49955.02629 5.09509059207341e-06
49968.5386 4.50045907483414e-06
49982.05092 4.01520957183302e-06
49995.56323 4.36276282848998e-06
50009.07555 4.00502370311242e-06
50022.58786 3.25935942250989e-06
50036.10017 2.28667229638676e-06
50049.61249 1.88720682339668e-06
50063.1248 1.62953441383665e-06
50076.63712 1.47333907557274e-06
50090.14943 1.5560019825328e-06
50103.66175 1.52338273753524e-06
50117.17406 1.42756520227411e-06
50130.68637 1.33501644745065e-06
50144.19869 1.61607820258739e-06
50157.711 1.54555066730516e-06
50171.22332 1.28016653842918e-06
50184.73563 1.0384540909061e-06
50198.24795 9.61018971314257e-07
50211.76026 1.15679391769904e-06
50225.27258 1.19682033445148e-06
50238.78489 1.07278408822444e-06
50252.2972 6.91355905373521e-07
50265.80952 3.31192541044481e-07
50279.32183 2.62582321900933e-07
50292.83415 3.48791588798931e-07
50306.34646 5.22019480780102e-07
50319.85878 8.98413271046845e-07
50333.37109 1.07963878553552e-06
50346.88341 1.12952791775481e-06
50360.39572 1.27357797366487e-06
50373.90803 1.23963963763817e-06
50387.42035 1.28855342938479e-06
50400.93266 1.20877230720012e-06
50414.44498 1.14487076031834e-06
50427.95729 1.07597696001164e-06
50441.46961 9.59309238358099e-07
50454.98192 9.1969165022821e-07
50468.49423 9.56208106064072e-07
50482.00655 1.11696887142041e-06
50495.51886 1.18420901850731e-06
50509.03118 1.4468908737513e-06
50522.54349 1.43118029607511e-06
50536.05581 1.36088779337177e-06
50549.56812 1.33792318127912e-06
50563.08044 1.31552629916084e-06
50576.59275 1.22028376709769e-06
50590.10506 1.15382662794098e-06
50603.61738 1.11212689700766e-06
50617.12969 1.24320544183369e-06
50630.64201 1.5013972826602e-06
50644.15432 1.51873226827211e-06
50657.66664 1.47902236953145e-06
50671.17895 1.20893395704902e-06
50684.69126 9.78568910629979e-07
50698.20358 7.6245902605882e-07
50711.71589 6.65374249541975e-07
50725.22821 6.6063112084811e-07
50738.74052 7.17341660708658e-07
50752.25284 9.22588353644258e-07
50765.76515 1.01119887827545e-06
50779.27747 1.08542369837311e-06
50792.78978 9.86123057690208e-07
50806.30209 9.12944566237649e-07
50819.81441 8.18155471896533e-07
50833.32672 7.71226915369858e-07
50846.83904 7.56584087103359e-07
50860.35135 7.49961201907587e-07
50873.86367 7.21628299036333e-07
50887.37598 6.98310153731895e-07
50900.88829 6.72328673024121e-07
50914.40061 6.74684844478805e-07
50927.91292 6.94036023200253e-07
50941.42524 6.68697657208148e-07
50954.93755 6.42135568174176e-07
50968.44987 5.70963081475041e-07
50981.96218 4.95158961256077e-07
50995.4745 4.3720619861554e-07
