"wave" "response"
25003 0
550210 0
554790 2.804e-08
555560 8.4022e-08
557880 1.3947e-07
560220 2.778e-07
561010 3.8837e-07
563380 4.4196e-07
564170 3.5846e-07
566570 2.1941e-07
567380 1.0951e-07
568180 8.1951e-08
568990 2.7256e-08
574710 0
625980 0
1049900 0
1052600 1.3957e-08
1055400 2.7808e-08
1058200 5.5406e-08
1061000 9.6589e-08
1063800 2.3368e-07
1066700 4.1078e-07
1069500 3.8204e-07
1072400 1.6315e-07
1075300 2.7095e-08
1078200 2.0249e-07
1081100 3.7662e-07
1084000 3.4857e-07
1087000 5.0776e-07
1089900 1.5848e-06
1092900 5.429e-06
1095900 1.2343e-05
1098900 1.9926e-05
1101900 2.8206e-05
1105000 4.7839e-05
1108000 7.5856e-05
1111100 0.00010972
1114200 0.00015983
1117300 0.00024171
1120400 0.00032531
1123600 0.00042401
1126800 0.00054759
1129900 0.00072771
1133100 0.00095983
1136400 0.0012965
1139600 0.0016599
1142900 0.0019098
1146100 0.0021036
1149400 0.0024648
1152700 0.0028822
1156100 0.0031422
1159400 0.0033295
1162800 0.0037089
1166200 0.0042322
1169600 0.0049717
1173000 0.005869
1176500 0.006628
1179900 0.0075184
1183400 0.0088187
1186900 0.010335
1190500 0.012098
1194000 0.014257
1197600 0.016347
1201200 0.018724
1204800 0.021976
1208500 0.025577
1212100 0.029455
1215800 0.034086
1219500 0.0392
1223200 0.045013
1227000 0.05227
1230800 0.060363
1234600 0.068716
1238400 0.079074
1242200 0.091448
1246100 0.10385
1250000 0.118
1253900 0.13464
1257900 0.15107
1261800 0.16966
1265800 0.19154
1269800 0.21159
1273900 0.23298
1278000 0.25925
1282100 0.2823
1286200 0.30427
1290300 0.33164
1294500 0.35348
1298700 0.37091
1302900 0.39397
1307200 0.41252
1311500 0.42442
1315800 0.44127
1320100 0.45285
1324500 0.45315
1328900 0.4562
1333300 0.45823
1337800 0.45154
1342300 0.44816
1346800 0.44809
1351300 0.44204
1355900 0.44069
1360500 0.4486
1365200 0.45109
1369900 0.45399
1374600 0.46564
1379300 0.47045
1384100 0.47156
1388900 0.47923
1393700 0.48065
1398600 0.47669
1403500 0.48196
1408500 0.48296
1413400 0.47675
1418400 0.47882
1423500 0.48028
1428600 0.47379
1433700 0.47402
1438800 0.47573
1444000 0.46941
1449300 0.46819
1454600 0.47131
1459900 0.46947
1465200 0.4703
1470600 0.47575
1476000 0.47441
1481500 0.47407
1487000 0.48012
1492500 0.47897
1498100 0.47513
1503800 0.47924
1509400 0.47805
1515100 0.47228
1520900 0.47515
1526700 0.47495
1532600 0.46866
1538500 0.47132
1544400 0.47226
1550400 0.46558
1556400 0.46575
1562500 0.46568
1568600 0.45686
1574800 0.45365
1581000 0.45307
1587300 0.44334
1593600 0.43629
1600000 0.43426
1606400 0.42484
1612900 0.41627
1619400 0.41444
1626000 0.408
1632600 0.40008
1639300 0.39662
1646100 0.38917
1652900 0.37768
1659800 0.37249
1666700 0.36454
1673600 0.35323
1680700 0.34858
1687800 0.34514
1694900 0.3349
1702100 0.32971
1709400 0.32946
1716700 0.32347
1724100 0.32165
1731600 0.32317
1739100 0.31796
1746700 0.31429
1754400 0.31477
1762100 0.31025
1769900 0.30704
1777800 0.30771
1785700 0.30228
1793700 0.29729
1801800 0.29817
1809900 0.29674
1818200 0.29416
1826500 0.29676
1834900 0.29693
1843300 0.29133
1851800 0.2899
1860500 0.28952
1869200 0.28743
1877900 0.28819
1886800 0.28844
1895700 0.28324
1904800 0.27991
1913900 0.27746
1923100 0.27171
1932400 0.26681
1941800 0.26209
1951200 0.25093
1960800 0.23939
1970400 0.23249
1980200 0.22311
1990100 0.21281
2e+06 0.20509
2010100 0.19195
2020200 0.17803
2030500 0.16896
2040800 0.15721
2051300 0.14227
2061900 0.13174
2072500 0.12021
2083300 0.10483
2094200 0.094515
2105300 0.085632
2116400 0.076718
2127700 0.068746
2139000 0.060763
2150500 0.052566
2162200 0.04617
2173900 0.040527
2185800 0.034975
2197800 0.030387
2209900 0.026302
2222200 0.022542
2234600 0.019786
2247200 0.017453
2259900 0.014904
2272700 0.012806
2285700 0.011265
2298800 0.0096673
2312100 0.0081704
2325600 0.0070726
2339200 0.0061296
2352900 0.0053473
2366900 0.0046821
2381000 0.0040927
2395200 0.0035431
2409600 0.0031526
2424200 0.0027627
2439000 0.0023121
2454000 0.0020624
2469100 0.0018437
2484500 0.0015623
2500000 0.0013693
2515700 0.0012243
2531600 0.0010719
2547800 0.00095287
2564100 0.00086054
2580700 0.00075964
2597400 0.0006699
2614400 0.00059538
2631600 0.00050629
2649000 0.00043088
2666700 0.00037808
2684600 0.00031839
2702700 0.00025962
2721100 0.00022459
2739700 0.000192
2758600 0.00015878
2777800 0.00014022
2797200 0.0001272
2816900 0.0001078
2836900 9.1905e-05
2857100 8.0448e-05
2877700 6.7387e-05
2898600 5.3504e-05
2919700 4.6129e-05
2941200 3.6569e-05
2963000 3.0143e-05
2985100 3.3269e-05
3007500 3.513e-05
3030300 3.3408e-05
3053400 3.3464e-05
3076900 3.0035e-05
3100800 2.4304e-05
3125000 2.2995e-05
3149600 2.134e-05
3174600 1.7792e-05
3200000 1.6503e-05
3225800 1.4346e-05
3252000 1.0322e-05
3278700 8.2735e-06
3305800 6.7726e-06
3333300 4.493e-06
3361300 4.1097e-06
3389800 4.804e-06
3418800 4.4315e-06
3448300 4.6422e-06
3478300 5.9266e-06
3508800 7.2198e-06
3539800 8.4395e-06
3571400 9.4967e-06
3603600 8.5188e-06
3636400 6.3429e-06
3669700 5.1462e-06
3703700 3.3278e-06
3738300 9.3228e-07
3773600 1.4325e-07
3809500 1.3316e-07
3846100 1.237e-07
3883500 1.2111e-07
3921600 1.1612e-06
3960400 1.9247e-06
4e+06 3.0176e-06
4040400 4.0545e-06
4081600 4.0173e-06
4123700 3.8921e-06
4166700 3.8521e-06
4210500 2.9576e-06
4255300 2.1959e-06
4301100 1.8839e-06
4347800 1.1044e-06
4395600 5.0854e-07
4444400 4.276e-07
4494400 3.3308e-07
4545500 3.9655e-07
4597700 8.5075e-07
4651200 1.0477e-06
4705900 9.5336e-07
4761900 1.7909e-06
4819300 2.6139e-06
4878000 3.2247e-06
4938300 5.0407e-06
