"wave" "response" 
15101.218 0
15105 0.0068837636
15115.411 0.025835373
15125.822 0.048560563
15136.232 0.062264629
15146.643 0.084790409
15157.054 0.098689117
15167.465 0.11880806
15177.876 0.13299563
15188.287 0.15499053
15198.697 0.16956318
15209.108 0.19116537
15219.519 0.20613534
15229.93 0.22511569
15240.341 0.24078796
15250.752 0.26128507
15261.162 0.27758048
15271.573 0.29744686
15281.984 0.31363992
15292.395 0.33133076
15302.806 0.34896642
15313.216 0.36746194
15323.627 0.38575867
15334.038 0.40357959
15344.449 0.42114314
15354.86 0.43747099
15365.271 0.45714264
15375.681 0.47361777
15386.092 0.49394268
15396.503 0.50879822
15406.914 0.51455838
15417.325 0.5176859
15427.735 0.51969476
15438.146 0.52102546
15448.557 0.52192973
15458.968 0.52259063
15469.379 0.52310538
15479.79 0.52351873
15490.2 0.5238236
15500.611 0.52404865
15511.022 0.52423489
15521.433 0.52433681
15531.844 0.52442109
15542.255 0.52445816
15552.665 0.52447414
15563.076 0.52446305
15573.487 0.52443317
15583.898 0.52438762
15594.309 0.52432851
15604.719 0.52426086
15615.13 0.52418575
15625.541 0.52410683
15635.952 0.5240199
15646.363 0.5239297
15656.774 0.52383094
15667.184 0.52372947
15677.595 0.52361888
15688.006 0.52350613
15698.417 0.52340305
15708.828 0.52330158
15719.238 0.52321032
15729.649 0.52312012
15740.06 0.52304068
15750.471 0.52296179
15760.882 0.52289415
15771.293 0.52282708
15781.703 0.52277071
15792.114 0.52271547
15802.525 0.52267037
15812.936 0.52262695
15823.347 0.52259313
15833.758 0.52255931
15844.168 0.52252548
15854.579 0.52249166
15864.99 0.52245784
15875.401 0.52242401
15885.812 0.52239019
15896.222 0.52235249
15906.633 0.52230739
15917.044 0.52225787
15927.455 0.52220149
15937.866 0.52214014
15948.277 0.5220725
15958.687 0.52199932
15969.098 0.5219204
15979.509 0.52183541
15989.92 0.52174521
16000.331 0.52164146
16010.741 0.5215282
16021.152 0.52140027
16031.563 0.52126395
16041.974 0.52112727
16052.385 0.52099044
16062.796 0.52085323
16073.206 0.52071588
16083.617 0.52057813
16094.028 0.52044027
16104.439 0.52030199
16114.85 0.52016362
16125.261 0.52002479
16135.671 0.51988591
16146.082 0.51974655
16156.493 0.51960715
16166.904 0.51946725
16177.315 0.51932733
16187.725 0.51918691
16198.136 0.51904821
16208.547 0.51893085
16218.958 0.51881641
16229.369 0.51872262
16239.78 0.5186329
16250.19 0.51856269
16260.601 0.51849769
16271.012 0.51845106
16281.423 0.51841078
16291.834 0.51838772
16302.244 0.51837216
16312.655 0.51837268
16323.066 0.51838184
16333.477 0.51840593
16343.888 0.51843982
16354.299 0.51848747
16364.709 0.51854608
16375.12 0.51861731
16385.531 0.51870064
16395.942 0.51879545
16406.353 0.51889687
16416.764 0.51900346
16427.174 0.51911662
16437.585 0.51923398
16447.996 0.51934356
16458.407 0.51944913
16468.818 0.51954636
16479.228 0.51964014
16489.639 0.519725
16500.05 0.519807
16510.461 0.51987951
16520.872 0.51994971
16531.283 0.52000986
16541.693 0.52006828
16552.104 0.52011607
16562.515 0.52016271
16572.926 0.52020885
16583.337 0.52025497
16593.747 0.52030058
16604.158 0.52034617
16614.569 0.52039127
16624.98 0.52043636
16635.391 0.52048146
16645.802 0.5205282
16656.212 0.52058457
16666.623 0.52064313
16677.034 0.52071077
16687.445 0.52078115
16697.856 0.52086007
16708.267 0.52094228
16718.677 0.52103247
16729.088 0.5211265
16739.499 0.52122796
16749.91 0.52133381
16760.321 0.52144655
16770.731 0.52155436
16781.142 0.52165583
16791.553 0.52175182
16801.964 0.52184201
16812.375 0.52192618
16822.786 0.5220051
16833.196 0.52207087
16843.607 0.52212724
16854.018 0.52216937
16864.429 0.52220319
16874.84 0.52222167
16885.251 0.52223295
16895.661 0.52222778
16906.072 0.52221651
16916.483 0.52218769
16926.894 0.52215387
16937.305 0.52210141
16947.715 0.52204504
16958.126 0.52196893
16968.537 0.52189001
16978.948 0.52180067
16989.359 0.52171047
16999.77 0.52160931
17010.18 0.52150759
17020.591 0.52139485
17031.002 0.52128289
17041.413 0.52118142
17051.824 0.52107995
17062.234 0.52097847
17072.645 0.520877
17083.056 0.52077553
17093.467 0.52067406
17103.878 0.52057258
17114.289 0.52047111
17124.699 0.52036964
17135.11 0.52026817
17145.521 0.5201667
17155.932 0.52006522
17166.343 0.51996375
17176.754 0.51986228
17187.164 0.51976081
17197.575 0.51965934
17207.986 0.51955786
17218.397 0.51945639
17228.808 0.51935492
17239.218 0.51924716
17249.629 0.51913442
17260.04 0.51902167
17270.451 0.51890892
17280.862 0.51879617
17291.273 0.51868343
17301.683 0.51857068
17312.094 0.51845793
17322.505 0.51834519
17332.916 0.51823244
17343.327 0.51811969
17353.737 0.51800695
17364.148 0.5178942
17374.559 0.51778145
17384.97 0.5176687
17395.381 0.51755596
17405.792 0.51744321
17416.202 0.51733046
17426.613 0.51721772
17437.024 0.51710497
17447.435 0.51699222
17457.846 0.51688053
17468.257 0.51677905
17478.667 0.51667758
17489.078 0.51657611
17499.489 0.51647464
17509.9 0.51637317
17520.311 0.51627169
17530.721 0.51617022
17541.132 0.51606875
17551.543 0.51596728
17561.954 0.51586581
17572.365 0.51576433
17582.776 0.51566286
17593.186 0.51556139
17603.597 0.51545992
17614.008 0.51535844
17624.419 0.51525697
17634.83 0.5151555
17645.24 0.51505403
17655.651 0.51495256
17666.062 0.51484454
17676.473 0.51473179
17686.884 0.51462614
17697.295 0.51452467
17707.705 0.51443084
17718.116 0.51434064
17728.527 0.51425864
17738.938 0.51417972
17749.349 0.5141004
17759.76 0.51402096
17770.17 0.51394111
17780.581 0.51386116
17790.992 0.51378076
17801.403 0.5137003
17811.814 0.51361937
17822.224 0.5135384
17832.635 0.51345693
17843.046 0.51337544
17853.457 0.51329344
17863.868 0.51321141
17874.279 0.5131289
17884.689 0.51304501
17895.1 0.51295072
17905.511 0.51285447
17915.922 0.51274839
17926.333 0.51263978
17936.743 0.51252191
17947.154 0.51240713
17957.565 0.51230105
17967.976 0.51219864
17978.387 0.51210434
17988.798 0.51201429
17999.208 0.51193178
18009.619 0.51185409
18020.03 0.51178336
18030.441 0.51171803
18040.852 0.5116591
18051.263 0.51160613
18061.673 0.51155898
18072.084 0.51151838
18082.495 0.51148302
18092.906 0.51145477
18103.317 0.5114312
18113.727 0.51141531
18124.138 0.51140352
18134.549 0.5114
18144.96 0.5114
18155.371 0.5114
18165.782 0.5114
18176.192 0.51139059
18186.603 0.5113788
18197.014 0.51135703
18207.425 0.51133346
18217.836 0.51129933
18228.246 0.51126397
18238.657 0.51121747
18249.068 0.51117032
18259.479 0.51111147
18269.89 0.51105204
18280.301 0.51098132
18290.711 0.51090962
18301.122 0.51082814
18311.533 0.51074515
18321.944 0.51065291
18332.355 0.51055864
18342.766 0.51045563
18353.176 0.51035007
18363.587 0.5102363
18373.998 0.51012618
18384.409 0.51002522
18394.82 0.50992855
18405.23 0.5098404
18415.641 0.50975716
18426.052 0.50968182
18436.463 0.50961202
18446.874 0.50954949
18457.285 0.50949312
18467.695 0.50944341
18478.106 0.50940048
18488.517 0.50936358
18498.928 0.5093329
18509.339 0.50930676
18519.749 0.50928737
18530.16 0.509272
18540.571 0.50926389
18550.982 0.50925927
18561.393 0.50926245
18571.804 0.5092686
18582.214 0.50927396
18592.625 0.50927908
18603.036 0.50928337
18613.447 0.50928747
18623.858 0.50929067
18634.269 0.50929375
18644.679 0.50929588
18655.09 0.50929793
18665.501 0.50929899
18675.912 0.5093
18686.323 0.5093
18696.733 0.5093
18707.144 0.5093
18717.555 0.5093
18727.966 0.5093
18738.377 0.50929809
18748.788 0.50928631
18759.198 0.50927204
18769.609 0.50924846
18780.02 0.50921891
18790.431 0.50917228
18800.842 0.50911854
18811.253 0.50904884
18821.663 0.5089669
18832.074 0.50886287
18842.485 0.50874491
18852.896 0.50860654
18863.307 0.50844746
18873.717 0.50826347
18884.128 0.50805655
18894.539 0.50782695
18904.95 0.50757218
18915.361 0.50729697
18925.772 0.50698728
18936.182 0.50665466
18946.593 0.50630007
18957.004 0.50593362
18967.415 0.50554356
18977.826 0.50514328
18988.236 0.50473457
18998.647 0.50432302
19009.058 0.50390248
19019.469 0.50347965
19029.88 0.50306634
19040.291 0.50265479
19050.701 0.50224323
19061.112 0.50183167
19071.523 0.50144137
19081.934 0.50105237
19092.345 0.50068572
19102.756 0.50032018
19113.166 0.49997628
19123.577 0.49963649
19133.988 0.49933872
19144.399 0.49904413
19154.81 0.49876943
19165.22 0.49849903
19175.631 0.49824739
19186.042 0.49799853
19196.453 0.49775868
19206.864 0.49752218
19217.275 0.49729411
19227.685 0.49706622
19238.096 0.49683867
19248.507 0.49661562
19258.918 0.49639986
19269.329 0.49618432
19279.739 0.49596907
19290.15 0.49575406
19300.561 0.49553932
19310.972 0.49532486
19321.383 0.49511063
19331.794 0.4948899
19342.204 0.4946644
19352.615 0.49444596
19363.026 0.49423173
19373.437 0.49401716
19383.848 0.49380242
19394.259 0.49358732
19404.669 0.49337207
19415.08 0.49315682
19425.491 0.49294157
19435.902 0.49272632
19446.313 0.49251107
19456.723 0.49230562
19467.134 0.49210165
19477.545 0.4918972
19487.956 0.49169272
19498.367 0.49148773
19508.778 0.49128273
19519.188 0.49107721
19529.599 0.49087167
19540.01 0.49066564
19550.421 0.49045828
19560.832 0.49024047
19571.242 0.49002274
19581.653 0.48980544
19592.064 0.48958825
19602.475 0.48937146
19612.886 0.48915454
19623.297 0.48893724
19633.707 0.48871978
19644.118 0.48850197
19654.529 0.48827995
19664.94 0.48805034
19675.351 0.48782553
19685.762 0.48760772
19696.172 0.48739014
19706.583 0.48717284
19716.994 0.4869558
19727.405 0.48673901
19737.816 0.48648456
19748.226 0.48619961
19758.637 0.48587836
19769.048 0.48553306
19779.459 0.48515929
19789.87 0.48477146
19800.281 0.48435495
19810.691 0.48393021
19821.102 0.48347584
19831.513 0.48301479
19841.924 0.4825324
19852.335 0.48203854
19862.745 0.48153444
19873.156 0.48068022
19883.567 0.47960395
19893.978 0.47822455
19904.389 0.47643595
19914.8 0.47421576
19925.21 0.4712777
19935.621 0.46690033
19946.032 0.45905564
19956.443 0.45103221
19966.854 0.43560999
19977.265 0.42016606
19987.675 0.40336598
19998.086 0.38957735
20008.497 0.37198462
20018.908 0.35796636
20029.319 0.34119188
20039.729 0.32634154
20050.14 0.30904938
20060.551 0.29646714
20070.962 0.27915032
20081.373 0.2645223
20091.784 0.24706833
20102.194 0.23472652
20112.605 0.21728232
20123.016 0.20271494
20133.427 0.18528482
20143.838 0.17279511
20154.248 0.15546844
20164.659 0.1406628
20175.07 0.12377492
20185.481 0.10992505
20195.892 0.092182867
20206.303 0.078511314
20216.713 0.061635159
20227.124 0.046281587
20237.535 0.03074945
20247.946 0.026293578
20258.357 0.023032478
20268.768 0.019771379
20279.178 0.01651028
20289.589 0.013249181
20300 0.0099880814
20331.886 0
