"wave" "response"
5502.99987792969 4.94566546266309e-11
5512.99987792969 3.11663444817705e-10
5522.99987792969 3.72010944266144e-11
5532.99987792969 1.10486196779839e-10
5542.99987792969 7.7851612829905e-10
5552.99987792969 7.78090662428536e-10
5562.99987792969 3.9700973806424e-10
5572.99987792969 2.87890589557004e-10
5582.99987792969 1.99219573138809e-10
5592.99987792969 9.90748330969861e-13
5602.99987792969 1.15531086460804e-12
5612.99987792969 1.08962464521801e-09
5622.99987792969 4.73356142997688e-11
5632.99987792969 4.7480348064273e-10
5642.99987792969 4.77849567975731e-10
5652.99987792969 6.01345305095993e-10
5662.99987792969 3.2183928419349e-10
5672.99987792969 9.26436444563917e-11
5682.99987792969 1.442365246094e-09
5692.99987792969 1.00742657845299e-10
5702.99987792969 1.2469279485122e-09
5712.99987792969 2.75674739844252e-10
5722.99987792969 1.12308916945309e-09
5732.99987792969 1.46540874159778e-09
5742.99987792969 2.98161538751348e-09
5752.99987792969 1.2642580152353e-09
5762.99987792969 9.28060143225341e-10
5772.99987792969 4.13962147849211e-10
5782.99987792969 4.70099523233714e-10
5792.99987792969 1.81909947006039e-09
5802.99987792969 5.25426495340759e-11
5812.99987792969 7.02247381551404e-09
5822.99987792969 8.12450999953885e-10
5832.99987792969 2.75954979934756e-09
5842.99987792969 5.67658803556137e-09
5852.99987792969 1.40400309356275e-09
5862.99987792969 2.2449501833911e-09
5872.99987792969 3.88853822989172e-10
5882.99987792969 2.44335098175281e-09
5892.99987792969 2.27020972556313e-10
5902.99987792969 2.11836872350635e-09
5912.99987792969 2.6616967012114e-09
5922.99987792969 7.29355141499284e-09
5932.99987792969 3.32993125646145e-09
5942.99987792969 1.93372878579306e-09
5952.99987792969 3.46270879717096e-09
5962.99987792969 5.65809531772724e-09
5972.99987792969 1.39494374959329e-09
5982.99987792969 4.78457781173241e-09
5992.99987792969 5.45505897705988e-10
6002.99987792969 2.4304672353386e-09
6012.99987792969 7.96805197449643e-09
6022.99987792969 7.42702193710452e-09
6032.99987792969 2.04323675598402e-09
6042.99987792969 4.98990718244083e-09
6052.99987792969 5.44978473106561e-09
6062.99987792969 6.15845350240849e-10
6072.99987792969 5.9961551409069e-09
6082.99987792969 4.04749959253802e-09
6092.99987792969 1.18706177473655e-11
6102.99987792969 1.27720011987581e-08
6112.99987792969 1.51104065286394e-08
6122.99987792969 8.22767632177805e-09
6132.99987792969 5.1576572357224e-09
6142.99987792969 1.20098238916187e-08
6152.99987792969 4.3512577407503e-09
6162.99987792969 7.58605953174811e-09
6172.99987792969 4.66888115947333e-09
6182.99987792969 1.17345510122233e-08
6192.99987792969 2.02744255516165e-08
6202.99987792969 2.42934067566172e-08
6212.99987792969 2.40766046568195e-08
6222.99987792969 2.40185902171285e-08
6232.99987792969 2.01612481874024e-08
6242.99987792969 1.19318377589152e-08
6252.99987792969 2.24283268030368e-08
6262.99987792969 2.64284063197187e-08
6272.99987792969 1.69730653235086e-08
6282.99987792969 3.79565556916674e-08
6292.99987792969 4.11770178703786e-08
6302.99987792969 3.94610397135234e-08
6312.99987792969 6.78854621496317e-08
6322.99987792969 6.99172688978409e-08
6332.99987792969 7.13947976843128e-08
6342.99987792969 8.24429486418709e-08
6352.99987792969 8.10506803033404e-08
6362.99987792969 9.53471965620712e-08
6372.99987792969 7.65363775472897e-08
6382.99987792969 1.08035499735015e-07
6392.99987792969 1.4209082419467e-07
6402.99987792969 1.58609188321119e-07
6412.99987792969 1.88235007210929e-07
6422.99987792969 1.97573576235931e-07
6432.99987792969 2.05749233413519e-07
6442.99987792969 1.77680770989223e-07
6452.99987792969 1.52235150472891e-07
6462.99987792969 1.28926241065229e-07
6472.99987792969 1.07662752976532e-07
6482.99987792969 1.18520828384379e-07
6492.99987792969 1.12109840771735e-07
6502.99987792969 1.07421644238977e-07
6512.99987792969 1.13501678982364e-07
6522.99987792969 1.03420670875118e-07
6532.99987792969 9.08783265489009e-08
6542.99987792969 4.62359326770418e-08
6552.99987792969 5.45162088949117e-08
6562.99987792969 5.17157565673042e-08
6572.99987792969 4.91875656735501e-08
6582.99987792969 5.61614509533052e-08
6592.99987792969 6.82893939777909e-08
6602.99987792969 3.37165017345269e-08
6612.99987792969 5.32070149788868e-08
6622.99987792969 2.89308759993203e-08
6632.99987792969 2.93307286829381e-08
6642.99987792969 2.47329995127277e-08
6652.99987792969 2.32192205670663e-08
6662.99987792969 3.00817000892895e-08
6672.99987792969 4.44047826522265e-08
6682.99987792969 5.81111991872749e-09
6692.99987792969 9.97435151913153e-09
6702.99987792969 2.75578060151411e-08
6712.99987792969 4.48414562609002e-08
6722.99987792969 3.13884046703152e-08
6732.99987792969 3.21439992786689e-08
6742.99987792969 3.73091161142287e-08
6752.99987792969 1.0827655562473e-08
6762.99987792969 1.49580647986646e-08
6772.99987792969 3.71357729031106e-08
6782.99987792969 1.36816746632145e-08
6792.99987792969 3.45976702450372e-08
6802.99987792969 3.74294642327626e-08
6812.99987792969 2.52027171369737e-08
6822.99987792969 2.3234529250606e-08
6832.99987792969 3.35158345726063e-08
6842.99987792969 3.08621563564266e-08
6852.99987792969 4.10845797537805e-08
6862.99987792969 1.78645177548277e-08
6872.99987792969 2.33455044255734e-08
6882.99987792969 3.73116391777054e-08
6892.99987792969 5.57670059676553e-08
6902.99987792969 3.43741040127918e-08
6912.99987792969 3.36247786939653e-08
6922.99987792969 4.11395052978341e-08
6932.99987792969 6.74775101172916e-08
6942.99987792969 2.3853994696997e-08
6952.99987792969 3.98075700979204e-08
6962.99987792969 1.20808995702261e-08
6972.99987792969 9.76121032058789e-09
6982.99987792969 3.33110420784354e-08
6992.99987792969 1.63661304648874e-08
7002.99987792969 2.06753185393453e-08
7012.99987792969 8.19917217424457e-09
7022.99987792969 9.56267792730352e-10
7032.99987792969 2.71891032618692e-08
7042.99987792969 1.49315742458117e-08
7052.99987792969 3.3570810578834e-08
7062.99987792969 1.90046448299099e-08
7072.99987792969 1.234550391167e-08
7082.99987792969 1.14777234448287e-08
7092.99987792969 4.05887900870297e-08
7102.99987792969 1.02212599352816e-08
7112.99987792969 2.9267672095774e-08
7122.99987792969 2.70598046096537e-08
7132.99987792969 1.05837037724245e-08
7142.99987792969 2.64505607385067e-08
7152.99987792969 1.98860775968916e-08
7162.99987792969 1.65732748333484e-08
7172.99987792969 1.99296369123484e-08
7182.99987792969 1.89036221630513e-08
7192.99987792969 1.26467269073267e-08
7202.99987792969 3.08007403571477e-08
7212.99987792969 2.6454287175165e-08
7222.99987792969 1.70338439529324e-08
7232.99987792969 1.43852051808831e-08
7242.99987792969 5.75010255889196e-08
7252.99987792969 1.94904767584763e-08
7262.99987792969 2.5373747117262e-08
7272.99987792969 6.73896279313381e-09
7282.99987792969 1.15671613198285e-08
7292.99987792969 3.33224645985549e-08
7302.99987792969 1.91136201872586e-08
7312.99987792969 1.01738913865405e-08
7322.99987792969 3.73561330391336e-08
7332.99987792969 1.5021557440105e-08
7342.99987792969 1.93918657991029e-08
7352.99987792969 2.07652941153804e-08
7362.99987792969 6.18637384276488e-09
7372.99987792969 2.3148509796769e-08
7382.99987792969 3.51642661502729e-08
7392.99987792969 2.45782491727954e-08
7402.99987792969 3.53191681847355e-08
7412.99987792969 7.57490954508706e-08
7422.99987792969 3.62670138178496e-08
7432.99987792969 2.07850128008418e-08
7442.99987792969 1.49837450747137e-08
7452.99987792969 5.80083341590407e-09
7462.99987792969 5.84579870248846e-08
7472.99987792969 2.03001107324958e-08
7482.99987792969 3.62966338430675e-08
7492.99987792969 5.04837285448274e-09
7502.99987792969 4.90599661647973e-08
7512.99987792969 3.99837068492541e-08
7522.99987792969 5.23483066547348e-08
7532.99987792969 3.81097186352377e-08
7542.99987792969 3.25290957424701e-08
7552.99987792969 3.39188159654094e-08
7562.99987792969 3.38637588206515e-08
7572.99987792969 1.77834134065851e-08
7582.99987792969 4.78085561347272e-08
7592.99987792969 2.4930055396901e-08
7602.99987792969 3.08782235218848e-08
7612.99987792969 4.62225343439314e-08
7622.99987792969 4.91106306480586e-08
7632.99987792969 2.81131288904978e-08
7642.99987792969 5.5664180393253e-08
7652.99987792969 2.87924588072265e-08
7662.99987792969 5.19548949084053e-08
7672.99987792969 5.70203358236107e-08
7682.99987792969 4.22557677207625e-08
7692.99987792969 4.2302575316835e-08
7702.99987792969 8.46042461161391e-08
7712.99987792969 4.5263338696632e-08
7722.99987792969 3.52244924662496e-08
7732.99987792969 6.37343552857569e-08
7742.99987792969 5.5439588926209e-08
7752.99987792969 6.82947988726056e-08
7762.99987792969 5.94737342044028e-08
7772.99987792969 6.27764166681814e-08
7782.99987792969 7.59861408254046e-08
7792.99987792969 8.49886386108955e-08
7802.99987792969 9.00145239821821e-08
7812.99987792969 7.6589335329068e-08
7822.99987792969 5.04469110377468e-08
7832.99987792969 3.03141094676801e-08
7842.99987792969 5.35518100991927e-08
7852.99987792969 3.42249265061697e-08
7862.99987792969 2.73435895935021e-08
7872.99987792969 3.89376837935308e-08
7882.99987792969 6.21169536186335e-08
7892.99987792969 6.89457049244581e-08
7902.99987792969 4.45715014622247e-08
7912.99987792969 6.68586280291288e-08
7922.99987792969 6.07878290922438e-08
7932.99987792969 3.50568084871964e-08
7942.99987792969 1.06379567515733e-07
7952.99987792969 1.11531395364206e-07
7962.99987792969 7.07956050257716e-08
7972.99987792969 7.67301436779992e-08
7982.99987792969 5.16970526970137e-08
7992.99987792969 5.76040600364614e-08
8002.99987792969 8.66736695113105e-08
8012.99987792969 4.620732090543e-08
8022.99987792969 6.46443026503579e-08
8032.99987792969 8.18642104817962e-08
8042.99987792969 4.24946569029216e-08
8052.99987792969 5.66340466012347e-08
8062.99987792969 9.76331312103014e-08
8072.99987792969 6.82081427015681e-08
8082.99987792969 6.57281315699541e-08
8092.99987792969 1.77704302747016e-08
8102.99987792969 7.34341637423804e-08
8112.99987792969 7.69276035596009e-08
8122.99987792969 4.73393588726333e-08
8132.99987792969 4.03984657190367e-08
8142.99987792969 1.41202836120175e-07
8152.99987792969 1.03387107526525e-07
8162.99987792969 8.78877271976371e-08
8172.99987792969 4.94443505607947e-08
8182.99987792969 3.81161094407861e-08
8192.99987792969 5.39817740376723e-08
8202.99987792969 4.63469942761883e-08
8212.99987792969 8.84488054920673e-08
8222.99987792969 4.43928948542214e-08
8232.99987792969 2.8739975487617e-08
8242.99987792969 4.72783283735558e-08
8252.99987792969 6.85799972465584e-08
8262.99987792969 1.129775888574e-07
8272.99987792969 5.33813911539656e-08
8282.99987792969 5.8214950085007e-08
8292.99987792969 5.07336663644561e-08
8302.99987792969 7.81381748971623e-08
8312.99987792969 4.88011734211291e-08
8322.99987792969 5.76947276087479e-08
8332.99987792969 3.66720404174208e-08
8342.99987792969 8.82296409456223e-08
8352.99987792969 4.97627872501993e-08
8362.99987792969 7.2359713397616e-08
8372.99987792969 1.66148084757477e-08
8382.99987792969 4.48434981552899e-08
8392.99987792969 7.63016342359965e-08
8402.99987792969 5.1679781403719e-08
8412.99987792969 6.847752688474e-08
8422.99987792969 5.18800797688612e-08
8432.99987792969 7.56383185040996e-08
8442.99987792969 1.0454186224375e-07
8452.99987792969 7.94780685599275e-08
8462.99987792969 8.89479137460256e-08
8472.99987792969 8.04756389029759e-08
8482.99987792969 8.09807975561032e-08
8492.99987792969 1.17764256587283e-07
8502.99987792969 8.12636328592639e-08
8512.99987792969 7.39049571351807e-08
8522.99987792969 7.33220797205184e-08
8532.99987792969 7.13088108928119e-08
8542.99987792969 9.36290294636315e-08
8552.99987792969 1.36865872374976e-07
8562.99987792969 1.51344313549986e-07
8572.99987792969 1.53568267840234e-07
8582.99987792969 1.30228569715798e-07
8592.99987792969 1.45436510492705e-07
8602.99987792969 1.52740938694899e-07
8612.99987792969 2.60451925225945e-07
8622.99987792969 2.15476736494181e-07
8632.99987792969 3.15863407780955e-07
8642.99987792969 2.92217550893638e-07
8652.99987792969 3.18408737882098e-07
8662.99987792969 1.41858634726274e-07
8672.99987792969 5.89606680786522e-08
8682.99987792969 2.54242676475614e-07
8692.99987792969 5.01265526715713e-08
8702.99987792969 3.11406315136406e-08
8712.99987792969 7.58579547346497e-08
8722.99987792969 7.1670383857772e-08
8732.99987792969 6.66522021888579e-08
8742.99987792969 4.85752415567714e-08
8752.99987792969 2.05897946809616e-07
8762.99987792969 2.42276596975838e-07
8772.99987792969 7.70072888540077e-07
8782.99987792969 1.06461698783959e-07
8792.99987792969 1.12056088261043e-07
8802.99987792969 5.93294054914224e-07
8812.99987792969 4.13478331884385e-07
8822.99987792969 6.26416856466588e-07
8832.99987792969 6.53128608286206e-07
8842.99987792969 3.10641621990299e-11
8852.99987792969 8.29098140585137e-08
8862.99987792969 2.37658885506553e-07
8872.99987792969 1.25886811251709e-06
8882.99987792969 1.2089803766474e-06
8892.99987792969 2.90695115565791e-07
8902.99987792969 1.96204808558188e-08
8912.99987792969 3.09800558695746e-07
8922.99987792969 4.19947254523312e-08
8932.99987792969 1.69080824513443e-06
8942.99987792969 1.84765260040387e-06
8952.99987792969 1.46141076050929e-06
8962.99987792969 2.83447825119432e-06
8972.99987792969 3.67052954119213e-06
8982.99987792969 4.12646072761813e-06
8992.99987792969 2.68903458420601e-06
9002.99987792969 1.85614201325584e-06
9012.99987792969 3.09063198530144e-06
9022.99987792969 2.55413054410675e-06
9032.99987792969 2.74099095903994e-06
9042.99987792969 2.67178377727144e-06
9052.99987792969 1.44527833687064e-06
9062.99987792969 3.40696886835207e-06
9072.99987792969 2.45382900592571e-06
9082.99987792969 1.98543220180148e-06
9092.99987792969 2.34449214753248e-06
9102.99987792969 2.12748001671285e-06
9112.99987792969 2.68285909257236e-06
9122.99987792969 2.00649412504703e-06
9132.99987792969 2.18948843374184e-06
9142.99987792969 2.22067035028066e-06
9152.99987792969 2.39216716886908e-06
9162.99987792969 2.05150393585189e-06
9172.99987792969 2.61462761051227e-06
9182.99987792969 2.33632003288201e-06
9192.99987792969 2.17289149930227e-06
9202.99987792969 1.23967706375808e-06
9212.99987792969 2.08478257134827e-06
9222.99987792969 1.58101701046638e-06
9232.99987792969 1.80986998634694e-06
9242.99987792969 1.66258961029997e-06
9252.99987792969 1.71426879406965e-06
9262.99987792969 1.54562261187361e-06
9272.99987792969 2.2635116161888e-06
9282.99987792969 1.48319122910696e-06
9292.99987792969 1.09418967947265e-06
9302.99987792969 1.54121637254198e-06
9312.99987792969 2.3775404470171e-06
9322.99987792969 1.16339317590793e-06
9332.99987792969 2.04348668531666e-06
9342.99987792969 1.08329958612027e-06
9352.99987792969 2.00791716875787e-06
9362.99987792969 1.98635958428506e-06
9372.99987792969 1.90025050776654e-06
9382.99987792969 1.63339862791605e-06
9392.99987792969 1.58459704368505e-06
9402.99987792969 1.86926043785158e-06
9412.99987792969 1.64604383117808e-06
9422.99987792969 8.26225529514541e-07
9432.99987792969 1.8858972231867e-06
9442.99987792969 1.73774865944068e-06
9452.99987792969 1.15645425792762e-06
9462.99987792969 1.75489572852245e-06
9472.99987792969 1.45965688162402e-06
9482.99987792969 1.16883968956949e-06
9492.99987792969 2.03602068879832e-06
9502.99987792969 2.02007550498616e-06
9512.99987792969 1.24433353692199e-06
9522.99987792969 1.57154526232787e-06
9532.99987792969 1.40266964765115e-06
9542.99987792969 1.42242698514246e-06
9552.99987792969 1.39335610665883e-06
9562.99987792969 9.07916813824938e-07
9572.99987792969 8.61928437723316e-07
9582.99987792969 1.32425110808187e-06
9592.99987792969 1.23823250624492e-06
9602.99987792969 1.5305155453415e-06
9612.99987792969 1.25516207990922e-06
9622.99987792969 1.33663638615743e-06
9632.99987792969 1.38747761438606e-06
9642.99987792969 1.26929745263996e-06
9652.99987792969 1.18177162983792e-06
9662.99987792969 1.57358130460919e-06
9672.99987792969 1.10981181647224e-06
9682.99987792969 1.4590132643651e-06
9692.99987792969 7.0469947812479e-07
9702.99987792969 8.72448169964277e-07
9712.99987792969 1.25036278968419e-06
9722.99987792969 1.10000687060301e-06
9732.99987792969 9.75229258533971e-07
9742.99987792969 1.19341928439524e-06
9752.99987792969 1.11460717718691e-06
9762.99987792969 1.01960305290011e-06
9772.99987792969 1.10202449639706e-06
9782.99987792969 1.13461844678798e-06
9792.99987792969 1.21264074705269e-06
9802.99987792969 7.14663672651398e-07
9812.99987792969 1.05860470492763e-06
9822.99987792969 1.03464285483859e-06
9832.99987792969 1.24474860913364e-06
9842.99987792969 1.13546306331302e-06
9852.99987792969 8.34759449775804e-07
9862.99987792969 9.76756857222416e-07
9872.99987792969 1.10452131470399e-06
9882.99987792969 9.60908596538994e-07
9892.99987792969 7.0156853158413e-07
9902.99987792969 1.20670733085931e-06
9912.99987792969 9.40586612053015e-07
9922.99987792969 1.33141807791469e-06
9932.99987792969 9.90477356980106e-07
9942.99987792969 1.00866305041907e-06
9952.99987792969 6.93753408982187e-07
9962.99987792969 9.98487053381051e-07
9972.99987792969 9.5370044220637e-07
9982.99987792969 8.15914370083331e-07
9992.99987792969 7.30586970924594e-07
10002.9998779297 8.00620060857955e-07
10012.9998779297 1.1831805726142e-06
10022.9998779297 1.21958135415214e-06
10032.9998779297 1.11429545995019e-06
10042.9998779297 8.7333260671941e-07
10052.9998779297 1.44716328024143e-06
10062.9998779297 1.04570966143463e-06
10072.9998779297 8.97470709785362e-07
10082.9998779297 9.07628401476387e-07
10092.9998779297 6.9905750617973e-07
10102.9998779297 8.48318766824976e-07
10112.9998779297 9.48661317462169e-07
10122.9998779297 9.06940715393993e-07
10132.9998779297 7.21231462761402e-07
10142.9998779297 8.00906580326669e-07
10152.9998779297 7.04967173190274e-07
10162.9998779297 7.49261729962341e-07
10172.9998779297 7.35181904776464e-07
10182.9998779297 1.00605631058372e-06
10192.9998779297 8.10637471849122e-07
10202.9998779297 8.27000248595225e-07
10212.9998779297 1.03418105465308e-06
10222.9998779297 9.80010091446024e-07
10232.9998779297 8.25162816667437e-07
10243.0004882812 8.00450236727666e-07
10253.0004882812 8.35164285177043e-07
10263.0004882812 1.07216214674588e-06
10273.0004882812 7.52388124705511e-07
10283.0004882812 9.61829523588958e-07
10293.0004882812 1.0762514995164e-06
10303.0004882813 1.01908187403345e-06
10313.0004882812 6.42075149188804e-07
10323.0004882813 6.90131782491456e-07
10333.0004882812 5.55229760105567e-07
10343.0004882813 9.86291549954596e-07
10353.0004882812 7.59676866108906e-07
10363.0004882813 7.80023843461776e-07
10373.0004882812 9.70873295083774e-07
10383.0004882813 1.02759684231863e-06
10393.0004882812 9.39660710540729e-07
10403.0004882813 1.22933630463941e-06
10413.0004882812 1.20636315324122e-06
10423.0004882813 1.09978230362337e-06
10433.0004882812 1.14853340325415e-06
10443.0004882813 1.11512981168043e-06
10453.0004882812 1.07501972533124e-06
10463.0004882813 8.05957583380418e-07
10473.0004882812 1.27831512725383e-06
10483.0004882813 1.388089601256e-06
10493.0004882812 1.4476946004962e-06
10503.0004882813 1.20889476640703e-06
10513.0004882812 1.44791115045827e-06
10523.0004882812 1.40477697390577e-06
10533.0004882812 1.37128296132763e-06
10543.0004882812 1.62388234319518e-06
10553.0004882812 1.45080819039745e-06
10563.0004882812 1.64024377931366e-06
10573.0004882812 1.46248500718813e-06
10583.0004882812 1.78546640320436e-06
10593.0004882812 1.47360369800908e-06
10603.0004882812 1.51956630939822e-06
10613.0004882812 1.78252763349841e-06
10623.0004882812 1.66047677481235e-06
10633.0004882812 1.48233318544536e-06
10643.0004882812 2.120853039174e-06
10653.0004882812 1.37686879337855e-06
10663.0004882812 1.72826484486455e-06
10673.0004882812 1.44390972603355e-06
10683.0004882812 9.99575845868465e-07
10693.0004882812 1.5222445698929e-06
10703.0004882812 1.51323623335548e-06
10713.0004882812 1.49439309215244e-06
10723.0004882812 1.55944637296109e-06
10733.0004882812 1.45222667175494e-06
10743.0004882812 1.33322938441232e-06
10753.0004882812 1.59764731818111e-06
10763.0004882812 1.54875089685829e-06
10773.0004882812 1.15167975158706e-06
10783.0004882812 1.36475158238403e-06
10793.0004882812 1.51692314163511e-06
10803.0004882812 1.49526807482221e-06
10813.0004882812 1.32786267966278e-06
10823.0004882812 1.10517530700171e-06
10833.0004882812 1.18008629518379e-06
10843.0004882812 1.31881429124874e-06
10853.0004882812 1.11664020428404e-06
10863.0004882812 9.54222009324801e-07
10873.0004882812 1.01683253085977e-06
10883.0004882812 9.92718578744178e-07
10893.0004882812 9.85397753497818e-07
10903.0004882812 9.6114313080363e-07
10913.0004882812 1.24804439265096e-06
10923.0004882812 1.09926236278929e-06
10933.0004882812 9.52276906389665e-07
10943.0004882812 1.07022816827144e-06
10953.0004882812 1.24562592487599e-06
10963.0004882812 1.10005924674698e-06
10973.0004882812 1.31622412759973e-06
10983.0004882812 1.0984353391874e-06
10993.0004882812 1.09060130213217e-06
11003.0004882812 1.27483073203667e-06
11013.0004882812 1.09010236733833e-06
11023.0004882812 1.26802227167098e-06
11033.0004882812 1.22027705767668e-06
11043.0004882812 1.19702886754739e-06
11053.0004882812 1.31575077163968e-06
11063.0004882812 1.36755896517601e-06
11073.0004882812 1.223453058767e-06
11083.0004882812 1.17973795817521e-06
11093.0004882812 1.21722200818892e-06
11103.0004882812 9.11959645241288e-07
11113.0004882812 1.3636743348592e-06
11123.0004882812 1.19387367370597e-06
11133.0004882812 1.22853140358657e-06
11143.0004882812 1.15592558031367e-06
11153.0004882812 1.33576146499433e-06
11163.0004882812 1.50492773197974e-06
11173.0004882812 1.23057860244708e-06
11183.0004882812 1.26894458165849e-06
11193.0004882812 1.50934278772199e-06
11203.0004882812 1.32366932935657e-06
11213.0004882812 1.37823448243005e-06
11223.0004882812 1.39973930256018e-06
11233.0004882812 1.18136328262638e-06
11243.0004882812 1.32552119826868e-06
11253.0004882812 1.15448006305413e-06
11263.0004882812 1.11134224417337e-06
11273.0004882812 1.16018942126097e-06
11283.0004882812 1.33206766301892e-06
11293.0004882812 1.43222986295229e-06
11303.0004882812 1.25565621104933e-06
11313.0004882812 1.23199571914642e-06
11323.0004882812 1.35798793238268e-06
11333.0004882812 9.09398083620911e-07
11343.0004882812 1.40877519673722e-06
11353.0004882812 1.37365324048867e-06
11363.0004882812 1.44279384488237e-06
11373.0004882812 1.44525380815101e-06
11383.0004882812 1.4575297491493e-06
11393.0004882812 1.4430016274491e-06
11403.0004882812 1.42006097399342e-06
11413.0004882812 1.55130938802605e-06
11423.0004882812 1.38332440963836e-06
11433.0004882812 1.57751394801386e-06
11443.0004882812 1.21329691690952e-06
11453.0004882812 1.46556481538723e-06
11463.0004882812 1.5447031398578e-06
11473.0004882812 1.29634851202548e-06
11483.0004882812 1.3177873557739e-06
11493.0004882812 1.36670130523607e-06
11503.0004882812 1.72531978190777e-06
11513.0004882812 1.36109460195378e-06
11523.0004882812 1.37999141451984e-06
11533.0004882812 1.38587769789205e-06
11543.0004882812 1.67394240543726e-06
11553.0004882813 1.33980682798841e-06
11563.0004882812 1.49009717075639e-06
11573.0004882813 1.47873543365275e-06
11583.0004882812 1.63103245148608e-06
11593.0004882813 1.43250416749099e-06
11603.0004882812 1.60689263895898e-06
11613.0004882813 1.37059613645945e-06
11623.0004882812 1.25465487306341e-06
11633.0004882813 1.55907697242042e-06
11643.0004882812 1.17449125262744e-06
11653.0004882813 1.43377243717365e-06
11663.0004882812 1.27768453531937e-06
11673.0004882813 1.26377795191927e-06
11683.0004882812 1.46784954272066e-06
11693.0004882813 1.42269423860446e-06
11703.0004882812 1.62770228706029e-06
11713.0004882813 1.48698751911599e-06
11723.0004882812 1.47291595000624e-06
11733.0004882813 1.16776418444378e-06
11743.0004882812 1.42344292460025e-06
11753.0004882813 1.30058094582899e-06
11763.0004882812 1.26152609206137e-06
11773.0004882812 1.08506439289855e-06
11783.0004882812 1.12841150065201e-06
11793.0004882812 1.37642058812847e-06
11803.0004882812 1.23062701502121e-06
11813.0004882812 1.19637689999682e-06
11823.0004882812 9.49116583250403e-07
11833.0004882812 1.09824197492452e-06
11843.0004882812 1.3232611002515e-06
11853.0004882812 1.33851945492997e-06
11863.0004882812 1.0611920675935e-06
11873.0004882812 1.07504245547432e-06
11883.0004882812 1.29468883026575e-06
11893.0004882812 1.40561482228952e-06
11903.0004882812 1.23922262454791e-06
11913.0004882812 1.55508438244243e-06
11923.0004882812 1.5416971840742e-06
11933.0004882812 1.64851105635769e-06
11943.0004882812 1.44315512609854e-06
11953.0004882812 1.22894780474479e-06
11963.0004882812 1.22917995620071e-06
11973.0004882812 1.40930955710832e-06
11983.0004882812 1.42880486056698e-06
11993.0004882812 1.48225194623475e-06
12003.0004882812 1.44330325888132e-06
12013.0004882812 1.48786750420561e-06
12023.0004882812 1.60908677323519e-06
12033.0004882812 1.55246323314354e-06
12043.0004882812 1.60296248091318e-06
12053.0004882812 1.49340971703741e-06
12063.0004882812 1.47749128793868e-06
12073.0004882812 1.31530515976265e-06
12083.0004882812 1.41591662569499e-06
12093.0004882812 1.51269027247156e-06
12103.0004882812 1.29115721881293e-06
12113.0004882812 1.35302042081386e-06
12123.0004882812 1.38131215992966e-06
12133.0004882812 1.38127748317467e-06
12143.0004882812 1.32362743185025e-06
12153.0004882812 1.39760235246503e-06
12163.0004882812 1.59166478589036e-06
12173.0004882812 1.42187236386558e-06
12183.0004882812 1.35828462769324e-06
12193.0004882812 1.72972124022765e-06
12203.0004882812 1.42481942619461e-06
12213.0004882812 1.43741704664409e-06
12223.0004882812 1.46000557128453e-06
12233.0004882812 1.43243837102136e-06
12243.0004882812 1.21251394623836e-06
12253.0004882812 1.19625136150348e-06
12263.0004882812 1.5157247866969e-06
12273.0004882812 1.44067497515762e-06
12283.0004882812 1.28733541989465e-06
12293.0004882812 1.44657488911907e-06
12303.0004882812 1.48794599300802e-06
12313.0004882812 1.61400940859365e-06
12323.0004882812 1.28814755663081e-06
12333.0004882812 1.43533698189258e-06
12343.0004882812 1.29685536977909e-06
12353.0004882812 1.33439775456702e-06
12363.0004882812 1.4139816254332e-06
12373.0004882812 1.32923686475285e-06
12383.0004882812 1.38661440760358e-06
12393.0004882812 1.34517092603489e-06
12403.0004882812 1.50187300142801e-06
12413.0004882812 1.76247141394994e-06
12423.0004882812 1.62925835725356e-06
12433.0004882812 1.61916105505734e-06
12443.0004882812 1.4051112490367e-06
12453.0004882812 1.3275620201142e-06
12463.0004882812 1.25865528511004e-06
12473.0004882812 1.19258479890709e-06
12483.0004882812 1.38878656263769e-06
12493.0004882812 1.15118036756953e-06
12503.0004882812 1.19897649828814e-06
12513.0004882812 1.30957948185446e-06
12523.0004882812 1.18678509150541e-06
12533.0004882812 1.22724027004645e-06
12543.0004882812 1.22794317685295e-06
12553.0004882812 1.23240583564826e-06
12563.0004882812 1.22084864280139e-06
12573.0004882812 1.47367193190786e-06
12583.0004882812 1.29540755840401e-06
12593.0004882812 1.53429465551889e-06
12603.0004882812 1.69784616725745e-06
12613.0004882812 1.43480027786341e-06
12623.0004882812 1.34856905676863e-06
12633.0004882812 1.42213747563388e-06
12643.0004882812 1.56799345463619e-06
12653.0004882812 1.36516606608521e-06
12663.0004882812 1.53550754621636e-06
12673.0004882812 1.63164112824291e-06
12683.0004882812 1.40581829105256e-06
12693.0004882812 1.38027273258646e-06
12703.0004882812 1.40848387257561e-06
12713.0004882812 1.31546894081503e-06
12723.0004882812 1.50664771458802e-06
12733.0004882812 1.62087739853894e-06
12743.0004882812 1.55430764321797e-06
12753.0004882812 1.67829573189928e-06
12763.0004882812 1.59280311991471e-06
12773.0004882812 1.46933313510338e-06
12783.0004882812 1.35620478942188e-06
12793.0004882812 1.5180140824403e-06
12803.0004882813 1.0805219945688e-06
12813.0004882812 1.63006326280536e-06
12823.0004882813 1.43541404568815e-06
12833.0004882812 1.26766841502451e-06
12843.0004882813 1.1557380239434e-06
12853.0004882812 1.05093136963452e-06
12863.0004882813 1.08352448643011e-06
12873.0004882812 1.20113142574951e-06
12883.0004882813 1.468531655724e-06
12893.0004882812 1.24115589920198e-06
12903.0004882813 1.29361541734268e-06
12913.0004882812 1.16264132410798e-06
12923.0004882813 1.61929725482921e-06
12933.0004882812 1.07530443740766e-06
12943.0004882813 1.41622950970773e-06
12953.0004882812 1.3503391693802e-06
12963.0004882813 1.23477663923683e-06
12973.0004882812 1.31686953406181e-06
12983.0004882813 1.36935912429363e-06
12993.0004882812 1.19768259463378e-06
13003.0004882813 1.51572923038131e-06
13013.0004882812 1.46548089087593e-06
13023.0004882812 1.19874164072157e-06
13033.0004882812 1.49894587875988e-06
13043.0004882812 1.38719119724345e-06
13053.0004882812 1.12123244128609e-06
13063.0004882812 1.20849153263431e-06
13073.0004882812 1.04188015954915e-06
13083.0004882812 1.08508112830649e-06
13093.0004882812 1.25732404038524e-06
13103.0004882812 1.15705303526445e-06
13113.0004882812 1.37893297987853e-06
13123.0004882812 1.52523336988608e-06
13133.0004882812 1.3738688982191e-06
13143.0004882812 1.40083586407154e-06
13153.0004882812 1.29425636571892e-06
13163.0004882812 1.24386855927666e-06
13173.0004882812 1.12553952843882e-06
13183.0004882812 1.35515787924226e-06
13193.0004882812 1.42120870094242e-06
13203.0004882812 1.62161886978669e-06
13213.0004882812 1.05652784472611e-06
13223.0004882812 1.382429006418e-06
13233.0004882812 1.56563634666895e-06
13243.0004882812 1.21856271573036e-06
13253.0004882812 1.32992172438625e-06
13263.0004882812 1.15605872103441e-06
13273.0004882812 1.02232691647224e-06
13283.0004882812 1.15522794094514e-06
13293.0004882812 1.12199550309924e-06
13303.0004882812 1.24461857781801e-06
13313.0004882812 1.36730296919569e-06
13323.0004882812 1.40638976966924e-06
13333.0004882812 1.1202238466893e-06
13343.0004882812 1.28277046997735e-06
13353.0004882812 1.36719829363317e-06
13363.0004882812 1.55427874898727e-06
13373.0004882812 1.45559860270755e-06
13383.0004882812 1.36815637952411e-06
13393.0004882812 1.31505494317986e-06
13403.0004882812 1.21014045925632e-06
13413.0004882812 1.17600365913224e-06
13423.0004882812 9.73391098619774e-07
13433.0004882812 1.42712235869563e-06
13443.0004882812 1.5499808726593e-06
13453.0004882812 1.56709429222461e-06
13463.0004882812 1.44487546771133e-06
13473.0004882812 1.25663391087843e-06
13483.0004882812 1.37595868780254e-06
13493.0004882812 1.17915631798514e-06
13503.0004882812 1.5453191640938e-06
13513.0004882812 1.25085179481811e-06
13523.0004882812 1.36945488552602e-06
13533.0004882812 1.24486001481499e-06
13543.0004882812 1.43423772752548e-06
13553.0004882812 1.62756242002882e-06
13563.0004882812 1.46310248151863e-06
13573.0004882812 1.40398407818481e-06
13583.0004882812 1.52897711649937e-06
13593.0004882812 1.61148653426845e-06
13603.0004882812 1.4673205590485e-06
13613.0004882812 1.44600243902495e-06
13623.0004882812 1.4231897634098e-06
13633.0004882812 1.45342624751791e-06
13643.0004882812 1.31913440127987e-06
13653.0004882812 1.54577450365929e-06
13663.0004882812 9.03522187229567e-07
13673.0004882812 1.29043681482038e-06
13683.0004882812 1.31725153043194e-06
13693.0004882812 1.56252033759602e-06
13703.0004882812 1.70807538179938e-06
13713.0004882812 1.41148580599206e-06
13723.0004882812 1.5387816812304e-06
13733.0004882812 1.61143347987475e-06
13743.0004882812 1.60180368062772e-06
13753.0004882812 1.81749171566617e-06
13763.0004882812 1.54055908172039e-06
13773.0004882812 1.74899823759173e-06
13783.0004882812 1.4900138685349e-06
13793.0004882812 1.51219692019294e-06
13803.0004882812 1.48614910600297e-06
13813.0004882812 1.43014540391185e-06
13823.0004882812 1.2245249689363e-06
13833.0004882812 1.09775140260187e-06
13843.0004882812 1.50519389379417e-06
13853.0004882812 1.30984479917146e-06
13863.0004882812 1.22207507992223e-06
13873.0004882812 1.60855702358058e-06
13883.0004882812 1.29944080107092e-06
13893.0004882812 1.97589166075914e-06
13903.0004882812 1.51319174451872e-06
13913.0004882812 1.26850880863211e-06
13923.0004882812 1.52170943998673e-06
13933.0004882812 1.37668223201349e-06
13943.0004882812 1.75530510567631e-06
13953.0004882812 1.34890478360161e-06
13963.0004882812 1.59321353726838e-06
13973.0004882812 1.30595824966965e-06
13983.0004882812 1.82800759676033e-06
13993.0004882812 1.6980874819593e-06
14003.0004882812 1.23862273782056e-06
14013.0004882812 1.51284853322601e-06
14023.0004882812 1.56648639029095e-06
14033.0004882812 1.65725262413541e-06
14043.0004882812 1.5515575211871e-06
14053.0004882813 1.50158260611798e-06
14063.0004882812 1.65101757821096e-06
14073.0004882813 1.49084812888507e-06
14083.0004882812 1.22367029171037e-06
14093.0004882813 1.95043265401515e-06
14103.0004882812 1.5631590209994e-06
14113.0004882813 1.66997291720149e-06
14123.0004882812 1.47034681943654e-06
14133.0004882813 1.71340053315517e-06
14143.0004882812 1.6711181968056e-06
14153.0004882813 1.72469617594744e-06
14163.0004882812 1.66842542740747e-06
14173.0004882813 1.36956041909165e-06
14183.0004882812 1.50348106337897e-06
14193.0004882813 1.51201592634434e-06
14203.0004882812 1.17109757847914e-06
14213.0004882813 1.34733126327312e-06
14223.0004882812 1.61371645251394e-06
14233.0004882813 1.62306835195353e-06
14243.0004882812 1.61041290218655e-06
14253.0004882813 1.3997297961456e-06
14263.0004882812 1.54378429992742e-06
14273.0004882812 1.60141176788623e-06
14283.0004882812 1.61882583132657e-06
14293.0004882812 1.50042532041856e-06
14303.0004882812 1.57939212306848e-06
14313.0004882812 1.53522439076809e-06
14323.0004882812 1.57404529662348e-06
14333.0004882812 1.5773975690244e-06
14343.0004882812 1.52744134524594e-06
14353.0004882812 1.16360167389357e-06
14363.0004882812 1.49238306112081e-06
14373.0004882812 1.35914454081354e-06
14383.0004882812 1.26162202988596e-06
14393.0004882812 1.42365738548614e-06
14403.0004882812 1.35749679236533e-06
14413.0004882812 1.34691915717312e-06
14423.0004882812 1.64630487645765e-06
14433.0004882812 1.83664261562107e-06
14443.0004882812 1.78166328866754e-06
14453.0004882812 1.71658814998422e-06
14463.0004882812 1.60036368214146e-06
14473.0004882812 1.50393664530361e-06
14483.0004882812 1.63711989637417e-06
14493.0004882812 1.76518311990605e-06
14503.0004882812 1.56507459497832e-06
14513.0004882812 1.67607188127281e-06
14523.0004882812 1.88758248970275e-06
14533.0004882812 1.79174954664924e-06
14543.0004882812 1.9692619612283e-06
14553.0004882812 2.02337081074244e-06
14563.0004882812 1.83671827515011e-06
14573.0004882812 1.61919614743026e-06
14583.0004882812 1.74721641494985e-06
14593.0004882812 1.90371416078731e-06
14603.0004882812 1.96661319646601e-06
14613.0004882812 1.88034016892678e-06
14623.0004882812 1.71092521839618e-06
14633.0004882812 1.84433923858621e-06
14643.0004882812 1.83318457782062e-06
14653.0004882812 2.08458710869511e-06
14663.0004882812 1.91244949141648e-06
14673.0004882812 1.97544425430987e-06
14683.0004882812 2.23037650629703e-06
14693.0004882812 1.81009169866885e-06
14703.0004882812 1.79547065628021e-06
14713.0004882812 1.78415418813819e-06
14723.0004882812 1.62169853286854e-06
14733.0004882812 1.72530889073101e-06
14743.0004882812 1.78622065896478e-06
14753.0004882812 1.60305412210117e-06
14763.0004882812 1.67013072538228e-06
14773.0004882812 1.5849281844086e-06
14783.0004882812 1.75668763544957e-06
14793.0004882812 1.67888608323205e-06
14803.0004882812 1.46983426462338e-06
14813.0004882812 1.60413361979464e-06
14823.0004882812 1.75569502579689e-06
14833.0004882812 1.50883958951723e-06
14843.0004882812 1.89285137339314e-06
14853.0004882812 1.98563590577661e-06
14863.0004882812 1.79888371867271e-06
14873.0004882812 2.10599401746517e-06
14883.0004882812 1.82157104758008e-06
14893.0004882812 2.11642921579503e-06
14903.0004882812 1.61844842158894e-06
14913.0004882812 1.68979361106305e-06
14923.0004882812 1.84922502359615e-06
14933.0004882812 1.77678245209402e-06
14943.0004882812 1.59467184459054e-06
14953.0004882812 1.60781274080738e-06
14963.0004882812 1.82812722445795e-06
14973.0004882812 1.61615595440972e-06
14983.0004882812 1.557513190661e-06
14993.0004882812 1.7113766481206e-06
15003.0004882812 1.90910751301633e-06
15013.0004882812 1.51564145868971e-06
15023.0004882812 1.7514540579048e-06
15033.0004882812 1.85518527014029e-06
15043.0004882812 1.48751400355903e-06
15053.0004882812 2.11356562618237e-06
15063.0004882812 1.71277679436975e-06
15073.0004882812 1.44703777514833e-06
15083.0004882812 2.31435245395172e-06
15093.0004882812 1.96571179759645e-06
15103.0004882812 2.07745118020528e-06
15113.0004882812 1.73527140245505e-06
15123.0004882812 1.49688843283877e-06
15133.0004882812 1.78846693917339e-06
15143.0004882812 1.78339753061908e-06
15153.0004882812 1.80916338357187e-06
15163.0004882812 1.95944436974949e-06
15173.0004882812 1.85851369614227e-06
15183.0004882812 1.75460896212526e-06
15193.0004882812 1.45524112958643e-06
15203.0004882812 1.86418619919189e-06
15213.0004882812 1.93230968814301e-06
15223.0004882812 1.67794926558548e-06
15233.0004882812 2.12239392833083e-06
15243.0004882812 1.49649502150084e-06
15253.0004882812 1.90203295335144e-06
15263.0004882812 1.43239425354265e-06
15273.0004882812 1.5765799058415e-06
15283.0004882812 1.89175024630641e-06
15293.0004882812 1.79914342703505e-06
15303.0004882813 1.79997771086326e-06
15313.0004882812 1.83528522290339e-06
15323.0004882813 1.82933097457548e-06
15333.0004882812 1.74451189783938e-06
15343.0004882813 1.78474471938609e-06
15353.0004882812 2.32083005724154e-06
15363.0004882813 1.71323183746682e-06
15373.0004882812 2.15291189838967e-06
15383.0004882813 1.70584748824362e-06
15393.0004882812 2.01920299564478e-06
15403.0004882813 2.13212445798221e-06
15413.0004882812 2.12504129046317e-06
15423.0004882813 2.17669711482309e-06
15433.0004882812 1.52127361708204e-06
15443.0004882813 1.62154986669386e-06
15453.0004882812 1.5578747920298e-06
15463.0004882813 1.95134795729765e-06
15473.0004882812 2.02041485542947e-06
15483.0004882813 1.9765764828928e-06
15493.0004882812 1.56793088992605e-06
15503.0004882813 2.20944733799477e-06
15513.0004882812 2.24109429173791e-06
15523.0004882812 1.88448849724077e-06
15533.0004882812 1.75861232341943e-06
15543.0004882812 1.75036706422462e-06
15553.0004882812 1.87256990972903e-06
15563.0004882812 2.35844718439013e-06
15573.0004882812 2.28378353636961e-06
15583.0004882812 1.90480300201676e-06
15593.0004882812 2.16162609115024e-06
15603.0004882812 2.17173098637312e-06
15613.0004882812 1.8290590443206e-06
15623.0004882812 2.33199090743714e-06
15633.0004882812 2.04712489800205e-06
15643.0004882812 2.27517538986224e-06
15653.0004882812 1.95347184138132e-06
15663.0004882812 2.32226769656513e-06
15673.0004882812 2.08038829357195e-06
15683.0004882812 1.48523425567275e-06
15693.0004882812 1.94626652822495e-06
15703.0004882812 2.02505443214258e-06
15713.0004882812 1.7939356640882e-06
15723.0004882812 1.80195484097405e-06
15733.0004882812 2.00221074672282e-06
15743.0004882812 2.02473588339703e-06
15753.0004882812 1.84545141888474e-06
15763.0004882812 2.26952163313135e-06
15773.0004882812 2.14906289349766e-06
15783.0004882812 2.25354562744306e-06
15793.0004882812 1.94785558157382e-06
15803.0004882812 1.66331769212246e-06
15813.0004882812 2.1641552125533e-06
15823.0004882812 2.26462530184046e-06
15833.0004882812 2.03449720227611e-06
15843.0004882812 1.93381932589654e-06
15853.0004882812 1.90686286572485e-06
15863.0004882812 1.80946747885245e-06
15873.0004882812 2.29290524790719e-06
15883.0004882812 2.31583694984329e-06
15893.0004882812 2.14609523210605e-06
15903.0004882812 2.0141846298328e-06
15913.0004882812 1.89680294953668e-06
15923.0004882812 1.96508114835246e-06
15933.0004882812 1.75497513685809e-06
15943.0004882812 2.03961944642716e-06
15953.0004882812 2.34904489149455e-06
15963.0004882812 2.00990796830175e-06
15973.0004882812 1.9590091289644e-06
15983.0004882812 2.0481451464245e-06
15993.0004882812 2.4343787656346e-06
16003.0004882812 2.24251185232709e-06
16013.0004882812 1.91264767835207e-06
16023.0004882812 2.01667737533703e-06
16033.0004882812 1.93570561899111e-06
16043.0004882812 1.90153103685744e-06
16053.0004882812 2.57442704507441e-06
16063.0004882812 2.17253766089511e-06
16073.0004882812 2.13463351814496e-06
16083.0004882812 2.21646537113058e-06
16093.0004882812 2.21119521552576e-06
16103.0004882812 1.91764549938058e-06
16113.0004882812 3.08314580925956e-06
16123.0004882812 2.39560918133161e-06
16133.0004882812 1.83336136668073e-06
16143.0004882812 2.41322654415001e-06
16153.0004882812 1.93041821356013e-06
16163.0004882812 2.25528065489902e-06
16173.0004882812 2.22177256295125e-06
16183.0004882812 2.47404154919525e-06
16193.0004882812 2.28156689371745e-06
16203.0004882812 1.82397856479158e-06
16213.0004882812 1.71925368417055e-06
16223.0004882812 1.93592945410979e-06
16233.0004882812 2.44247869766116e-06
16243.0004882812 1.89479537707969e-06
16253.0004882812 2.51308633943743e-06
16263.0004882812 2.14267486403677e-06
16273.0004882812 1.92619683035802e-06
16283.0004882812 1.97945599532395e-06
16293.0004882812 1.77281341341797e-06
16303.0004882812 2.08131400557052e-06
16313.0004882812 1.74808050671377e-06
16323.0004882812 1.79326171316566e-06
16333.0004882812 1.84479652918589e-06
16343.0004882812 1.49201402980761e-06
16353.0004882812 1.94316280560397e-06
16363.0004882812 2.28389779871813e-06
16373.0004882812 2.57359065396822e-06
16383.0004882812 2.121924875588e-06
16393.0004882812 1.82604128098265e-06
16403.0004882812 2.07041889475042e-06
16413.0004882812 2.13064857660628e-06
16423.0004882812 2.55647123412077e-06
16433.0004882812 2.04191183262938e-06
16443.0004882812 2.25946369426563e-06
16453.0004882812 2.42072231435856e-06
16463.0004882812 1.36116510551514e-06
16473.0004882812 2.68666026209136e-06
16483.0004882812 2.078019886892e-06
16493.0004882812 1.38222073908905e-06
16503.0004882812 1.80964320175999e-06
16513.0004882812 2.77481747035964e-06
16523.0004882812 1.97898040916373e-06
16533.0004882812 2.02128470808461e-06
16543.0004882812 2.52365554180516e-06
16553.0004882812 2.47450878410285e-06
16563.0004882812 2.27931660052098e-06
16573.0004882812 1.68280921067722e-06
16583.0004882812 2.52748291404145e-06
16593.0004882812 2.13147966393315e-06
16603.0004882812 2.25041838157176e-06
16613.0004882812 2.08322366652169e-06
16623.0004882812 2.25215112062215e-06
16633.0004882812 2.36454051074697e-06
16643.0004882812 2.27255192271228e-06
16653.0004882812 1.9721174384043e-06
16663.0004882812 2.18005819798734e-06
16673.0004882812 2.47631269742343e-06
16683.0004882812 2.63665095330298e-06
16693.0004882812 2.68716042004969e-06
16703.0004882812 2.05417929527703e-06
16713.0004882812 2.64867618845052e-06
16723.0004882812 1.68387285656431e-06
16733.0004882812 2.40002613883473e-06
16743.0004882812 2.69029497343561e-06
16753.0004882812 2.11001810919816e-06
16763.0004882812 2.36964151041952e-06
16773.0004882812 2.19459307795012e-06
16783.0004882812 2.53476085695215e-06
16793.0004882812 3.38428030305028e-06
16803.0004882812 2.0857879331035e-06
16813.0004882812 1.94534011898089e-06
16823.0004882812 2.70819622579742e-06
16833.0004882812 2.85311623885326e-06
16843.0004882812 2.48013908917458e-06
16853.0004882812 2.67501016132724e-06
16863.0004882812 2.77216679570206e-06
16873.0004882812 2.71705327103724e-06
16883.0004882812 2.88164842739414e-06
16893.0004882812 3.03085413759283e-06
16903.0004882812 3.24086020000834e-06
16913.0004882812 3.47967602367923e-06
16923.0004882812 3.63720931376148e-06
16933.0004882812 3.19905124409955e-06
16943.0004882812 2.72279085302674e-06
16953.0004882812 3.57112307572156e-06
16963.0004882812 2.34645493438755e-06
16973.0004882812 3.82049519235796e-06
16983.0004882812 2.89301063816602e-06
16993.0004882812 3.38899414498381e-06
17003.0004882812 3.73912925003219e-06
17013.0004882812 3.79730032969147e-06
17023.0004882812 4.26038984559758e-06
17033.0004882812 2.89417084447228e-06
17043.0004882812 3.30094743470833e-06
17053.0004882812 3.89889914395766e-06
17063.0004882812 3.74815492391914e-06
17073.0004882812 3.13791024419915e-06
17083.0004882812 3.71814605387057e-06
17093.0004882812 3.06543414914279e-06
17103.0004882812 3.29253901270021e-06
17113.0004882812 3.72603555009926e-06
17123.0004882812 4.08176024145691e-06
17133.0004882812 3.31010719805231e-06
17143.0004882812 3.80302754566405e-06
17153.0004882812 3.46701212606846e-06
17163.0004882812 3.96591742391265e-06
17173.0004882812 3.33807149838387e-06
17183.0004882812 3.31165286592901e-06
17193.0004882812 3.69604267956969e-06
17203.0004882812 3.01333074522226e-06
17213.0004882812 3.27445685639851e-06
17223.0004882812 4.07450984147704e-06
17233.0004882812 3.65282294118738e-06
17243.0004882812 4.27799406486682e-06
17253.0004882812 3.80163457217478e-06
17263.0004882812 4.16881750321799e-06
17273.0004882812 4.0245944625078e-06
17283.0004882812 3.95795941389449e-06
17293.0004882812 4.00055460988218e-06
17303.0004882812 3.8078891621673e-06
17313.0004882812 4.00921817974658e-06
17323.0004882812 4.28820930950982e-06
17333.0004882812 3.08086143398745e-06
17343.0004882812 3.78258375715893e-06
17353.0004882812 3.32857158148131e-06
17363.0004882812 3.8555895715406e-06
17373.0004882812 3.53830702872919e-06
17383.0004882812 3.55511771761844e-06
17393.0004882812 3.38586930357076e-06
17403.0004882812 3.34309468396878e-06
17413.0004882812 2.93460861530908e-06
17423.0004882812 3.22429602393938e-06
17433.0004882812 4.16723546293139e-06
17443.0004882812 4.2164208490511e-06
17453.0004882812 2.35200910512085e-06
17463.0004882812 2.89958323140076e-06
17473.0004882812 3.70446733162132e-06
17483.0004882812 3.12960289652851e-06
17493.0004882812 2.70501779920386e-06
17503.0004882812 2.96886880469992e-06
17513.0004882812 2.70566605748141e-06
17523.0004882812 3.34477299638415e-06
17533.0004882812 2.88929552850852e-06
17543.0004882812 2.99468487528946e-06
17553.0004882812 3.37829362512695e-06
17563.0004882812 3.50089695381988e-06
17573.0004882812 3.61176087202113e-06
17583.0004882812 3.09345978416093e-06
17593.0004882812 3.41505867577371e-06
17603.0004882812 3.87426658781285e-06
17613.0004882812 3.82500605194615e-06
17623.0004882812 3.50872371464886e-06
17633.0004882812 3.63375465304868e-06
17643.0004882812 3.32850463719917e-06
17653.0004882812 3.1717246573159e-06
17663.0004882812 3.33232320888358e-06
17673.0004882812 3.90031761379781e-06
17683.0004882812 4.44256377704783e-06
17693.0004882812 3.45802838605104e-06
17703.0004882812 4.54618307081926e-06
17713.0004882812 3.70276439918139e-06
17723.0004882812 3.31759197188242e-06
17733.0004882812 4.20102558165531e-06
17743.0004882812 3.71609554766292e-06
17753.0004882812 3.8209121137486e-06
17763.0004882812 4.28545280898007e-06
17773.0004882812 5.14035217223689e-06
17783.0004882812 4.18947780941427e-06
17793.0004882812 4.26813790763963e-06
17803.0004882812 3.65276424322416e-06
17813.0004882812 4.78912820130298e-06
17823.0004882812 3.9279060089206e-06
17833.0004882812 4.68733125894598e-06
17843.0004882812 2.66460314760587e-06
17853.0004882812 4.42163224687517e-06
17863.0004882812 5.0441811667942e-06
17873.0004882812 4.27121212136719e-06
17883.0004882812 4.65047693479697e-06
17893.0004882812 4.15288572414989e-06
17903.0004882812 4.02359767432467e-06
17913.0004882812 5.42934016235305e-06
17923.0004882812 4.5820411684861e-06
17933.0004882812 4.21566345326383e-06
17943.0004882812 3.60271562534645e-06
17953.0004882812 4.34669368590704e-06
17963.0004882812 4.8150763940926e-06
17973.0004882812 4.29157553060268e-06
17983.0004882812 4.12812012107099e-06
17993.0004882812 3.45655825266573e-06
18003.0004882812 4.46388444933575e-06
18013.0004882812 4.1449734275074e-06
18023.0004882812 3.81612323131024e-06
18033.0004882812 3.56476021153693e-06
18043.0004882812 3.10326881945276e-06
18053.0004882812 3.55438834396365e-06
18063.0004882812 3.48577778925841e-06
18073.0004882812 4.40904184828523e-06
18083.0004882812 3.72265613937271e-06
18093.0004882812 3.46298562937487e-06
18103.0004882812 3.55031250222388e-06
18113.0004882812 4.07418237657357e-06
18123.0004882812 3.64818822850957e-06
18133.0004882812 4.1292383526853e-06
18143.0004882812 4.57089807594319e-06
18153.0004882812 4.52588830635084e-06
18163.0004882812 4.00336478024647e-06
18173.0004882812 3.99350203024686e-06
18183.0004882812 3.32038250901613e-06
18193.0004882812 3.75772803952132e-06
18203.0004882812 3.42401739073317e-06
18213.0004882812 3.46865650336285e-06
18223.0004882812 3.18400887554198e-06
18233.0004882812 3.72302560029745e-06
18243.0004882812 2.91723821236761e-06
18253.0004882812 3.98851565889857e-06
18263.0004882812 3.85813358725324e-06
18273.0004882812 3.61954785608906e-06
18283.0004882812 3.70302363041914e-06
18293.0004882812 4.71491549475451e-06
18303.0004882812 3.6257623108125e-06
18313.0004882812 3.93198057324038e-06
18323.0004882812 4.86678173113184e-06
18333.0004882812 4.41347843183911e-06
18343.0004882812 5.80314332927007e-06
18353.0004882812 4.86068955000461e-06
18363.0004882812 4.48354734319093e-06
18373.0004882812 5.56737138856583e-06
18383.0004882812 4.31260158508614e-06
18393.0004882812 5.56070378867025e-06
18403.0004882812 4.47327914049612e-06
18413.0004882812 4.58313179312171e-06
18423.0004882812 4.12294391098367e-06
18433.0004882812 4.47794413529565e-06
18443.0004882812 4.25967588458314e-06
18453.0004882812 4.42549348802656e-06
18463.0004882812 4.33622441961731e-06
18473.0004882812 3.96647458188049e-06
18483.0004882812 4.57229305032137e-06
18493.0004882812 3.60934205168734e-06
18503.0004882812 4.54199758779438e-06
18513.0004882812 4.49977772683396e-06
18523.0004882812 4.11689188971376e-06
18533.0004882812 4.81658900240712e-06
18543.0004882812 4.4564849422809e-06
18553.0004882812 3.5603050576729e-06
18563.0004882812 4.98286219546706e-06
18573.0004882812 3.1274284525574e-06
18583.0004882812 3.70588997931508e-06
18593.0004882812 4.09444811364093e-06
18603.0004882812 2.46648541642739e-06
18613.0004882812 5.20927460187431e-06
18623.0004882812 3.55770571252579e-06
18633.0004882812 4.78991475815601e-06
18643.0004882812 4.53148667212283e-06
18653.0004882812 4.39636247714128e-06
18663.0004882812 4.64027261153817e-06
18673.0004882812 3.64005533845005e-06
18683.0004882812 4.25133979023012e-06
18693.0004882812 5.25897064171821e-06
18703.0004882812 3.57301850008372e-06
18713.0004882812 3.46254020945438e-06
18723.0004882812 4.01805905785659e-06
18733.0004882812 3.61161448918406e-06
18743.0004882812 3.72695682655451e-06
18753.0004882812 3.70204384472181e-06
18763.0004882812 3.23785487010239e-06
18773.0004882812 3.46561521779295e-06
18783.0004882812 5.25993151000156e-06
18793.0004882812 5.37788773054017e-06
18803.0004882812 4.75920813458022e-06
18813.0004882812 4.42648571058383e-06
18823.0004882812 5.33745980091114e-06
18833.0004882812 4.79566974485916e-06
18843.0004882812 5.85667829748487e-06
18853.0004882812 5.90524870333191e-06
18863.0004882812 6.29153152852683e-06
18873.0004882812 5.36618081600215e-06
18883.0004882812 6.36413839031697e-06
18893.0004882812 5.11247653058953e-06
18903.0004882812 6.58238725431893e-06
18913.0004882812 5.56388391264286e-06
18923.0004882812 5.4353436431172e-06
18933.0004882812 6.16090468289982e-06
18943.0004882812 6.46947467056881e-06
18953.0004882812 5.97045240960918e-06
18963.0004882812 5.45719247318808e-06
18973.0004882812 5.03440508532192e-06
18983.0004882812 4.98586492924429e-06
18993.0004882812 5.48323262713836e-06
19003.0004882812 4.85941121667897e-06
19013.0004882812 5.09640749459318e-06
19023.0004882812 4.31533520542203e-06
19033.0004882812 4.62442361280626e-06
19043.0004882812 4.97306541375532e-06
19053.0004882812 5.43340936819886e-06
19063.0004882812 4.00686606983316e-06
19073.0004882812 4.36890281634733e-06
19083.0004882812 3.71622910632941e-06
19093.0004882812 4.29499323077737e-06
19103.0004882812 4.26787050677674e-06
19113.0004882812 3.29134457391708e-06
19123.0004882812 4.41581104041899e-06
19133.0004882812 3.0932939652885e-06
19143.0004882812 3.49346256142007e-06
19153.0004882812 3.01483429997957e-06
19163.0004882812 3.39928337488488e-06
19173.0004882812 2.18050710273872e-06
19183.0004882812 4.09106857741285e-06
19193.0004882812 3.73865910924863e-06
19203.0004882812 3.72266120893089e-06
19213.0004882812 1.11782619096397e-06
19223.0004882812 3.43077738357498e-06
19233.0004882812 4.64633303727033e-06
19243.0004882812 4.78232928398702e-06
19253.0004882812 2.40191782520942e-06
19263.0004882812 3.16634289082315e-06
19273.0004882812 2.69632951623595e-06
19283.0004882812 2.74685667317458e-06
19293.0004882812 4.0439348228395e-06
19303.0004882812 2.35399430405532e-06
19313.0004882812 3.38558670091179e-06
19323.0004882812 2.63101882746094e-06
19333.0004882812 3.62641113856373e-06
19343.0004882812 3.19461648593512e-06
19353.0004882812 4.36502568108482e-06
19363.0004882812 2.00763602899436e-06
19373.0004882812 4.54249169765969e-06
19383.0004882812 4.94478014234904e-06
19393.0004882812 3.22333331482798e-06
19403.0004882812 2.51242056876397e-06
19413.0004882812 2.70980999587041e-06
19423.0004882812 3.24041808737954e-06
19433.0004882812 3.54276226649075e-06
19443.0004882812 3.29159645068234e-06
19453.0004882812 3.96909801089502e-06
19463.0004882812 3.75329217835209e-06
19473.0004882812 5.46080681081769e-06
19483.0004882812 3.10835227430448e-06
19493.0004882812 4.41277304048522e-06
19503.0004882812 2.68690268225584e-06
19513.0004882812 4.44367414659763e-06
19523.0004882812 2.44135672459209e-06
19533.0004882812 3.88766561139068e-06
19543.0004882812 2.35628408366291e-06
19553.0004882812 2.58659785470466e-06
19563.0004882812 4.43516954536842e-06
19573.0004882812 4.02358730558227e-06
19583.0004882812 3.66021823323738e-06
19593.0004882812 4.87413701582393e-06
19603.0004882812 5.13323968602773e-06
19613.0004882812 4.06061321136672e-06
19623.0004882812 2.71938924788235e-06
19633.0004882812 2.79472997003077e-06
19643.0004882812 3.85709139036142e-06
19653.0004882812 4.49432307670778e-06
19663.0004882812 4.08546510242412e-06
19673.0004882812 3.10101487831871e-06
19683.0004882812 3.82175833511559e-06
19693.0004882812 3.72081310492396e-06
19703.0004882812 3.29283804091535e-06
19713.0004882812 3.26956446573905e-06
19723.0004882812 2.91105280721487e-06
19733.0004882812 4.14192807671193e-06
19743.0004882812 5.58352826758378e-06
19753.0004882812 3.66539728053921e-06
19763.0004882812 3.96053971240179e-06
19773.0004882812 3.09205005441441e-06
19783.0004882812 4.32825020060248e-06
19793.0004882812 3.61079402481874e-06
19803.0004882812 4.23202860672564e-06
19813.0004882812 3.39913460258029e-06
19823.0004882812 4.51719267804319e-06
19833.0004882812 5.59912100769808e-06
19843.0004882812 5.26719504387127e-06
19853.0004882812 2.89844114904434e-06
19863.0004882812 4.24653626102698e-06
19873.0004882812 4.72634777382175e-06
19883.0004882812 4.08860022713621e-06
19893.0004882812 4.34789604569829e-06
19903.0004882812 4.16514038999113e-06
19913.0004882812 1.85507737133784e-06
19923.0004882812 4.04006537216502e-06
19933.0004882812 4.03881043162409e-06
19943.0004882812 3.38232133653964e-06
19953.0004882812 4.52998110283453e-06
19963.0004882812 3.87187091403743e-06
19973.0004882812 4.30086637694943e-06
19983.0004882812 4.87509599603654e-06
19993.0004882812 4.87728098939909e-06
20003.0004882812 4.25175082965814e-06
20013.0004882812 4.40788147842885e-06
20023.0004882812 5.94021059688969e-06
20033.0004882812 4.92153909939946e-06
20043.0004882812 3.79614501386018e-06
20053.0004882812 4.1175401763043e-06
20063.0004882812 5.23004014721416e-06
20073.0004882812 5.47892023871232e-06
20083.0004882812 3.1742167990352e-06
20093.0004882813 3.90543901330028e-06
20103.0004882812 4.43546140651299e-06
20113.0004882812 4.50220886106303e-06
20123.0004882812 4.35867662373051e-06
20133.0004882813 2.03861205233249e-06
20143.0004882812 3.3565528252715e-06
20153.0004882812 4.43810797619918e-06
20163.0004882812 5.11563428138368e-06
20173.0004882813 4.60785926616609e-06
20183.0004882812 5.30342044116287e-06
20193.0004882812 4.77637854752247e-06
20203.0004882812 4.70292820406808e-06
20213.0004882813 3.85357890491481e-06
20223.0004882812 3.74789598743128e-06
20233.0004882812 3.82020809284037e-06
20243.0004882812 4.44663150375269e-06
20253.0004882813 4.73283765925541e-06
20263.0004882812 5.32989528383123e-06
20273.0004882812 3.3034866964527e-06
20283.0004882812 5.66994502400995e-06
20293.0004882813 4.29838977701284e-06
20303.0004882812 6.44257816105142e-06
20313.0004882812 4.17818479500761e-06
20323.0004882812 5.76536560732306e-06
20333.0004882813 7.97848221031416e-06
20343.0004882812 5.80381611882193e-06
20353.0004882812 4.95043925742796e-06
20363.0004882812 4.29927982063478e-06
20373.0004882813 5.05536796248976e-06
20383.0004882812 5.65163266395724e-06
20393.0004882812 3.8174786624962e-06
20403.0004882812 4.42254673136209e-06
20413.0004882813 4.80194401113887e-06
20423.0004882812 2.72867000029658e-06
20433.0004882812 5.89321907460809e-06
20443.0004882812 4.9400188038243e-06
20453.0004882813 4.33246525138353e-06
20463.0004882812 3.45359896643514e-06
20473.0004882812 4.62689499988583e-06
20483.0004882812 6.26402929426609e-06
20493.0004882813 4.79876480973816e-06
20503.0004882812 5.71662300787264e-06
20513.0004882812 4.5261099045702e-06
20523.0004882812 6.4092778885717e-06
20533.0004882812 6.81562220117905e-06
20543.0004882812 4.83384303104192e-06
20553.0004882812 5.28232327437618e-06
20563.0004882812 6.21894513132105e-06
20573.0004882812 6.37961059576083e-06
20583.0004882812 6.83979394168012e-06
20593.0004882812 7.401620111183e-06
20603.0004882812 8.00801133882851e-06
20613.0004882812 7.32811492701782e-06
20623.0004882812 8.95005355824319e-06
20633.0004882812 1.06045416002975e-05
20643.0004882812 1.12266931410375e-05
20653.0004882812 1.11061935455074e-05
20663.0004882812 1.231818730141e-05
20673.0004882812 1.30797820655116e-05
20683.0004882812 1.49316082590585e-05
20693.0004882812 1.74608466384657e-05
20703.0004882812 1.65025544387072e-05
20713.0004882812 2.04016223162243e-05
20723.0004882812 2.43160194025243e-05
20733.0004882812 3.17917438117393e-05
20743.0004882812 3.65366133239636e-05
20753.0004882812 4.13994513566029e-05
20763.0004882812 5.41810506634456e-05
20773.0004882812 6.49563601451504e-05
20783.0004882812 8.15260202034987e-05
20793.0004882812 0.000107468534426908
20803.0004882812 0.000140004092258969
20813.0004882812 0.000184095122515192
20823.0004882812 0.000248850313052842
20833.0004882812 0.000342441273778515
20843.0004882812 0.000474070662755839
20853.0004882812 0.00067772846133896
20863.0004882812 0.000983255442436384
20873.0004882812 0.00147884079764724
20883.0004882812 0.0022280736881705
20893.0004882812 0.00342182439885087
20903.0004882812 0.00529499642445861
20913.0004882812 0.0079761572840335
20923.0004882812 0.0119179076847203
20933.0004882812 0.0170920355850297
20943.0004882812 0.023705229505572
20953.0004882812 0.0317774720970476
20963.0004882812 0.0413421890369457
20973.0004882812 0.0521816673773425
20983.0004882812 0.0634177629503323
20993.0004882812 0.074177014616278
21003.0004882812 0.0832909075270006
21013.0004882812 0.0919437907993178
21023.0004882812 0.102107844975027
21033.0004882812 0.113692387375293
21043.0004882812 0.126681494007581
21053.0004882812 0.143501654510207
21063.0004882812 0.161997609157743
21073.0004882812 0.184937409276131
21083.0004882812 0.209318477295902
21093.0004882812 0.240101591381697
21103.0004882812 0.272344911944209
21113.0004882812 0.307938919504424
21123.0004882812 0.34443577627641
21133.0004882812 0.377279828126946
21143.0004882812 0.409575346447049
21153.0004882812 0.433287268938421
21163.0004882812 0.451935356890811
21173.0004882812 0.466291312694277
21183.0004882812 0.475340524703226
21193.0004882812 0.477677481467459
21203.0004882812 0.481799708971875
21213.0004882812 0.481406182657081
21223.0004882812 0.483142931263026
21233.0004882812 0.483120235566268
21243.0004882812 0.479361479054245
21253.0004882812 0.475956568905441
21263.0004882812 0.468710255661374
21273.0004882812 0.455360016441247
21283.0004882812 0.43529105694243
21293.0004882812 0.408468869997628
21303.0004882812 0.374006509839276
21313.0004882812 0.339505361377336
21323.0004882812 0.300410180317516
21333.0004882812 0.264396555245228
21343.0004882813 0.229902079552556
21353.0004882812 0.198308240696314
21363.0004882812 0.170700594227602
21373.0004882812 0.147237150496062
21383.0004882813 0.128824612541826
21393.0004882812 0.111995775754461
21403.0004882812 0.0979074041138375
21413.0004882812 0.0847365462146525
21423.0004882813 0.0719701807109283
21433.0004882812 0.0604535527959931
21443.0004882812 0.0499166196255189
21453.0004882812 0.0409577971498568
21463.0004882813 0.0326772128736034
21473.0004882812 0.0256805772133907
21483.0004882812 0.019772936362234
21493.0004882812 0.0147751313743113
21503.0004882813 0.0107321893528118
21513.0004882812 0.00751350535546963
21523.0004882812 0.00511302873939956
21533.0004882812 0.00337216512204375
21543.0004882813 0.00221792788330671
21553.0004882812 0.0014537495330274
21563.0004882812 0.000965095690295644
21573.0004882812 0.000658268194450322
21583.0004882813 0.000460500469333593
21593.0004882812 0.000325461959139252
21603.0004882812 0.000239286372676791
21613.0004882812 0.000176958469610722
21623.0004882813 0.000132413408072522
21633.0004882812 0.000103485943394188
21643.0004882812 7.86028070270288e-05
21653.0004882812 6.29403006770915e-05
21663.0004882813 5.01579201155068e-05
21673.0004882812 4.12719851799328e-05
21683.0004882812 3.26288045335723e-05
21693.0004882812 2.74666452926386e-05
21703.0004882813 2.4639908621456e-05
21713.0004882812 2.18562701815272e-05
21723.0004882812 1.72155875002391e-05
21733.0004882812 1.64801075491138e-05
21743.0004882813 1.40004143906237e-05
21753.0004882812 1.29986549928808e-05
21763.0004882812 1.06642266925662e-05
21773.0004882812 1.07290747425232e-05
21783.0004882812 9.84460633957076e-06
21793.0004882812 8.62788159930342e-06
21803.0004882812 1.03768094156964e-05
21813.0004882812 9.55913072004181e-06
21823.0004882812 8.88022595015323e-06
21833.0004882812 7.0450629314516e-06
21843.0004882812 8.47692660364782e-06
21853.0004882812 6.88916795264244e-06
21863.0004882812 9.5670613090239e-06
21873.0004882812 6.40651216713628e-06
21883.0004882812 6.05504953013429e-06
21893.0004882812 6.81413979336154e-06
21903.0004882812 8.23441703878272e-06
21913.0004882812 9.14294596898354e-06
21923.0004882812 7.47736703982671e-06
21933.0004882812 6.45580190068297e-06
21943.0004882812 8.44697345970836e-06
21953.0004882812 4.53080810325777e-06
21963.0004882812 5.37864533845202e-06
21973.0004882812 8.47453465309014e-06
21983.0004882812 9.26704752591771e-06
21993.0004882812 6.93082316452959e-06
22003.0004882812 5.45526995035079e-06
22013.0004882812 8.58741627001827e-06
22023.0004882812 9.20292353016898e-06
22033.0004882812 8.72459183017393e-06
22043.0004882812 8.87900070152236e-06
22053.0004882812 7.00574861366681e-06
22063.0004882812 7.16324718367742e-06
22073.0004882812 6.43365855114074e-06
22083.0004882812 8.46706223547106e-06
22093.0004882812 5.92326352609039e-06
22103.0004882812 3.86597684114704e-06
22113.0004882812 6.87099634875882e-06
22123.0004882812 9.82961073708538e-06
22133.0004882812 5.8622426820599e-06
22143.0004882812 8.71747155722837e-06
22153.0004882812 6.57063225666961e-06
22163.0004882812 9.59925441293064e-06
22173.0004882812 7.00789175511126e-06
22183.0004882812 1.1044794659793e-05
22193.0004882812 1.00988465154396e-05
22203.0004882812 7.45402107042567e-06
22213.0004882812 8.61472729687065e-06
22223.0004882812 7.07135401017014e-06
22233.0004882812 8.48198062474689e-06
22243.0004882812 5.59863423150468e-06
22253.0004882812 7.29567948787808e-06
22263.0004882812 6.89586024253055e-06
22273.0004882812 6.91130869232498e-06
22283.0004882812 4.71966498340082e-06
22293.0004882812 1.29026283547939e-05
22303.0004882812 8.28161098937654e-06
22313.0004882812 1.10546166037364e-05
22323.0004882812 9.46635787779379e-06
22333.0004882812 7.89821559589049e-06
22343.0004882812 4.75034782467689e-06
22353.0004882812 9.19666492659234e-06
22363.0004882812 6.96890017865559e-06
22373.0004882812 9.7429970788092e-06
22383.0004882812 6.93236926432707e-06
22393.0004882812 9.87895284434307e-06
22403.0004882812 6.74227519358673e-06
22413.0004882812 9.00373224056489e-06
22423.0004882812 1.11369696397444e-05
22433.0004882812 8.0503574603642e-06
22443.0004882812 8.98147210469256e-06
22453.0004882812 1.39125407048529e-05
22463.0004882812 1.07917139383257e-05
22473.0004882812 1.01647403104288e-05
22483.0004882812 5.11082042350754e-06
22493.0004882812 1.15191222559903e-05
22503.0004882812 9.79294074966093e-06
22513.0004882812 1.4406551754864e-05
22523.0004882812 7.0074572683032e-06
22533.0004882812 8.41020073194161e-06
22543.0004882812 9.19000836875001e-06
22553.0004882812 1.0219144699441e-05
22563.0004882812 8.54939183133656e-06
22573.0004882812 5.62956373853481e-06
22583.0004882812 1.05001168356705e-05
22593.0004882813 1.07073080704476e-05
22603.0004882812 1.03078038986312e-05
22613.0004882812 8.77171159054413e-06
22623.0004882812 6.21643646194517e-06
22633.0004882813 8.95078344038287e-06
22643.0004882812 1.69214769406463e-05
22653.0004882812 8.41777281931209e-06
22663.0004882812 9.6286710626664e-06
22673.0004882813 8.46902043753252e-06
22683.0004882812 6.0917801141103e-06
22693.0004882812 9.4533792695148e-06
22703.0004882812 1.10143569620761e-05
22713.0004882813 9.81586078098397e-06
22723.0004882812 1.22600258196377e-05
22733.0004882812 1.00365164957858e-05
22743.0004882812 1.06674514138202e-05
22753.0004882813 1.20707588136982e-05
22763.0004882812 5.84427676377586e-06
22773.0004882812 5.92844888796038e-06
22783.0004882812 7.79287859764581e-06
22793.0004882813 8.86948556595292e-06
22803.0004882812 7.32923080067005e-06
22813.0004882812 8.32311314683337e-06
22823.0004882812 7.93998838073873e-06
22833.0004882813 8.1982608528421e-06
22843.0004882812 8.14900343115933e-06
22853.0004882812 7.1779326673993e-06
22863.0004882812 7.64728708972703e-06
22873.0004882813 3.41527584752077e-06
22883.0004882812 6.91601016683085e-06
22893.0004882812 6.61843941575551e-06
22903.0004882812 6.52849854860792e-06
22913.0004882813 6.5049378325511e-06
22923.0004882812 2.98411936958706e-06
22933.0004882812 4.3138268187494e-06
22943.0004882812 7.34631576977908e-06
22953.0004882813 5.89923734150365e-06
22963.0004882812 4.62515230602731e-06
22973.0004882812 5.19788358613541e-06
22983.0004882812 3.84396254404015e-06
22993.0004882813 5.78070284609903e-06
23003.0004882812 5.5796557125928e-06
23013.0004882812 2.85780415149305e-06
23023.0004882812 2.65240721195871e-06
23033.0004882812 4.66636966325738e-06
23043.0004882812 3.95949361794803e-06
23053.0004882812 4.76211892124636e-06
23063.0004882812 5.09885439617152e-06
23073.0004882812 3.88893112183354e-06
23083.0004882812 4.68701120691807e-06
23093.0004882812 2.81796677997545e-06
23103.0004882812 2.67348691688487e-06
23113.0004882812 4.24911706845926e-06
23123.0004882812 3.17016591558527e-06
23133.0004882812 4.61594016052989e-06
23143.0004882812 3.2227893811018e-06
23153.0004882812 3.82084111574121e-06
23163.0004882812 2.74028740787126e-06
23173.0004882812 1.55026131281384e-06
23183.0004882812 3.19823165643703e-06
23193.0004882812 2.61383048395989e-06
23203.0004882812 3.190376930798e-06
23213.0004882812 1.34083131203249e-06
23223.0004882812 1.79669548341834e-06
23233.0004882812 2.45413960524214e-06
23243.0004882812 1.36219566389293e-06
23253.0004882812 1.91625844400708e-06
23263.0004882812 2.07537912274085e-06
23273.0004882812 1.83636816613213e-06
23283.0004882812 1.98362003371271e-06
23293.0004882812 1.65324564195274e-06
23303.0004882812 1.24241200801426e-06
23313.0004882812 2.68446176395758e-06
23323.0004882812 2.54191844937874e-06
23333.0004882812 1.83078109602904e-06
23343.0004882812 1.57926693690977e-06
23353.0004882812 1.64196061562383e-06
23363.0004882812 1.61942554968803e-06
23373.0004882812 1.54939934733302e-06
23383.0004882812 8.98565275047759e-07
23393.0004882812 1.19063328897985e-06
23403.0004882812 7.94401879141214e-07
23413.0004882812 7.65483759485048e-07
23423.0004882812 1.24152526776658e-06
23433.0004882812 1.09152615742702e-06
23443.0004882812 1.22961437150021e-06
23453.0004882812 1.1670974749519e-06
23463.0004882812 8.40946876834491e-07
23473.0004882812 1.07064352792523e-06
23483.0004882812 1.06238646519484e-06
23493.0004882812 9.15309460970327e-07
23503.0004882812 1.2396571642514e-06
23513.0004882812 8.23820716223864e-07
23523.0004882812 9.72795188642746e-07
23533.0004882812 1.07156734217153e-06
23543.0004882812 1.06976193686399e-06
23553.0004882812 8.27106982609889e-07
23563.0004882812 7.67357974337697e-07
23573.0004882812 7.94978145886306e-07
23583.0004882812 6.63115119717302e-07
23593.0004882812 9.79111891764461e-07
23603.0004882812 8.28430902711628e-07
23613.0004882812 6.05333135600194e-07
23623.0004882812 7.88492628411989e-07
23633.0004882812 5.71209209727484e-07
23643.0004882812 5.71923935557004e-07
23653.0004882812 5.03210684621629e-07
23663.0004882812 5.09066886467983e-07
23673.0004882812 4.37430005369621e-07
23683.0004882812 4.32576074010015e-07
23693.0004882812 3.90783363168454e-07
23703.0004882812 2.98448837238729e-07
23713.0004882812 2.53494528539048e-07
23723.0004882812 2.06233044826197e-07
23733.0004882812 1.71726487868646e-07
23743.0004882812 1.77066721105587e-07
23753.0004882812 1.0145657587667e-07
23763.0004882812 9.67852713099083e-08
23773.0004882812 1.01249585475035e-07
23783.0004882812 1.43948929891421e-07
23793.0004882812 1.4610453393191e-07
23803.0004882812 1.26454397280203e-07
23813.0004882812 1.32593281859693e-07
23823.0004882812 1.11491080082373e-07
23833.0004882812 7.737272790714e-08
23843.0004882813 9.08621985501629e-08
23853.0004882812 5.22480556889371e-08
23863.0004882812 9.02103286827278e-08
23873.0004882812 6.54707415643812e-08
23883.0004882813 7.46456333549251e-08
23893.0004882812 7.55693250167282e-08
23903.0004882812 6.73370471203213e-08
23913.0004882812 6.66275483973253e-08
23923.0004882813 2.74365363497208e-08
23933.0004882812 5.56978099539151e-08
23943.0004882812 4.56585737622806e-08
23953.0004882812 4.54679897445648e-08
23963.0004882813 4.04115059168553e-08
23973.0004882812 4.56338939391243e-08
23983.0004882812 3.31698671936966e-08
23993.0004882812 3.89566105323962e-08
24003.0004882813 2.62242867889065e-08
24013.0004882812 3.10971710973181e-08
24023.0004882812 2.80081816654841e-08
24033.0004882812 2.16178544436288e-08
24043.0004882813 2.49593748689091e-08
24053.0004882812 1.95333176862241e-08
24063.0004882812 1.56272437169383e-08
24073.0004882812 1.18619452343385e-08
24083.0004882813 1.15878037900327e-08
24093.0004882812 1.286191194552e-08
24103.0004882812 8.51950489081787e-09
24113.0004882812 7.25551574487e-09
24123.0004882813 5.9557400287175e-09
24133.0004882812 6.24689885390726e-09
24143.0004882812 4.56842562575867e-09
24153.0004882812 5.81995104603954e-09
24163.0004882813 4.48956743557581e-09
24173.0004882812 3.08731967698633e-09
24183.0004882812 2.57849467870404e-09
24193.0004882812 2.67516487719114e-09
24203.0004882813 1.73734834912844e-09
24213.0004882812 1.97967978917343e-09
24223.0004882812 1.85104033487703e-09
24233.0004882812 1.46769352700183e-09
24243.0004882813 1.34772085376641e-09
24253.0004882812 1.13184237892538e-09
24263.0004882812 1.28404109949592e-09
24273.0004882812 8.09104356044333e-10
24283.0004882812 1.03327988326757e-09
24293.0004882812 7.5588613834672e-10
24303.0004882812 7.32659146647593e-10
24313.0004882812 8.37807551681106e-10
24323.0004882812 4.26224547503448e-10
24333.0004882812 4.80586362438705e-10
24343.0004882812 6.02537279804632e-10
24353.0004882812 5.54845209555076e-10
24363.0004882812 3.09508284689038e-10
24373.0004882812 3.12429417233928e-10
24383.0004882812 3.71974488388391e-10
24393.0004882812 3.33298870587911e-10
24403.0004882812 2.16173702327825e-10
24413.0004882812 3.10304252910915e-10
24423.0004882812 2.63206574462246e-10
24433.0004882812 1.73943727832507e-10
24443.0004882812 2.09410066992307e-10
24453.0004882812 1.99673339067185e-10
24463.0004882812 1.7678897893525e-10
24473.0004882812 1.0654137510303e-10
24483.0004882812 1.14815491199852e-10
24493.0004882812 1.08740053907441e-10
24503.0004882812 1.35045649598513e-10
24513.0004882812 7.18726733939324e-11
24523.0004882812 8.4528497426672e-11
24533.0004882812 6.77531043022034e-11
24543.0004882812 5.55174748355676e-11
24553.0004882812 7.24011463228968e-11
24563.0004882812 5.16777931211271e-11
24573.0004882812 5.1296232267905e-11
24583.0004882812 5.88789443597045e-11
24593.0004882812 4.52002261381587e-11
24603.0004882812 3.79599054645828e-11
24613.0004882812 3.40163626944078e-11
24623.0004882812 3.19384168501986e-11
24633.0004882812 2.77713247899008e-11
24643.0004882812 2.02519435078282e-11
24653.0004882812 1.05405021071855e-11
24663.0004882812 1.36983149318344e-11
24673.0004882812 1.60647964590116e-11
24683.0004882812 1.46033549100268e-11
24693.0004882812 1.11249741886456e-11
24703.0004882812 1.12673481178272e-11
24713.0004882812 1.29154562504979e-11
24723.0004882812 8.72162878434526e-12
24733.0004882812 1.06452397749212e-11
24743.0004882812 5.03468355556115e-12
24753.0004882812 7.31755347232358e-12
24763.0004882812 5.73797778105052e-12
24773.0004882812 7.91854615121396e-12
24783.0004882812 7.9031461004012e-12
24793.0004882812 3.85138780493439e-12
24803.0004882812 3.32576932917563e-12
24813.0004882812 4.5945161942817e-12
24823.0004882812 3.23136735325736e-12
24833.0004882812 1.26571639252036e-12
24843.0004882812 2.27756226687938e-12
24853.0004882812 2.12810779003485e-12
24863.0004882812 2.54837972105307e-12
24873.0004882812 2.75994117505215e-12
24883.0004882812 2.32424360633537e-12
24893.0004882812 1.85377180293857e-12
24903.0004882812 1.41920616336934e-12
24913.0004882812 1.74137555061118e-12
24923.0004882812 1.31136311130182e-12
24933.0004882812 1.22140275764805e-12
24943.0004882812 9.18693514665247e-13
24953.0004882812 9.01525378832907e-13
24963.0004882812 9.24938143201591e-13
24973.0004882812 8.86034390205412e-13
24983.0004882812 6.71826259571789e-13
24993.0004882812 7.64242858474454e-13
25003.0004882812 8.14840397923371e-13
25013.0004882812 5.41297508010061e-13
25023.0004882812 6.62678499470573e-13
25033.0004882812 7.03780539666513e-13
25043.0004882812 4.37501847649939e-13
25053.0004882812 5.25893284603387e-13
25063.0004882812 3.5347158813846e-13
25073.0004882812 4.30329868342919e-13
25083.0004882812 3.56506221169357e-13
25093.0004882813 2.02733892101886e-13
25103.0004882812 2.06786116938283e-13
25113.0004882812 2.22990728278746e-13
25123.0004882812 2.38611935114606e-13
25133.0004882813 1.89663402926837e-13
25143.0004882812 1.64825922569566e-13
25153.0004882812 1.49044144192054e-13
25163.0004882812 1.75279578814995e-13
25173.0004882813 1.2817384797229e-13
25183.0004882812 1.23494155903378e-13
25193.0004882812 8.37467088839475e-14
25203.0004882812 1.08100641745312e-13
25213.0004882813 1.13251952471441e-13
25223.0004882812 7.22671157286027e-14
25233.0004882812 9.55727220428818e-14
25243.0004882812 4.61027908614995e-14
25253.0004882813 5.25154794601645e-14
25263.0004882812 1.01137554374125e-13
25273.0004882812 7.94002895774813e-14
25283.0004882812 6.46161416130525e-14
25293.0004882813 4.99546861150332e-14
25303.0004882812 6.43481875078587e-14
25313.0004882812 3.4610100311014e-14
25323.0004882812 3.94853385823287e-14
25333.0004882813 4.22513800160999e-14
25343.0004882812 3.64742115863642e-14
25353.0004882812 4.14947328546798e-14
25363.0004882812 3.46106411806741e-14
25373.0004882813 2.71043697448585e-14
25383.0004882812 2.5522597814535e-14
25393.0004882812 3.04477516206043e-14
25403.0004882812 3.78546922346578e-14
25413.0004882813 3.27711327285047e-14
25423.0004882812 1.50937446225713e-14
25433.0004882812 2.68163994146324e-14
25443.0004882812 3.21572941430413e-14
25453.0004882813 1.42840609461537e-14
25463.0004882812 1.24173531573888e-14
25473.0004882812 1.33028612007722e-14
25483.0004882812 1.75390366887668e-14
25493.0004882813 1.65335335758241e-14
25503.0004882812 1.20146922550972e-14
25513.0004882812 6.49962190069076e-15
25523.0004882812 8.47105071230373e-15
25533.0004882812 6.51867507620588e-15
25543.0004882812 8.79031641822984e-15
25553.0004882812 7.35413807877057e-15
25563.0004882812 8.93997644044345e-15
25573.0004882812 8.54712480523089e-15
25583.0004882812 4.72684962928576e-15
25593.0004882812 5.41954039193003e-15
25603.0004882812 8.58584388640127e-15
25613.0004882812 2.95382014753213e-15
25623.0004882812 6.73397501685971e-15
25633.0004882812 3.91978240906163e-15
25643.0004882812 5.82671759378685e-15
25653.0004882812 1.51298189915805e-15
25663.0004882812 2.94146802457671e-15
25673.0004882812 1.65697742610246e-15
25683.0004882812 2.53553557058506e-15
25693.0004882812 2.6732308109535e-15
25703.0004882812 3.4473856932232e-15
25713.0004882812 2.93197028203365e-15
25723.0004882812 1.16342912230867e-15
25733.0004882812 1.58804747770347e-15
25743.0004882812 1.4798902002092e-15
25753.0004882812 1.48386490200408e-15
25763.0004882812 1.24602389978043e-15
25773.0004882812 1.17737259129487e-15
25783.0004882812 1.05568004233755e-15
25793.0004882812 7.38228170319687e-16
25803.0004882812 5.53116472804367e-16
25813.0004882812 8.94157274997953e-16
25823.0004882812 6.21127595697454e-16
25833.0004882812 4.93665458729544e-16
25843.0004882812 9.42919201115209e-16
25853.0004882812 5.35791098739938e-16
25863.0004882812 3.2356710327269e-16
25873.0004882812 5.6854471980386e-16
25883.0004882812 2.74968016218832e-16
25893.0004882812 4.38116314656786e-16
25903.0004882812 4.11906588876771e-16
25913.0004882812 3.59743465278512e-16
25923.0004882812 2.57092509443349e-16
25933.0004882812 2.73174300349532e-16
25943.0004882812 1.37150338340234e-16
25953.0004882812 1.44286591604627e-16
25963.0004882812 1.84324569230549e-16
25973.0004882812 1.89596315571708e-16
25983.0004882812 1.84537009934407e-16
