"wave" "response"
5504.00024414063 3.10619883690395e-10
5514.00024414063 2.23690500352354e-10
5524.00024414063 3.52991309491547e-10
5534.00024414063 7.85654058804252e-10
5544.00024414063 7.50603915404423e-10
5554.00024414063 1.05441579117226e-09
5564.00024414063 7.22068109183714e-10
5574.00024414062 5.94604386742393e-10
5584.00024414062 4.29553995213216e-10
5594.00024414062 4.75891816154817e-10
5604.00024414062 8.56469967761302e-10
5614.00024414062 8.57938791110848e-10
5624.00024414062 5.05873280238455e-10
5634.00024414062 3.42225690317467e-11
5644.00024414062 2.27501447135839e-11
5654.00024414062 1.20250474989822e-10
5664.00024414062 6.027011474947e-10
5674.00024414062 6.06575399008473e-10
5684.00024414062 9.76173415170107e-10
5694.00024414062 8.26644810842216e-10
5704.00024414062 7.75717790233312e-10
5714.00024414062 4.69465262993543e-10
5724.00024414062 1.24119002741101e-09
5734.00024414062 1.96519569165281e-09
5744.00024414062 1.83676097311403e-09
5754.00024414062 1.74587508685209e-09
5764.00024414062 1.78999279194237e-09
5774.00024414062 2.86446234919343e-09
5784.00024414062 1.67329640116175e-09
5794.00024414062 2.00385255948915e-09
5804.00024414062 2.00090029669187e-09
5814.00024414062 2.50989043716353e-09
5824.00024414062 1.33864070615359e-09
5834.00024414062 2.68837181438549e-09
5844.00024414062 6.5155401280195e-09
5854.00024414062 6.5245550776667e-09
5864.00024414062 5.14238949225188e-09
5874.00024414062 2.93944603038405e-09
5884.00024414062 3.28543558462878e-09
5894.00024414062 2.41748049686526e-09
5904.00024414062 6.14815055920175e-09
5914.00024414062 6.34070421442343e-09
5924.00024414062 7.90606487114057e-09
5934.00024414062 7.26536773912902e-09
5944.00024414062 7.00772969563707e-09
5954.00024414062 7.00727766664909e-09
5964.00024414062 3.71933519301637e-09
5974.00024414062 6.33897717865221e-09
5984.00024414062 9.17903246913431e-09
5994.00024414062 9.738377733017e-09
6004.00024414062 1.60376010587535e-08
6014.00024414062 1.22852892015014e-08
6024.00024414062 8.71215876812745e-09
6034.00024414062 8.64603086247326e-09
6044.00024414062 8.78529900930983e-09
6054.00024414062 8.21307008956364e-09
6064.00024414062 8.17595755636517e-09
6074.00024414062 9.60044389959149e-09
6084.00024414062 1.05378727486976e-08
6094.00024414062 1.31162071785289e-08
6104.00024414062 1.56862996645808e-08
6114.00024414062 1.55169456971212e-08
6124.00024414062 1.04568908145189e-08
6134.00024414062 1.11646438683219e-08
6144.00024414062 8.74209844061729e-09
6154.00024414062 1.14007219542932e-08
6164.00024414062 1.0376035542017e-08
6174.00024414062 1.09417638389594e-08
6184.00024414062 1.15660725103993e-08
6194.00024414062 8.67649020284666e-09
6204.00024414062 9.85841137713202e-09
6214.00024414062 1.29653515292904e-08
6224.00024414062 1.65261790186034e-08
6234.00024414062 1.5799387044802e-08
6244.00024414062 9.41628257018771e-09
6254.00024414062 8.35772127112858e-09
6264.00024414062 1.1006701864953e-08
6274.00024414062 1.3233205288763e-08
6284.00024414062 9.78997601548432e-09
6294.00024414062 6.09373551470134e-09
6304.00024414062 1.58759242972824e-08
6314.00024414062 2.39206288431335e-08
6324.00024414062 2.59620735004159e-08
6334.00024414062 2.47904090315539e-08
6344.00024414062 2.7630921692027e-08
6354.00024414062 2.97419736269678e-08
6364.00024414062 2.72447894253127e-08
6374.00024414062 3.26058132279334e-08
6384.00024414062 2.97687326349194e-08
6394.00024414062 2.4659284010313e-08
6404.00024414062 2.17018759621268e-08
6414.00024414062 2.35615422847434e-08
6424.00024414062 2.87398015218378e-08
6434.00024414062 2.68063777032027e-08
6444.00024414062 2.99292791573523e-08
6454.00024414062 3.83251189256039e-08
6464.00024414062 3.77017582916441e-08
6474.00024414062 4.35568929212743e-08
6484.00024414062 4.47211063972577e-08
6494.00024414062 4.27596880859228e-08
6504.00024414062 4.1554192535304e-08
6514.00024414062 3.83382135951161e-08
6524.00024414062 4.07947528479664e-08
6534.00024414062 5.04007938948818e-08
6544.00024414062 4.89038963554934e-08
6554.00024414062 4.41479803219371e-08
6564.00024414062 3.11506851161483e-08
6574.00024414062 3.96987000872271e-08
6584.00024414062 5.0090880603466e-08
6594.00024414062 4.7296104016509e-08
6604.00024414062 3.55700851683267e-08
6614.00024414062 4.43996181718012e-08
6624.00024414062 4.32104921958532e-08
6634.00024414062 3.75387453985152e-08
6644.00024414062 3.37352338103555e-08
6654.00024414062 2.49932967136351e-08
6664.00024414062 2.88026714944693e-08
6674.00024414062 2.78196358215805e-08
6684.00024414062 2.78828662152912e-08
6694.00024414062 2.37882863746796e-08
6704.00024414062 2.32761190402759e-08
6714.00024414063 2.76266468126555e-08
6724.00024414063 3.15984854640169e-08
6734.00024414063 3.1751336296527e-08
6744.00024414063 3.58656200104523e-08
6754.00024414063 3.59715837624069e-08
6764.00024414063 3.76145550924192e-08
6774.00024414063 3.16076476548352e-08
6784.00024414063 3.61931215166387e-08
6794.00024414063 3.95838977370079e-08
6804.00024414063 2.78247767627916e-08
6814.00024414063 3.10316492777881e-08
6824.00024414062 2.99114941696079e-08
6834.00024414062 3.60922175529417e-08
6844.00024414062 4.02826271082045e-08
6854.00024414062 4.01305822210843e-08
6864.00024414062 4.45633270035278e-08
6874.00024414062 4.33667924385579e-08
6884.00024414062 5.17314193915286e-08
6894.00024414062 5.913557295038e-08
6904.00024414062 4.30078228055846e-08
6914.00024414062 3.6672717016575e-08
6924.00024414062 3.56924831033899e-08
6934.00024414062 3.76239525994e-08
6944.00024414062 2.10933338545034e-08
6954.00024414062 1.94879683155206e-08
6964.00024414062 1.57173535504426e-08
6974.00024414062 2.4866462549358e-08
6984.00024414062 3.49928980808706e-08
6994.00024414062 4.71313089327283e-08
7004.00024414062 4.60940836452539e-08
7014.00024414062 4.98857692058796e-08
7024.00024414062 4.64176884578126e-08
7034.00024414062 3.04191844615017e-08
7044.00024414062 4.25002427195671e-08
7054.00024414062 4.60588989642168e-08
7064.00024414062 4.69323439630437e-08
7074.00024414062 4.62218605892429e-08
7084.00024414062 5.39117061757642e-08
7094.00024414062 6.68456997808325e-08
7104.00024414062 5.7127682544768e-08
7114.00024414062 3.68026822188454e-08
7124.00024414062 4.95027924782346e-08
7134.00024414062 4.95489430219245e-08
7144.00024414062 3.76851803783518e-08
7154.00024414062 4.44381033241109e-08
7164.00024414062 4.45665859894068e-08
7174.00024414062 4.0600512437506e-08
7184.00024414062 3.56667529540181e-08
7194.00024414062 3.98209343977984e-08
7204.00024414062 3.12738628933685e-08
7214.00024414062 3.56137279843884e-08
7224.00024414062 3.65564285354964e-08
7234.00024414062 3.33668508422544e-08
7244.00024414062 2.39227622744076e-08
7254.00024414062 1.86007180942232e-08
7264.00024414062 2.79020010553488e-08
7274.00024414062 2.99662729749498e-08
7284.00024414062 3.54075852685331e-08
7294.00024414062 3.89485119092475e-08
7304.00024414062 4.67788241691396e-08
7314.00024414062 4.79757469072087e-08
7324.00024414062 4.80764617107567e-08
7334.00024414062 5.25112128446769e-08
7344.00024414062 6.42521619683988e-08
7354.00024414062 6.69973092515422e-08
7364.00024414062 7.25385697279876e-08
7374.00024414062 6.18933268737156e-08
7384.00024414062 6.23672594365782e-08
7394.00024414062 5.39809487542483e-08
7404.00024414062 5.6760656662415e-08
7414.00024414062 4.17956160308566e-08
7424.00024414062 2.5362466576748e-08
7434.00024414062 1.92849103617951e-08
7444.00024414062 1.95050972066421e-08
7454.00024414062 3.53878323087205e-08
7464.00024414062 3.01626885243222e-08
7474.00024414062 4.83631820293753e-08
7484.00024414062 4.10943316404772e-08
7494.00024414062 4.09482402544162e-08
7504.00024414062 3.19024104391221e-08
7514.00024414062 3.02668595211998e-08
7524.00024414062 2.93781953632692e-08
7534.00024414062 2.99921599197747e-08
7544.00024414062 2.87504094329044e-08
7554.00024414062 2.6651954828012e-08
7564.00024414062 4.23108649080553e-08
7574.00024414062 5.06729637501462e-08
7584.00024414062 5.78962941367863e-08
7594.00024414062 4.73757349319909e-08
7604.00024414062 4.59044539384895e-08
7614.00024414062 3.91572760392541e-08
7624.00024414062 3.92449580199908e-08
7634.00024414062 3.57181678576396e-08
7644.00024414062 3.91540370742615e-08
7654.00024414062 3.84339664920339e-08
7664.00024414062 4.53674380771564e-08
7674.00024414062 5.91183476590632e-08
7684.00024414062 6.92117902784531e-08
7694.00024414062 6.23848072160827e-08
7704.00024414062 5.50361311459948e-08
7714.00024414062 6.96380492337705e-08
7724.00024414062 6.33290998195523e-08
7734.00024414062 7.51660959321447e-08
7744.00024414062 6.42321719825281e-08
7754.00024414062 6.71006481631935e-08
7764.00024414062 6.04889366743507e-08
7774.00024414062 6.43522950584988e-08
7784.00024414062 5.5289448586975e-08
7794.00024414062 5.77699692691634e-08
7804.00024414062 5.62702792067638e-08
7814.00024414062 5.56319516172941e-08
7824.00024414062 4.36430906675111e-08
7834.00024414062 4.46795204937389e-08
7844.00024414062 4.40393701396247e-08
7854.00024414062 4.07779426711052e-08
7864.00024414062 3.834204222337e-08
7874.00024414062 4.75288757480296e-08
7884.00024414062 6.56120529996528e-08
7894.00024414062 7.14673813488048e-08
7904.00024414062 6.15397521459301e-08
7914.00024414062 4.92350457543408e-08
7924.00024414062 4.56697415629949e-08
7934.00024414062 4.2393092445345e-08
7944.00024414062 8.41052686451179e-08
7954.00024414062 1.38935186154258e-07
7964.00024414063 1.78892613103693e-07
7974.00024414063 2.05731073869134e-07
7984.00024414063 2.26748005234445e-07
7994.00024414063 2.46576807815549e-07
8004.00024414063 2.42750414599945e-07
8014.00024414063 2.55987619444832e-07
8024.00024414063 2.75649632858145e-07
8034.00024414063 2.9538160771855e-07
8044.00024414063 3.00812817472803e-07
8054.00024414063 3.07421560534497e-07
8064.00024414063 3.06214435175798e-07
8074.00024414062 3.19928565748434e-07
8084.00024414062 3.06860225612185e-07
8094.00024414062 2.84614000130923e-07
8104.00024414062 2.91958209272824e-07
8114.00024414062 2.56994948017506e-07
8124.00024414062 2.05345069908709e-07
8134.00024414062 1.81163949607492e-07
8144.00024414062 1.57552573630424e-07
8154.00024414062 1.18863724330575e-07
8164.00024414062 1.0600508339658e-07
8174.00024414062 9.78016487902784e-08
8184.00024414062 8.07757094514113e-08
8194.00024414062 7.75819997953411e-08
8204.00024414062 6.52027328893739e-08
8214.00024414062 6.50510187492528e-08
8224.00024414062 6.44086068373164e-08
8234.00024414062 6.25888677631514e-08
8244.00024414062 5.91475983041481e-08
8254.00024414062 7.03368809321796e-08
8264.00024414062 7.71982480831437e-08
8274.00024414062 7.50192424552747e-08
8284.00024414062 7.73978855128828e-08
8294.00024414062 6.87090177875718e-08
8304.00024414062 5.79574497496673e-08
8314.00024414062 4.96984846697512e-08
8324.00024414062 4.13502004441988e-08
8334.00024414062 3.53216829023297e-08
8344.00024414062 4.38411579573356e-08
8354.00024414062 5.08439585117212e-08
8364.00024414062 5.20414572162661e-08
8374.00024414062 6.08335401302424e-08
8384.00024414062 5.38641696104859e-08
8394.00024414062 4.98433448742914e-08
8404.00024414062 5.36655703659742e-08
8414.00024414062 6.58378096277115e-08
8424.00024414062 7.11015737729865e-08
8434.00024414062 7.34163834719143e-08
8444.00024414062 6.34800601504975e-08
8454.00024414062 8.75404825036054e-08
8464.00024414062 9.38770293026656e-08
8474.00024414062 8.80526767992055e-08
8484.00024414062 9.02975026773731e-08
8494.00024414062 1.13948638093188e-07
8504.00024414062 9.58754649404251e-08
8514.00024414062 7.22215190562628e-08
8524.00024414062 7.5421140778368e-08
8534.00024414062 6.84116368585428e-08
8544.00024414062 8.4692560267891e-08
8554.00024414062 9.09687054426213e-08
8564.00024414062 1.00523285729422e-07
8574.00024414062 1.14413512335515e-07
8584.00024414062 1.37613505367031e-07
8594.00024414062 1.17391298712828e-07
8604.00024414062 9.72732388214629e-08
8614.00024414062 1.18119997757809e-07
8624.00024414062 1.42131792514146e-07
8634.00024414062 1.1689277130311e-07
8644.00024414062 1.10007921292272e-07
8654.00024414062 1.09384264533543e-07
8664.00024414062 9.32166651986927e-08
8674.00024414062 6.01588747023292e-08
8684.00024414062 4.94154386415382e-08
8694.00024414062 5.83380397299815e-08
8704.00024414062 7.96901561291099e-08
8714.00024414062 7.07590848689169e-08
8724.00024414062 8.65782842239261e-08
8734.00024414062 8.05469809804427e-08
8744.00024414062 1.00431898213898e-07
8754.00024414062 7.91689278115054e-08
8764.00024414062 1.16387950061786e-07
8774.00024414062 1.48388329054921e-07
8784.00024414062 1.24511921496979e-07
8794.00024414062 1.24885552761738e-07
8804.00024414062 2.13577182634143e-07
8814.00024414062 1.68811250347796e-07
8824.00024414062 1.71113356098017e-07
8834.00024414062 4.44499199082026e-07
8844.00024414062 6.7394785301299e-07
8854.00024414062 6.94637299917599e-07
8864.00024414062 8.49029346200001e-07
8874.00024414062 7.48826281452292e-07
8884.00024414062 5.86299523558082e-07
8894.00024414062 8.34018380246305e-07
8904.00024414062 6.82863798470162e-07
8914.00024414062 7.21392123427471e-07
8924.00024414062 9.21926314919538e-07
8934.00024414062 1.13422200395433e-06
8944.00024414062 8.06667002958501e-07
8954.00024414062 7.34173425370874e-07
8964.00024414062 5.62723419946475e-07
8974.00024414062 4.65613647122728e-07
8984.00024414062 2.38517945563769e-07
8994.00024414062 2.68517399984401e-07
9004.00024414062 2.65430966643826e-07
9014.00024414062 2.71711350085237e-07
9024.00024414062 2.85860542540159e-07
9034.00024414062 2.76966028751356e-07
9044.00024414062 2.65505247841224e-07
9054.00024414062 2.56185341215091e-07
9064.00024414062 2.34669620292555e-07
9074.00024414062 2.23385239011481e-07
9084.00024414062 2.30157970703381e-07
9094.00024414062 1.95479748398991e-07
9104.00024414062 1.96362142871907e-07
9114.00024414062 2.1601284792257e-07
9124.00024414062 1.97112025107526e-07
9134.00024414062 1.97810432469496e-07
9144.00024414062 2.17328634110745e-07
9154.00024414062 2.08026530257721e-07
9164.00024414062 1.89231839958171e-07
9174.00024414062 1.83478994326747e-07
9184.00024414062 1.81896429335705e-07
9194.00024414062 2.11817068747404e-07
9204.00024414062 2.09805117482733e-07
9214.00024414062 2.21219065776658e-07
9224.00024414062 2.65606891030242e-07
9234.00024414062 2.86824221457766e-07
9244.00024414062 2.85095866412235e-07
9254.00024414062 3.06892399037267e-07
9264.00024414062 3.00855512718154e-07
9274.00024414062 2.9171975655901e-07
9284.00024414062 3.05917815125656e-07
9294.00024414062 3.23602331028292e-07
9304.00024414062 3.20315641631475e-07
9314.00024414062 3.48414714217977e-07
9324.00024414062 3.65516310236164e-07
9334.00024414062 3.83460181627987e-07
9344.00024414062 3.88064679390815e-07
9354.00024414062 4.06944681284688e-07
9364.00024414062 4.17165776265341e-07
9374.00024414062 4.16534145541816e-07
9384.00024414062 4.06183630386651e-07
9394.00024414062 4.15266858502184e-07
9404.00024414062 4.20884564009954e-07
9414.00024414062 4.09030415158686e-07
9424.00024414062 3.99251769130793e-07
9434.00024414062 3.84198447380599e-07
9444.00024414062 3.89756015856916e-07
9454.00024414062 4.12192491659604e-07
9464.00024414062 3.95055489337445e-07
9474.00024414062 3.74972754267918e-07
9484.00024414062 3.95036567361689e-07
9494.00024414062 3.88307000950483e-07
9504.00024414062 3.59792117607305e-07
9514.00024414062 3.91202980235092e-07
9524.00024414062 3.9793604077043e-07
9534.00024414062 3.8972176181007e-07
9544.00024414062 3.98763812744447e-07
9554.00024414062 3.89781753097596e-07
9564.00024414062 3.58748289115077e-07
9574.00024414062 3.60696723021631e-07
9584.00024414062 3.64890673332751e-07
9594.00024414062 3.20989823757892e-07
9604.00024414062 3.01781896923805e-07
9614.00024414062 3.13510568027483e-07
9624.00024414062 3.00907696253194e-07
9634.00024414062 2.86483983654917e-07
9644.00024414062 3.04197677974427e-07
9654.00024414062 3.07277102856158e-07
9664.00024414062 3.03169524815486e-07
9674.00024414062 2.99746917154194e-07
9684.00024414062 3.07674350788922e-07
9694.00024414062 3.07000325864133e-07
9704.00024414062 2.96677597038579e-07
9714.00024414062 3.01072968296432e-07
9724.00024414062 3.20752782736542e-07
9734.00024414062 3.16700809456027e-07
9744.00024414062 3.14839882484442e-07
9754.00024414062 3.39477855314485e-07
9764.00024414062 3.53126007022758e-07
9774.00024414062 3.52949714416595e-07
9784.00024414062 3.37921703143926e-07
9794.00024414062 3.42383373573053e-07
9804.00024414062 3.32397276986448e-07
9814.00024414062 3.4084395047503e-07
9824.00024414062 3.32240909181282e-07
9834.00024414062 3.36550246185573e-07
9844.00024414062 3.22593876047876e-07
9854.00024414062 3.10185458805673e-07
9864.00024414062 2.8350489207914e-07
9874.00024414062 2.95852193351844e-07
9884.00024414062 3.03464791008328e-07
9894.00024414062 3.09799582774048e-07
9904.00024414062 3.08917291077159e-07
9914.00024414062 3.12235270979936e-07
9924.00024414062 3.08433028607608e-07
9934.00024414062 2.93599705899634e-07
9944.00024414062 2.78282035409816e-07
9954.00024414062 9.0384581206916e-07
9964.00024414062 1.52203087091679e-06
9974.00024414062 1.89449081668243e-06
9984.00024414062 2.09902070056563e-06
9994.00024414062 2.54967316133332e-06
10004.0002441406 2.64566480235754e-06
10014.0002441406 2.73964207872664e-06
10024.0002441406 2.60634087937316e-06
10034.0002441406 2.51530228951299e-06
10044.0002441406 2.41360122080964e-06
10054.0002441406 2.42064591400493e-06
10064.0002441406 2.3329654871407e-06
10074.0002441406 2.45963037097711e-06
10084.0002441406 2.48285260148367e-06
10094.0002441406 2.41457986240392e-06
10104.0002441406 2.32850652987792e-06
10114.0002441406 2.48583454530947e-06
10124.0002441406 2.58395846287351e-06
10134.0002441406 2.53384515677139e-06
10144.0002441406 2.56560740478918e-06
10154.0002441406 2.48288522729306e-06
10164.0002441406 2.2942064711251e-06
10174.0002441406 2.2781066367835e-06
10184.0002441406 2.31178439234991e-06
10194.0002441406 2.3869402646481e-06
10204.0002441406 2.2915458636926e-06
10214.0002441406 2.25100884916006e-06
10224.0002441406 2.22863970146087e-06
10234.0002441406 2.24317391559868e-06
10244.0002441406 2.31828394738901e-06
10254.0002441406 2.17450749816939e-06
10264.0002441406 1.95282956388198e-06
10274.0002441406 1.9007158941236e-06
10284.0002441406 2.24183087238277e-06
10294.0002441406 2.38443451454323e-06
10304.0002441406 2.36468437437191e-06
10314.0002441406 2.38493355328048e-06
10324.0002441406 2.19747213019759e-06
10334.0002441406 2.12892164212292e-06
10344.0002441406 2.01584698573758e-06
10354.0002441406 2.0473569313672e-06
10364.0002441406 2.12132035992491e-06
10374.0002441406 2.13321951926926e-06
10384.0002441406 2.14929487520957e-06
10394.0002441406 2.143825486765e-06
10404.0002441406 2.0558746364313e-06
10414.0002441406 2.02327296628092e-06
10424.0002441406 2.01579846633103e-06
10434.0002441406 1.96945611376076e-06
10444.0002441406 1.94364157919792e-06
10454.0002441406 1.85383115316154e-06
10464.0002441406 2.01960859241253e-06
10474.0002441406 2.09305280382816e-06
10484.0002441406 2.13676806075798e-06
10494.0002441406 2.00181963702059e-06
10504.0002441406 2.10068033161772e-06
10514.0002441406 2.06979213597915e-06
10524.0002441406 2.03181319519003e-06
10534.0002441406 1.98076013330357e-06
10544.0002441406 1.999841513323e-06
10554.0002441406 1.85808853245101e-06
10564.0002441406 1.84466443683283e-06
10574.0002441406 1.70495032062359e-06
10584.0002441406 1.87590869098048e-06
10594.0002441406 1.96746948166699e-06
10604.0002441406 1.87819595110859e-06
10614.0002441406 1.81558223959245e-06
10624.0002441406 1.93336988948788e-06
10634.0002441406 1.90966082966829e-06
10644.0002441406 1.76999582194887e-06
10654.0002441406 1.85037820035133e-06
10664.0002441406 1.68411783638114e-06
10674.0002441406 1.77505696242694e-06
10684.0002441406 1.93503122725339e-06
10694.0002441406 1.91471585421229e-06
10704.0002441406 1.82290169469889e-06
10714.0002441406 1.86658970315922e-06
10724.0002441406 1.87794504266648e-06
10734.0002441406 1.93838248246311e-06
10744.0002441406 1.7747621038102e-06
10754.0002441406 1.82106498154768e-06
10764.0002441406 1.86400498567353e-06
10774.0002441406 1.88457558667158e-06
10784.0002441406 1.93011538947237e-06
10794.0002441406 1.73828895345005e-06
10804.0002441406 1.69226928922673e-06
10814.0002441406 1.8072160317349e-06
10824.0002441406 1.80435756260763e-06
10834.0002441406 1.87284940608344e-06
10844.0002441406 1.93108399939566e-06
10854.0002441406 1.88982925946197e-06
10864.0002441406 1.82318967775124e-06
10874.0002441406 1.78550648489522e-06
10884.0002441406 1.92881101520058e-06
10894.0002441406 1.81341220415211e-06
10904.0002441406 1.80537180778473e-06
10914.0002441406 1.75009599533892e-06
10924.0002441406 1.85600521076059e-06
10934.0002441406 1.86518498110584e-06
10944.0002441406 1.97420471842131e-06
10954.0002441406 1.84397186346441e-06
10964.0002441406 1.72098244777842e-06
10974.0002441406 1.63959363018645e-06
10984.0002441406 1.71489529393738e-06
10994.0002441406 1.88745353422817e-06
11004.0002441406 1.82152465963656e-06
11014.0002441406 1.74517829058248e-06
11024.0002441406 1.88054160855276e-06
11034.0002441406 1.86056666794365e-06
11044.0002441406 1.77824625656669e-06
11054.0002441406 1.7573075565799e-06
11064.0002441406 1.79008293793032e-06
11074.0002441406 1.78297068486732e-06
11084.0002441406 1.73697471677272e-06
11094.0002441406 1.87432293604883e-06
11104.0002441406 1.90422402251191e-06
11114.0002441406 1.82404316434612e-06
11124.0002441406 1.64443028925359e-06
11134.0002441406 1.70249286861094e-06
11144.0002441406 1.75074047202941e-06
11154.0002441406 1.95187012727526e-06
11164.0002441406 1.79960439446091e-06
11174.0002441406 1.66515207620052e-06
11184.0002441406 1.77100058218397e-06
11194.0002441406 1.67850523537982e-06
11204.0002441406 1.58089412088686e-06
11214.0002441406 1.59484822001299e-06
11224.0002441406 1.67743379341499e-06
11234.0002441406 1.69270744085733e-06
11244.0002441406 1.65677496615348e-06
11254.0002441406 1.71054054645905e-06
11264.0002441406 1.74935548850123e-06
11274.0002441406 1.72554943238127e-06
11284.0002441406 1.72142359789412e-06
11294.0002441406 1.73409073846206e-06
11304.0002441406 1.71108181456055e-06
11314.0002441406 1.74975306023036e-06
11324.0002441406 1.78260905611802e-06
11334.0002441406 1.74566634000001e-06
11344.0002441406 1.66793941215863e-06
11354.0002441406 1.70349172339721e-06
11364.0002441406 1.62159850253348e-06
11374.0002441406 1.77381657059201e-06
11384.0002441406 1.7489956480406e-06
11394.0002441406 1.60514613878476e-06
11404.0002441406 1.58670965976472e-06
11414.0002441406 1.60448447532e-06
11424.0002441406 1.69197334418892e-06
11434.0002441406 1.81189403148441e-06
11444.0002441406 1.73121242803186e-06
11454.0002441406 1.69691733413247e-06
11464.0002441406 1.75373455202422e-06
11474.0002441406 1.82968693109555e-06
11484.0002441406 1.83625362203165e-06
11494.0002441406 1.8973105003506e-06
11504.0002441406 1.78370050020469e-06
11514.0002441406 1.61835958804091e-06
11524.0002441406 1.54414900523657e-06
11534.0002441406 1.65037830862764e-06
11544.0002441406 1.66951082347151e-06
11554.0002441406 1.66638022033043e-06
11564.0002441406 1.77087998551642e-06
11574.0002441406 1.80821666741464e-06
11584.0002441406 1.88708058063602e-06
11594.0002441406 1.79193280944858e-06
11604.0002441406 1.77330004463527e-06
11614.0002441406 1.91861533941618e-06
11624.0002441406 1.76312163265338e-06
11634.0002441406 1.66834217461137e-06
11644.0002441406 1.82082973379273e-06
11654.0002441406 1.78229642179805e-06
11664.0002441406 1.82552529241546e-06
11674.0002441406 1.82671980793853e-06
11684.0002441406 1.94754381349505e-06
11694.0002441406 1.8130324539316e-06
11704.0002441406 1.7229294923319e-06
11714.0002441406 1.74153164280164e-06
11724.0002441406 1.6493312658097e-06
11734.0002441406 1.73735388813135e-06
11744.0002441406 1.73764862852874e-06
11754.0002441406 1.71572032977144e-06
11764.0002441406 1.69600428166453e-06
11774.0002441406 1.74082148416846e-06
11784.0002441406 1.72668017701224e-06
11794.0002441406 1.79704899565832e-06
11804.0002441406 1.80689806422433e-06
11814.0002441406 1.79344016113296e-06
11824.0002441406 1.75848236091823e-06
11834.0002441406 1.72207496286672e-06
11844.0002441406 1.80037760276219e-06
11854.0002441406 1.75986447246915e-06
11864.0002441406 1.6593399772542e-06
11874.0002441406 1.80915010269363e-06
11884.0002441406 1.83930418302883e-06
11894.0002441406 1.78498507326484e-06
11904.0002441406 1.66559489169935e-06
11914.0002441406 1.73167904730582e-06
11924.0002441406 2.01908691331534e-06
11934.0002441406 1.98137017150352e-06
11944.0002441406 1.81503656595989e-06
11954.0002441406 1.80690185638482e-06
11964.0002441406 1.77752113702088e-06
11974.0002441406 1.84850818608402e-06
11984.0002441406 1.88598722627262e-06
11994.0002441406 1.8690826484426e-06
12004.0002441406 1.79773919739605e-06
12014.0002441406 1.73846005877634e-06
12024.0002441406 1.79135964347365e-06
12034.0002441406 1.90099417447843e-06
12044.0002441406 1.80564052621315e-06
12054.0002441406 1.55840302977996e-06
12064.0002441406 1.72824994605258e-06
12074.0002441406 1.81472306389749e-06
12084.0002441406 1.85576241566701e-06
12094.0002441406 1.79886033216342e-06
12104.0002441406 1.68880798659881e-06
12114.0002441406 1.68599719649676e-06
12124.0002441406 1.61235949270238e-06
12134.0002441406 1.6302601978309e-06
12144.0002441406 1.73648393565241e-06
12154.0002441406 1.6113659971955e-06
12164.0002441406 1.52700913910031e-06
12174.0002441406 1.69493499181792e-06
12184.0002441406 1.82970926834449e-06
12194.0002441406 1.75322370035461e-06
12204.0002441406 1.80270598577077e-06
12214.0002441406 1.82558689230307e-06
12224.0002441406 1.84998517733126e-06
12234.0002441406 1.74505730062349e-06
12244.0002441406 1.80760227386481e-06
12254.0002441406 1.94355465793457e-06
12264.0002441406 1.979099232644e-06
12274.0002441406 1.90627476805808e-06
12284.0002441406 1.92831238332115e-06
12294.0002441406 1.91778142264665e-06
12304.0002441406 1.82555724507657e-06
12314.0002441406 1.80493881080603e-06
12324.0002441406 1.73392148833146e-06
12334.0002441406 1.73562950904015e-06
12344.0002441406 1.87739051844896e-06
12354.0002441406 1.95168596502593e-06
12364.0002441406 1.94030394432062e-06
12374.0002441406 1.83893762239045e-06
12384.0002441406 1.83190441811693e-06
12394.0002441406 1.84692420312595e-06
12404.0002441406 1.89916591205019e-06
12414.0002441406 1.85339479430487e-06
12424.0002441406 1.85996352705019e-06
12434.0002441406 1.8546107098266e-06
12444.0002441406 1.84881111531303e-06
12454.0002441406 1.88037909194305e-06
12464.0002441406 1.86620100291406e-06
12474.0002441406 2.03768012299017e-06
12484.0002441406 2.08379697018902e-06
12494.0002441406 2.04094171685306e-06
12504.0002441406 1.8803696445269e-06
12514.0002441406 1.90105929161051e-06
12524.0002441406 2.00912026086749e-06
12534.0002441406 1.8983768482084e-06
12544.0002441406 1.95590625095367e-06
12554.0002441406 1.91675735021868e-06
12564.0002441406 1.89686333024514e-06
12574.0002441406 1.86970329017624e-06
12584.0002441406 1.85510367371125e-06
12594.0002441406 1.92905477203004e-06
12604.0002441406 1.85406175180002e-06
12614.0002441406 1.82291107533246e-06
12624.0002441406 1.9531210276771e-06
12634.0002441406 2.15091876257294e-06
12644.0002441406 2.1621314067217e-06
12654.0002441406 1.94592387295047e-06
12664.0002441406 1.86283613305504e-06
12674.0002441406 1.88690642931513e-06
12684.0002441406 1.90699487219285e-06
12694.0002441406 1.87072942716153e-06
12704.0002441406 1.92773400473702e-06
12714.0002441406 1.93941400171565e-06
12724.0002441406 1.93645263850754e-06
12734.0002441406 2.01617684894959e-06
12744.0002441406 1.99198667128215e-06
12754.0002441406 1.75912517661025e-06
12764.0002441406 1.92221169495514e-06
12774.0002441406 2.04102080422744e-06
12784.0002441406 1.92894571140339e-06
12794.0002441406 1.81586322939685e-06
12804.0002441406 1.85700519431122e-06
12814.0002441406 1.93620139010354e-06
12824.0002441406 1.95283615307048e-06
12834.0002441406 1.96298120167223e-06
12844.0002441406 1.88436258699234e-06
12854.0002441406 1.83175099803009e-06
12864.0002441406 1.83981780401171e-06
12874.0002441406 1.89346591940162e-06
12884.0002441406 2.04589245363546e-06
12894.0002441406 2.08071422980657e-06
12904.0002441406 1.98076819907759e-06
12914.0002441406 2.01077846098429e-06
12924.0002441406 2.04473297878104e-06
12934.0002441406 2.06692950750042e-06
12944.0002441406 2.09594737748352e-06
12954.0002441406 1.97992511248177e-06
12964.0002441406 1.96334957501899e-06
12974.0002441406 2.05118203828492e-06
12984.0002441406 2.09445517337352e-06
12994.0002441406 1.98245457361599e-06
13004.0002441406 1.98535469805243e-06
13014.0002441406 2.06684343492744e-06
13024.0002441406 2.01036457056541e-06
13034.0002441406 2.12535579325403e-06
13044.0002441406 2.02769901619375e-06
13054.0002441406 2.04394630933928e-06
13064.0002441406 2.05071160162621e-06
13074.0002441406 2.05457258360981e-06
13084.0002441406 1.98643159847369e-06
13094.0002441406 2.05642765456796e-06
13104.0002441406 2.13880390777813e-06
13114.0002441406 2.22843334126397e-06
13124.0002441406 2.10412872143652e-06
13134.0002441406 2.21201713689235e-06
13144.0002441406 2.137741901069e-06
13154.0002441406 2.03164111630873e-06
13164.0002441406 2.0533020545477e-06
13174.0002441406 2.11200314973583e-06
13184.0002441406 2.16046376802176e-06
13194.0002441406 2.07697095009998e-06
13204.0002441406 2.02047130255374e-06
13214.0002441406 2.11229009984052e-06
13224.0002441406 2.03335260865909e-06
13234.0002441406 2.05679516983014e-06
13244.0002441406 1.85057623953124e-06
13254.0002441406 1.94903830078052e-06
13264.0002441406 2.02905385832719e-06
13274.0002441406 2.02535053127204e-06
13284.0002441406 2.00621969910474e-06
13294.0002441406 2.12564314864462e-06
13304.0002441406 2.19505802710082e-06
13314.0002441406 2.2146110789518e-06
13324.0002441406 1.97144632584305e-06
13334.0002441406 1.98854224236175e-06
13344.0002441406 2.00948829487968e-06
13354.0002441406 2.01829232565001e-06
13364.0002441406 2.13349164824498e-06
13374.0002441406 2.11241924161431e-06
13384.0002441406 2.07120027750997e-06
13394.0002441406 2.12359004988797e-06
13404.0002441406 2.14630227016356e-06
13414.0002441406 2.13676527649408e-06
13424.0002441406 2.25268185177892e-06
13434.0002441406 2.4449539861248e-06
13444.0002441406 2.33945436417619e-06
13454.0002441406 2.17111352707825e-06
13464.0002441406 2.25026225651159e-06
13474.0002441406 2.33584274470277e-06
13484.0002441406 2.44927688330098e-06
13494.0002441406 2.60310322896086e-06
13504.0002441406 2.43625028240779e-06
13514.0002441406 2.26856969348733e-06
13524.0002441406 2.37789480639605e-06
13534.0002441406 2.63614398827837e-06
13544.0002441406 2.35326515094183e-06
13554.0002441406 2.3166496834328e-06
13564.0002441406 2.48659970482869e-06
13574.0002441406 2.37390798548909e-06
13584.0002441406 2.42772639060253e-06
13594.0002441406 2.81665718188423e-06
13604.0002441406 2.91878798756894e-06
13614.0002441406 2.56101994823027e-06
13624.0002441406 2.540820047729e-06
13634.0002441406 2.48545304320415e-06
13644.0002441406 2.40716716374134e-06
13654.0002441406 2.47798249156552e-06
13664.0002441406 2.6041428831908e-06
13674.0002441406 2.38202842139417e-06
13684.0002441406 2.37223710232639e-06
13694.0002441406 2.50527923931944e-06
13704.0002441406 2.66099831588466e-06
13714.0002441406 2.62483055694228e-06
13724.0002441406 2.58245536024289e-06
13734.0002441406 2.7276864314574e-06
13744.0002441406 2.65618848159288e-06
13754.0002441406 2.71736183076759e-06
13764.0002441406 2.7274060356784e-06
13774.0002441406 2.85138601055874e-06
13784.0002441406 2.68606579554476e-06
13794.0002441406 2.79903608923901e-06
13804.0002441406 2.69830336144924e-06
13814.0002441406 2.68949464290433e-06
13824.0002441406 2.78516663677701e-06
13834.0002441406 2.73387255032854e-06
13844.0002441406 2.73394921710328e-06
13854.0002441406 2.73014407783593e-06
13864.0002441406 2.7330921762837e-06
13874.0002441406 2.50862450946611e-06
13884.0002441406 2.53890552904425e-06
13894.0002441406 2.48547675228689e-06
13904.0002441406 2.44157666582619e-06
13914.0002441406 2.39622332118571e-06
13924.0002441406 2.52826641961184e-06
13934.0002441406 2.5303139067208e-06
13944.0002441406 2.50616229457203e-06
13954.0002441406 2.34216698875201e-06
13964.0002441406 2.38841579491729e-06
13974.0002441406 2.50754461609789e-06
13984.0002441406 2.4574117928222e-06
13994.0002441406 2.42854936124392e-06
14004.0002441406 2.45214112812423e-06
14014.0002441406 2.65596699165619e-06
14024.0002441406 2.6947687777592e-06
14034.0002441406 2.70144660411004e-06
14044.0002441406 2.65522472769558e-06
14054.0002441406 2.37100706157825e-06
14064.0002441406 2.22730123440547e-06
14074.0002441406 2.35977070945219e-06
14084.0002441406 2.3754555279077e-06
14094.0002441406 2.48119583284334e-06
14104.0002441406 2.39905192333634e-06
14114.0002441406 2.14465490083698e-06
14124.0002441406 2.21693321403357e-06
14134.0002441406 2.42138426598058e-06
14144.0002441406 2.42152889654774e-06
14154.0002441406 2.52967397511266e-06
14164.0002441406 2.43893252102896e-06
14174.0002441406 2.56739166293055e-06
14184.0002441406 2.5847558527589e-06
14194.0002441406 2.58172182827356e-06
14204.0002441406 2.39213144074844e-06
14214.0002441406 2.2450662011982e-06
14224.0002441406 2.27639156831474e-06
14234.0002441406 2.45460322859585e-06
14244.0002441406 2.56005425863929e-06
14254.0002441406 2.40192221369809e-06
14264.0002441406 2.20802689682131e-06
14274.0002441406 2.3308027711809e-06
14284.0002441406 2.36945731006911e-06
14294.0002441406 2.45213167523961e-06
14304.0002441406 2.40916551391567e-06
14314.0002441406 2.43256842345059e-06
14324.0002441406 2.48972937701051e-06
14334.0002441406 2.61646181502319e-06
14344.0002441406 2.54645536415114e-06
14354.0002441406 2.35153594069384e-06
14364.0002441406 2.33437740794534e-06
14374.0002441406 2.66056976810041e-06
14384.0002441406 2.58534358229305e-06
14394.0002441406 2.34044267179893e-06
14404.0002441406 2.39052146675208e-06
14414.0002441406 2.39937595019371e-06
14424.0002441406 2.40640601352715e-06
14434.0002441406 2.46977088061603e-06
14444.0002441406 2.39493239658073e-06
14454.0002441406 2.46563639933913e-06
14464.0002441406 2.4014494089133e-06
14474.0002441406 2.22968626960808e-06
14484.0002441406 2.34759329854921e-06
14494.0002441406 2.3847473925321e-06
14504.0002441406 2.42016830078957e-06
14514.0002441406 2.48446208978891e-06
14524.0002441406 2.55303999011304e-06
14534.0002441406 2.522991867014e-06
14544.0002441406 2.50676472334582e-06
14554.0002441406 2.45289581359456e-06
14564.0002441406 2.33911491409145e-06
14574.0002441406 2.31747945289491e-06
14584.0002441406 2.52056503839898e-06
14594.0002441406 2.60437610211461e-06
14604.0002441406 2.59602281174647e-06
14614.0002441406 2.50431409375951e-06
14624.0002441406 2.25068139123732e-06
14634.0002441406 2.26631986495815e-06
14644.0002441406 2.30265396695841e-06
14654.0002441406 2.47327115412357e-06
14664.0002441406 2.58695991731137e-06
14674.0002441406 2.73866871301762e-06
14684.0002441406 2.73883562285175e-06
14694.0002441406 2.92182685538953e-06
14704.0002441406 2.85352819550337e-06
14714.0002441406 2.86976187710563e-06
14724.0002441406 2.93318139794979e-06
14734.0002441406 2.87201103017195e-06
14744.0002441406 2.74484963980425e-06
14754.0002441406 2.74307906635719e-06
14764.0002441406 2.76364365125375e-06
14774.0002441406 2.6168868085471e-06
14784.0002441406 2.66596744735464e-06
14794.0002441406 2.59921959359863e-06
14804.0002441406 2.63988090353779e-06
14814.0002441406 2.42572607880179e-06
14824.0002441406 2.40443914105267e-06
14834.0002441406 2.44300918551557e-06
14844.0002441406 2.59568845922097e-06
14854.0002441406 2.80563206982783e-06
14864.0002441406 2.86472833297175e-06
14874.0002441406 2.6498566151667e-06
14884.0002441406 2.86682139169728e-06
14894.0002441406 2.95033519632573e-06
14904.0002441406 2.7935389613009e-06
14914.0002441406 2.54650420026079e-06
14924.0002441406 2.68145745900107e-06
14934.0002441406 2.88348896647114e-06
14944.0002441406 2.86598525794954e-06
14954.0002441406 2.94607149429481e-06
14964.0002441406 2.9312892668652e-06
14974.0002441406 2.95512873516455e-06
14984.0002441406 3.01845282547617e-06
14994.0002441406 2.96294845118374e-06
15004.0002441406 3.08147820702494e-06
15014.0002441406 2.95906655502342e-06
15024.0002441406 2.88829128532252e-06
15034.0002441406 2.75615626284534e-06
15044.0002441406 2.68134404455499e-06
15054.0002441406 2.8501159519687e-06
15064.0002441406 2.97799722840217e-06
15074.0002441406 2.87709984618349e-06
15084.0002441406 2.96287781418968e-06
15094.0002441406 2.90832852109415e-06
15104.0002441406 2.76490504617316e-06
15114.0002441406 2.84083338933206e-06
15124.0002441406 2.93303691371997e-06
15134.0002441406 3.06838292672902e-06
15144.0002441406 3.25740103376427e-06
15154.0002441406 3.20116121509953e-06
15164.0002441406 3.35231566485183e-06
15174.0002441406 3.15633392971807e-06
15184.0002441406 3.04255215340742e-06
15194.0002441406 3.00965965276566e-06
15204.0002441406 2.86848417543826e-06
15214.0002441406 2.97792557226052e-06
15224.0002441406 3.01711457629985e-06
15234.0002441406 3.34337180045209e-06
15244.0002441406 3.49582144217663e-06
15254.0002441406 3.36972226609897e-06
15264.0002441406 3.10915978415642e-06
15274.0002441406 3.22925881857619e-06
15284.0002441406 3.30074358047362e-06
15294.0002441406 3.23872306691601e-06
15304.0002441406 3.18542801323895e-06
15314.0002441406 3.28670095159116e-06
15324.0002441406 3.08418401288983e-06
15334.0002441406 3.15450569817788e-06
15344.0002441406 3.20524315616419e-06
15354.0002441406 3.07668335404698e-06
15364.0002441406 2.95760748119501e-06
15374.0002441406 3.12890721839556e-06
15384.0002441406 3.09378458653205e-06
15394.0002441406 3.22966156424094e-06
15404.0002441406 3.05993561951414e-06
15414.0002441406 3.02055758915081e-06
15424.0002441406 3.14278839414669e-06
15434.0002441406 3.25664916320143e-06
15444.0002441406 3.21077566933714e-06
15454.0002441406 2.88180946644716e-06
15464.0002441406 2.93758238455208e-06
15474.0002441406 3.29293718085645e-06
15484.0002441406 3.35501418794866e-06
15494.0002441406 3.22018894169373e-06
15504.0002441406 3.28148869293699e-06
15514.0002441406 3.141507395482e-06
15524.0002441406 3.36402594965863e-06
15534.0002441406 3.51208924469745e-06
15544.0002441406 3.50077780314577e-06
15554.0002441406 3.61655707770016e-06
15564.0002441406 3.69654898933784e-06
15574.0002441406 3.62910790816959e-06
15584.0002441406 3.47015134040044e-06
15594.0002441406 3.44252571715849e-06
15604.0002441406 3.37696112927949e-06
15614.0002441406 3.43991423919189e-06
15624.0002441406 3.5151552758731e-06
15634.0002441406 3.39806549220991e-06
15644.0002441406 3.39808533806531e-06
15654.0002441406 3.67982387941377e-06
15664.0002441406 3.46635580098488e-06
15674.0002441406 3.43470219539543e-06
15684.0002441406 3.64612460834914e-06
15694.0002441406 3.8079867066285e-06
15704.0002441406 3.74986550834904e-06
15714.0002441406 3.56085137575434e-06
15724.0002441406 3.50766431572342e-06
15734.0002441406 3.60030638806423e-06
15744.0002441406 3.48124130553136e-06
15754.0002441406 3.58743413861643e-06
15764.0002441406 3.78808270428342e-06
15774.0002441406 3.72326814174139e-06
15784.0002441406 3.58573926220396e-06
15794.0002441406 3.37581229175958e-06
15804.0002441406 3.71765708271654e-06
15814.0002441406 3.82113406650708e-06
15824.0002441406 3.57833455195667e-06
15834.0002441406 3.63865901134649e-06
15844.0002441406 3.69223257395859e-06
15854.0002441406 3.77056748916313e-06
15864.0002441406 3.81590898690799e-06
15874.0002441406 3.69552966495142e-06
15884.0002441406 3.82611852158979e-06
15894.0002441406 3.77915671824679e-06
15904.0002441406 3.51891037685309e-06
15914.0002441406 3.93700245307063e-06
15924.0002441406 3.95434851743382e-06
15934.0002441406 3.63917359473422e-06
15944.0002441406 3.82862151491223e-06
15954.0002441406 3.88219876341865e-06
15964.0002441406 3.59189782633808e-06
15974.0002441406 3.32541955239283e-06
15984.0002441406 3.36241988085074e-06
15994.0002441406 3.54634188490091e-06
16004.0002441406 3.95772986270205e-06
16014.0002441406 4.13433292620236e-06
16024.0002441406 4.02110785353586e-06
16034.0002441406 4.13845444294021e-06
16044.0002441406 4.08900847059986e-06
16054.0002441406 4.07597246296401e-06
16064.0002441406 3.73879207763059e-06
16074.0002441406 3.87587520513327e-06
16084.0002441406 4.1434587092412e-06
16094.0002441406 4.12350861161054e-06
16104.0002441406 3.84149758083293e-06
16114.0002441406 3.87567487362933e-06
16124.0002441406 3.98857150810697e-06
16134.0002441406 4.0862988693996e-06
16144.0002441406 3.92275492627159e-06
16154.0002441406 4.15233301466904e-06
16164.0002441406 4.12980523361443e-06
16174.0002441406 4.33933484334992e-06
16184.0002441406 4.55219076299905e-06
16194.0002441406 4.53310256608759e-06
16204.0002441406 4.48150786280038e-06
16214.0002441406 4.14296351829971e-06
16224.0002441406 4.15769644470248e-06
16234.0002441406 4.22319430877321e-06
16244.0002441406 4.39997502936166e-06
16254.0002441406 4.57860333323019e-06
16264.0002441406 4.7661244388075e-06
16274.0002441406 4.6616686341258e-06
16284.0002441406 4.34761555465155e-06
16294.0002441406 4.29025316837804e-06
16304.0002441406 4.37858654937658e-06
16314.0002441406 4.65282110689929e-06
16324.0002441406 4.68563657004431e-06
16334.0002441406 4.5966818562606e-06
16344.0002441406 4.77860153513001e-06
16354.0002441406 4.77168159526709e-06
16364.0002441406 4.8299731024428e-06
16374.0002441406 4.99319472845332e-06
16384.0002441406 5.20775358862157e-06
16394.0002441406 5.35639505672358e-06
16404.0002441406 5.66167122104284e-06
16414.0002441406 5.92864817695605e-06
16424.0002441406 6.0302335065959e-06
16434.0002441406 6.16171726168273e-06
16444.0002441406 6.18394021436979e-06
16454.0002441406 6.23138772278133e-06
16464.0002441406 6.59853265949289e-06
16474.0002441406 7.03542818121469e-06
16484.0002441406 7.2117471048105e-06
16494.0002441406 7.2814636211992e-06
16504.0002441406 7.7384409907986e-06
16514.0002441406 7.77652967875714e-06
16524.0002441406 7.71061919071702e-06
16534.0002441406 7.77116410387908e-06
16544.0002441406 8.30697890936521e-06
16554.0002441406 8.94979460439658e-06
16564.0002441406 9.09619063331354e-06
16574.0002441406 9.57825774741053e-06
16584.0002441406 1.01388516112118e-05
16594.0002441406 1.08959582542779e-05
16604.0002441406 1.12511287946842e-05
16614.0002441406 1.18063855262448e-05
16624.0002441406 1.27384526829337e-05
16634.0002441406 1.36746262837438e-05
16644.0002441406 1.48137995934156e-05
16654.0002441406 1.57868410882187e-05
16664.0002441406 1.67255670652527e-05
16674.0002441406 1.75171048098461e-05
16684.0002441406 1.86429733127409e-05
16694.0002441406 2.01842506783753e-05
16704.0002441406 2.18808540863102e-05
16714.0002441406 2.36012990257842e-05
16724.0002441406 2.58407341222679e-05
16734.0002441406 2.74500482765138e-05
16744.0002441406 2.95352342229697e-05
16754.0002441406 3.21874298582405e-05
16764.0002441406 3.48658393164159e-05
16774.0002441406 3.73614593907826e-05
16784.0002441406 4.01111996359589e-05
16794.0002441406 4.32915361681194e-05
16804.0002441406 4.63736248333949e-05
16814.0002441406 4.99740973487492e-05
16824.0002441406 5.42004005531385e-05
16834.0002441406 5.85952583004036e-05
16844.0002441406 6.27448685474573e-05
16854.0002441406 6.7897198850797e-05
16864.0002441406 7.37699236245944e-05
16874.0002441406 7.97550556545444e-05
16884.0002441406 8.59971908919448e-05
16894.0002441406 9.34027556397277e-05
16904.0002441406 0.000101581494771339
16914.0002441406 0.000110711623879907
16924.0002441406 0.000121338475536511
16934.0002441406 0.00013310855760101
16944.0002441406 0.0001469150289419
16954.0002441406 0.000161773479269735
16964.0002441406 0.000179087197405518
16974.0002441406 0.00019967271043017
16984.0002441406 0.000221962232447845
16994.0002441406 0.000248247713191633
17004.0002441406 0.000278800501776159
17014.0002441406 0.000312525656939541
17024.0002441406 0.000352011152195131
17034.0002441406 0.000397672931975428
17044.0002441406 0.000449701023501544
17054.0002441406 0.000508371521157246
17064.0002441406 0.000575274405146613
17074.0002441406 0.000652212709477982
17084.0002441406 0.00073823806150905
17094.0002441406 0.000836283870676054
17104.0002441406 0.000949426781824677
17114.0002441406 0.00107431732299813
17124.0002441406 0.00121431516613304
17134.0002441406 0.00137558431139328
17144.0002441406 0.00155617424669575
17154.0002441406 0.0017613008844542
17164.0002441406 0.00200268503928557
17174.0002441406 0.00227402897522247
17184.0002441406 0.00257777456884165
17194.0002441406 0.00293051085029478
17204.0002441406 0.00333626594437952
17214.0002441406 0.00380721017808787
17224.0002441406 0.00436361810906049
17234.0002441406 0.0050147425724078
17244.0002441406 0.00576584861106332
17254.0002441406 0.00664921951580565
17264.0002441406 0.00771038539778367
17274.0002441406 0.00897068919759881
17284.0002441406 0.0104801331833523
17294.0002441406 0.012312712157904
17304.0002441406 0.0144473097976399
17314.0002441406 0.0169378637024141
17324.0002441406 0.0199279329291964
17334.0002441406 0.0232693611074079
17344.0002441406 0.0268251974277365
17354.0002441406 0.0304009107924082
17364.0002441406 0.0340824389384338
17374.0002441406 0.0377626278418721
17384.0002441406 0.0418711574212108
17394.0002441406 0.0461864842487952
17404.0002441406 0.050948868686173
17414.0002441406 0.0564929844700661
17424.0002441406 0.062819809595058
17434.0002441406 0.0700535467359815
17444.0002441406 0.0780893007732267
17454.0002441406 0.0875973532144381
17464.0002441406 0.0982998052406966
17474.0002441406 0.110993340541942
17484.0002441406 0.125787854329848
17494.0002441406 0.142366534961976
17504.0002441406 0.160647945543653
17514.0002441406 0.180603341379632
17524.0002441406 0.201132385209244
17534.0002441406 0.222300986944358
17544.0002441406 0.243615034131975
17554.0002441406 0.264362011757897
17564.0002441406 0.283602101994769
17574.0002441406 0.301631198405442
17584.0002441406 0.31784254911418
17594.0002441406 0.332398489194065
17604.0002441406 0.345563057785678
17614.0002441406 0.357811767309922
17624.0002441406 0.36916720578476
17634.0002441406 0.379783854901546
17644.0002441406 0.389882683733104
17654.0002441406 0.399742624464065
17664.0002441406 0.409392059175768
17674.0002441406 0.418040082297973
17684.0002441406 0.425800270715924
17694.0002441406 0.432713672890166
17704.0002441406 0.439098819757952
17714.0002441406 0.444548909768659
17724.0002441406 0.449454921080723
17734.0002441406 0.452711421154127
17744.0002441406 0.455148484928695
17754.0002441406 0.456816849527897
17764.0002441406 0.457896396881666
17774.0002441406 0.458916754200354
17784.0002441406 0.459026362056274
17794.0002441406 0.459504700805228
17804.0002441406 0.459727516620703
17814.0002441406 0.459668360524837
17824.0002441406 0.459628783050043
17834.0002441406 0.459992139159752
17844.0002441406 0.460286184698585
17854.0002441406 0.460835435189175
17864.0002441406 0.461058915065828
17874.0002441406 0.46132259556554
17884.0002441406 0.462141987326455
17894.0002441406 0.462520234014558
17904.0002441406 0.462911488813375
17914.0002441406 0.462996131591632
17924.0002441406 0.462839139461017
17934.0002441406 0.462003387140118
17944.0002441406 0.461235052761663
17954.0002441406 0.460199296069955
17964.0002441406 0.45928936408897
17974.0002441406 0.458305382425269
17984.0002441406 0.456979387294567
17994.0002441406 0.455540303254128
18004.0002441406 0.453833774013778
18014.0002441406 0.452595553268162
18024.0002441406 0.451206890508618
18034.0002441406 0.449952902712823
18044.0002441406 0.448486963810893
18054.0002441406 0.447547484120714
18064.0002441406 0.447029442340585
18074.0002441406 0.447245192562576
18084.0002441406 0.446865717538848
18094.0002441406 0.446317964423798
18104.0002441406 0.446100164088597
18114.0002441406 0.446060468417484
18124.0002441406 0.447080818743718
18134.0002441406 0.447800834651014
18144.0002441406 0.448631472877461
18154.0002441406 0.449233089026559
18164.0002441406 0.45057120769353
18174.0002441406 0.451520164167196
18184.0002441406 0.452661681497679
18194.0002441406 0.453645573785415
18204.0002441406 0.454333417808746
18214.0002441406 0.455684170475436
18224.0002441406 0.457455888259622
18234.0002441406 0.458107947358654
18244.0002441406 0.458973623424738
18254.0002441406 0.459985559936043
18264.0002441406 0.460987247194864
18274.0002441406 0.461962506743753
18284.0002441406 0.462479312495131
18294.0002441406 0.46305864053196
18304.0002441406 0.46405821890452
18314.0002441406 0.464760038533087
18324.0002441406 0.465389372184821
18334.0002441406 0.465936832547708
18344.0002441406 0.466154088446473
18354.0002441406 0.466051570810016
18364.0002441406 0.46665514041663
18374.0002441406 0.46699912035437
18384.0002441406 0.467108456284361
18394.0002441406 0.467039161163379
18404.0002441406 0.467427502292409
18414.0002441406 0.467031583130065
18424.0002441406 0.466907555584275
18434.0002441406 0.466901763040506
18444.0002441406 0.466380524738429
18454.0002441406 0.466092862732223
18464.0002441406 0.465414614000393
18474.0002441406 0.464610816182968
18484.0002441406 0.464139866219176
18494.0002441406 0.463817257260716
18504.0002441406 0.463337219416535
18514.0002441406 0.462442664352644
18524.0002441406 0.461901951168594
18534.0002441406 0.461323512724891
18544.0002441406 0.460724489080379
18554.0002441406 0.460308554446761
18564.0002441406 0.459762055243491
18574.0002441406 0.459805043349004
18584.0002441406 0.459426451537484
18594.0002441406 0.458629660954036
18604.0002441406 0.45824959074076
18614.0002441406 0.457589735058067
18624.0002441406 0.456938120536995
18634.0002441406 0.456682519700226
18644.0002441406 0.456622945146795
18654.0002441406 0.456451264714336
18664.0002441406 0.456440448521496
18674.0002441406 0.456380642037793
18684.0002441406 0.456807433622446
18694.0002441406 0.457151904217729
18704.0002441406 0.45773420807588
18714.0002441406 0.458549310397408
18724.0002441406 0.4590837214095
18734.0002441406 0.460228299199069
18744.0002441406 0.461304315488356
18754.0002441406 0.461852885385739
18764.0002441406 0.46228449922331
18774.0002441406 0.46240145446535
18784.0002441406 0.462976258817142
18794.0002441406 0.463452745758672
18804.0002441406 0.464124298397568
18814.0002441406 0.464951055882005
18824.0002441406 0.46557652032437
18834.0002441406 0.466641095285095
18844.0002441406 0.467333444631604
18854.0002441406 0.467635353279327
18864.0002441406 0.468273255374425
18874.0002441406 0.468932328928225
18884.0002441406 0.469412502928567
18894.0002441406 0.469705497981542
18904.0002441406 0.46975894767322
18914.0002441406 0.469920030289465
18924.0002441406 0.470257898305728
18934.0002441406 0.470498812287855
18944.0002441406 0.470978674622786
18954.0002441406 0.471576895551927
18964.0002441406 0.471849222148733
18974.0002441406 0.472036568876386
18984.0002441406 0.471893918732424
18994.0002441406 0.472329990404096
19004.0002441406 0.472359541558793
19014.0002441406 0.472456804478667
19024.0002441406 0.472780348036786
19034.0002441406 0.473679069757744
19044.0002441406 0.473722394688486
19054.0002441406 0.473999347251339
19064.0002441406 0.474497679818815
19074.0002441406 0.475515095868289
19084.0002441406 0.476128858482303
19094.0002441406 0.475909414350363
19104.0002441406 0.475844273217079
19114.0002441406 0.476351921625724
19124.0002441406 0.477293353610339
19134.0002441406 0.477405398118852
19144.0002441406 0.477459293468103
19154.0002441406 0.477260691717533
19164.0002441406 0.476870811485558
19174.0002441406 0.4771346816142
19184.0002441406 0.476910656065715
19194.0002441406 0.477002044854204
19204.0002441406 0.476442326259375
19214.0002441406 0.476118095356833
19224.0002441406 0.476005058808737
19234.0002441406 0.475616305472351
19244.0002441406 0.475423206300699
19254.0002441406 0.47454357590389
19264.0002441406 0.474243183734606
19274.0002441406 0.474443473057069
19284.0002441406 0.474489940934611
19294.0002441406 0.473989732524771
19304.0002441406 0.473642968694216
19314.0002441406 0.472919060031199
19324.0002441406 0.47266992230743
19334.0002441406 0.472215115551302
19344.0002441406 0.471675547176792
19354.0002441406 0.471158397804121
19364.0002441406 0.470869653804012
19374.0002441406 0.470231794796368
19384.0002441406 0.469952753881024
19394.0002441406 0.469721166087583
19404.0002441406 0.469984430298856
19414.0002441406 0.470291669278649
19424.0002441406 0.470562211560408
19434.0002441406 0.470956088839898
19444.0002441406 0.471268654972968
19454.0002441406 0.472010519184091
19464.0002441406 0.472527307516755
19474.0002441406 0.473024853838727
19484.0002441406 0.473415723619507
19494.0002441406 0.473332394216483
19504.0002441406 0.473600130099538
19514.0002441406 0.473885425842222
19524.0002441406 0.474220786573743
19534.0002441406 0.474420836719635
19544.0002441406 0.474478285394233
19554.0002441406 0.474671687155887
19564.0002441406 0.474698429339377
19574.0002441406 0.474591828769664
19584.0002441406 0.473649666548184
19594.0002441406 0.471717074494848
19604.0002441406 0.471045783186998
19614.0002441406 0.472069382141942
19624.0002441406 0.474331827625809
19634.0002441406 0.475395514923111
19644.0002441406 0.476160496867544
19654.0002441406 0.476249211896975
19664.0002441406 0.476104921444607
19674.0002441406 0.475886269433524
19684.0002441406 0.476400783150212
19694.0002441406 0.47689587650476
19704.0002441406 0.476272652151254
19714.0002441406 0.475977037941158
19724.0002441406 0.476117213567264
19734.0002441406 0.475655359663114
19744.0002441406 0.47512048227013
19754.0002441406 0.475084807808133
19764.0002441406 0.475270397715274
19774.0002441406 0.475424179438154
19784.0002441406 0.475388961392774
19794.0002441406 0.475401114855994
19804.0002441406 0.475962767320706
19814.0002441406 0.476677983060914
19824.0002441406 0.476585184245932
19834.0002441406 0.476361732483713
19844.0002441406 0.476752389847103
19854.0002441406 0.476840786378854
19864.0002441406 0.476838352715434
19874.0002441406 0.477210851146815
19884.0002441406 0.47768620428623
19894.0002441406 0.478081633749574
19904.0002441406 0.478168651982554
19914.0002441406 0.478498041569841
19924.0002441406 0.478712071154637
19934.0002441406 0.479192867022864
19944.0002441406 0.478749573059078
19954.0002441406 0.477987065696558
19964.0002441406 0.476717429422702
19974.0002441406 0.476775891357852
19984.0002441406 0.477513486175187
19994.0002441406 0.478203741187121
20004.0002441406 0.478840097333916
20014.0002441406 0.479012521066633
20024.0002441406 0.479173694800379
20034.0002441406 0.479795303363906
20044.0002441406 0.479843885477521
20054.0002441406 0.479377437090485
20064.0002441406 0.478841436931586
20074.0002441406 0.478553939090628
20084.0002441406 0.478106368048553
20094.0002441406 0.478439791647017
20104.0002441406 0.478577218152239
20114.0002441406 0.478188463925452
20124.0002441406 0.478185585208351
20134.0002441406 0.478274390963682
20144.0002441406 0.478597157914251
20154.0002441406 0.479064791496984
20164.0002441406 0.47966356835403
20174.0002441406 0.480078137637324
20184.0002441406 0.480489735500765
20194.0002441406 0.480126687507081
20204.0002441406 0.480500917456311
20214.0002441406 0.480132253904681
20224.0002441406 0.480931767986786
20234.0002441406 0.482117991544943
20244.0002441406 0.483240765836792
20254.0002441406 0.484336497787149
20264.0002441406 0.485056976586952
20274.0002441406 0.48526887894793
20284.0002441406 0.485592511316335
20294.0002441406 0.486102427167876
20304.0002441406 0.486481099544801
20314.0002441406 0.486583492149808
20324.0002441406 0.48691500172291
20334.0002441406 0.487231050324738
20344.0002441406 0.487080863729903
20354.0002441406 0.486884187899596
20364.0002441406 0.486802074030143
20374.0002441406 0.487160040462337
20384.0002441406 0.487372819871057
20394.0002441406 0.487813338803883
20404.0002441406 0.48761917146275
20414.0002441406 0.486580897072709
20424.0002441406 0.486087225434845
20434.0002441406 0.48493783189613
20444.0002441406 0.483909408179083
20454.0002441406 0.483125218989132
20464.0002441406 0.482476481865979
20474.0002441406 0.481955919777902
20483.9990234375 0.481110771421735
20493.9990234375 0.480628895652292
20503.9990234375 0.480296249313297
20513.9990234375 0.480245542317155
20523.9990234375 0.480247005136066
20533.9990234375 0.479866849403953
20543.9990234375 0.479653210742867
20553.9990234375 0.479678633196339
20563.9990234375 0.479492703408089
20573.9990234375 0.479153498112545
20583.9990234375 0.479031177934816
20593.9990234375 0.479180020223099
20603.9990234375 0.479981951821381
20613.9990234375 0.480879512569415
20623.9990234375 0.481248258054956
20633.9990234375 0.481825597399016
20643.9990234375 0.482666672905248
20653.9990234375 0.483141265154026
20663.9990234375 0.48382883595131
20673.9990234375 0.484753478030882
20683.9990234375 0.485858356862362
20693.9990234375 0.486415932568119
20703.9990234375 0.487272016956798
20713.9990234375 0.4886396336783
20723.9990234375 0.489549068005331
20733.9990234375 0.49037167976176
20743.9990234375 0.491138550574716
20753.9990234375 0.491742588065388
20763.9990234375 0.491905877497153
20773.9990234375 0.491957244048733
20783.9990234375 0.49178426116765
20793.9990234375 0.492228058852458
20803.9990234375 0.492678915088901
20813.9990234375 0.492766431501468
20823.9990234375 0.492924675489746
20833.9990234375 0.493064580443577
20843.9990234375 0.49360733734607
20853.9990234375 0.493539551945295
20863.9990234375 0.493129963540468
20873.9990234375 0.492336360348483
20883.9990234375 0.491909114113457
20893.9990234375 0.491240853179539
20903.9990234375 0.491082400615152
20913.9990234375 0.490160627065662
20923.9990234375 0.48912676229614
20933.9990234375 0.489119683793679
20943.9990234375 0.48958836212905
20953.9990234375 0.489575391895793
20963.9990234375 0.489214560446523
20973.9990234375 0.488236689107498
20983.9990234375 0.487547028341884
20993.9990234375 0.487145537919213
21003.9990234375 0.486719903135004
21013.9990234375 0.486525006865508
21023.9990234375 0.485689073925389
21033.9990234375 0.485343749866036
21043.9990234375 0.48564518133126
21053.9990234375 0.485744471459336
21063.9990234375 0.484945459448746
21073.9990234375 0.484239686795106
21083.9990234375 0.484335708212838
21093.9990234375 0.483614724513179
21103.9990234375 0.483342243824759
21113.9990234375 0.482668023826583
21123.9990234375 0.482929877253945
21133.9990234375 0.482270790259435
21143.9990234375 0.481947107332926
21153.9990234375 0.481254870093213
21163.9990234375 0.481328883644494
21173.9990234375 0.481698498768618
21183.9990234375 0.481786281065077
21193.9990234375 0.481414362665374
21203.9990234375 0.480917062197382
21213.9990234375 0.481181874696415
21223.9990234375 0.481317114201819
21233.9990234375 0.481107172215346
21243.9990234375 0.480866950636919
21253.9990234375 0.480588173250593
21263.9990234375 0.480826785416349
21273.9990234375 0.481066194389179
21283.9990234375 0.480375335603795
21293.9990234375 0.480451717508641
21303.9990234375 0.480516534239835
21313.9990234375 0.480666442487587
21323.9990234375 0.481000234660597
21333.9990234375 0.481288052094973
21343.9990234375 0.481721634195522
21353.9990234375 0.481834961440585
21363.9990234375 0.481561785433864
21373.9990234375 0.482112524345037
21383.9990234375 0.482339165190335
21393.9990234375 0.483318826916536
21403.9990234375 0.484180089797151
21413.9990234375 0.484375954250502
21423.9990234375 0.484705468454262
21433.9990234375 0.485034533925839
21443.9990234375 0.485908250502863
21453.9990234375 0.486874282658931
21463.9990234375 0.486926058921418
21473.9990234375 0.486743824853326
21483.9990234375 0.487620716694614
21493.9990234375 0.488616635456412
21503.9990234375 0.488830228601686
21513.9990234375 0.488383040608879
21523.9990234375 0.488362418537874
21533.9990234375 0.488326614446098
21543.9990234375 0.488017243432393
21553.9990234375 0.487280957073594
21563.9990234375 0.487147055672489
21573.9990234375 0.487243153413315
21583.9990234375 0.486739622387229
21593.9990234375 0.486136026333934
21603.9990234375 0.485275667721012
21613.9990234375 0.48480015886978
21623.9990234375 0.483504330422611
21633.9990234375 0.482856452135544
21643.9990234375 0.482453352154046
21653.9990234375 0.481689044504248
21663.9990234375 0.480955310599044
21673.9990234375 0.479914878969288
21683.9990234375 0.47920129881614
21693.9990234375 0.478253642691575
21703.9990234375 0.477474470580096
21713.9990234375 0.476525911619691
21723.9990234375 0.476248572532996
21733.9990234375 0.475676261102097
21743.9990234375 0.475505391804027
21753.9990234375 0.474825835578677
21763.9990234375 0.474804889925099
21773.9990234375 0.475006187304199
21783.9990234375 0.475418551394605
21793.9990234375 0.474861793510979
21803.9990234375 0.474461119208393
21813.9990234375 0.474019763022091
21823.9990234375 0.474033160946315
21833.9990234375 0.474786419413937
21843.9990234375 0.475187130816243
21853.9990234375 0.476172003086431
21863.9990234375 0.47661798628371
21873.9990234375 0.476433241923813
21883.9990234375 0.47672198022352
21893.9990234375 0.477235393609721
21903.9990234375 0.477669113241169
21913.9990234375 0.478333033809431
21923.9990234375 0.478819570264583
21933.9990234375 0.479296497652033
21943.9990234375 0.480069458916691
21953.9990234375 0.480767841070113
21963.9990234375 0.481505167044066
21973.9990234375 0.48271725091895
21983.9990234375 0.483794503664097
21993.9990234375 0.484428502849991
22003.9990234375 0.484887791360697
22013.9990234375 0.485154282304271
22023.9990234375 0.486008810940487
22033.9990234375 0.486222639238401
22043.9990234375 0.486310462994132
22053.9990234375 0.485838185929681
22063.9990234375 0.48492718604951
22073.9990234375 0.483934825461858
22083.9990234375 0.482380803470991
22093.9990234375 0.480183793826472
22103.9990234375 0.477194680703781
22113.9990234375 0.472656830947951
22123.9990234375 0.467476398581988
22133.9990234375 0.460531175569574
22143.9990234375 0.451843475227756
22153.9990234375 0.441925127812408
22163.9990234375 0.430165905096938
22173.9990234375 0.416390748878229
22183.9990234375 0.401274757736414
22193.9990234375 0.384636276390619
22203.9990234375 0.366608008077473
22213.9990234375 0.347286570470301
22223.9990234375 0.32717266559394
22233.9990234375 0.306308724701654
22243.9990234375 0.284996667835357
22253.9990234375 0.26392554502305
22263.9990234375 0.243545134750458
22273.9990234375 0.224314710002014
22283.9990234375 0.206063410837873
22293.9990234375 0.189046648963285
22303.9990234375 0.173459581263844
22313.9990234375 0.159154428911643
22323.9990234375 0.14573319346545
22333.9990234375 0.133084036097276
22343.9990234375 0.121097606001608
22353.9990234375 0.109575117250294
22363.9990234375 0.098933427226534
22373.9990234375 0.0889440606839575
22383.9990234375 0.0794733403674373
22393.9990234375 0.070824963628829
22403.9990234375 0.0628794803238498
22413.9990234375 0.055505590515928
22423.9990234375 0.0489084304747334
22433.9990234375 0.0430848091725344
22443.9990234375 0.0377842998050213
22453.9990234375 0.0330420833410221
22463.9990234375 0.0288532332831456
22473.9990234375 0.0251426306421647
22483.9990234375 0.0218838094271198
22493.9990234375 0.0190973692920626
22503.9990234375 0.0166830934182881
22513.9990234375 0.0145473148881546
22523.9990234375 0.0126877100811576
22533.9990234375 0.0110644642992385
22543.9990234375 0.00963096726350537
22553.9990234375 0.00840425509358525
22563.9990234375 0.00734538633140958
22573.9990234375 0.00642276191232324
22583.9990234375 0.0056137937710896
22593.9990234375 0.00490982931387448
22603.9990234375 0.00428298369404422
22613.9990234375 0.0037492875048538
22623.9990234375 0.00329353246462755
22633.9990234375 0.00289601770494214
22643.9990234375 0.00254744467958746
22653.9990234375 0.00224651289662025
22663.9990234375 0.0019790672518726
22673.9990234375 0.00174947242925898
22683.9990234375 0.00155112456316616
22693.9990234375 0.00137885159457001
22703.9990234375 0.00122965377474427
22713.9990234375 0.0011007434596593
22723.9990234375 0.000983790629124965
22733.9990234375 0.000883069919208579
22743.9990234375 0.000794371005746933
22753.9990234375 0.000718039231520905
22763.9990234375 0.000647422316073574
22773.9990234375 0.000588550286595426
22783.9990234375 0.000535506267676477
22793.9990234375 0.000486068853480173
22803.9990234375 0.000442559791687336
22813.9990234375 0.000405825978299127
22823.9990234375 0.000372158788054218
22833.9990234375 0.000342039703959465
22843.9990234375 0.000313493965665019
22853.9990234375 0.000289634073534221
22863.9990234375 0.000265571706262439
22873.9990234375 0.000244668919743597
22883.9990234375 0.000226448332429356
22893.9990234375 0.000209346070716161
22903.9990234375 0.000192511132264024
22913.9990234375 0.000177725912193044
22923.9990234375 0.000164933947797192
22933.9990234375 0.00015161403416909
22943.9990234375 0.000141154857378784
22953.9990234375 0.000131250840999989
22963.9990234375 0.000122147322481066
22973.9990234375 0.000113735046670227
22983.9990234375 0.000106438692580374
22993.9990234375 9.86922349617137e-05
23003.9990234375 9.18349198354617e-05
23013.9990234375 8.56442302260107e-05
23023.9990234375 8.01390985468962e-05
23033.9990234375 7.38228167566891e-05
23043.9990234375 6.85710944253283e-05
23053.9990234375 6.42882694139366e-05
23063.9990234375 6.02769153904307e-05
23073.9990234375 5.62972125511758e-05
23083.9990234375 5.27331950462462e-05
23093.9990234375 4.92464819511537e-05
23103.9990234375 4.66845764050494e-05
23113.9990234375 4.42479399627344e-05
23123.9990234375 4.01748598286598e-05
23133.9990234375 3.69573321324958e-05
23143.9990234375 3.46337446989557e-05
23153.9990234375 3.28138305302173e-05
23163.9990234375 3.08249356647811e-05
23173.9990234375 2.89803374818835e-05
23183.9990234375 2.65229320493839e-05
23193.9990234375 2.48608278153433e-05
23203.9990234375 2.34436704965766e-05
23213.9990234375 2.24061068825975e-05
23223.9990234375 2.13554969562198e-05
23233.9990234375 1.97489896019503e-05
23243.9990234375 1.77997006910822e-05
23253.9990234375 1.65501362837812e-05
23263.9990234375 1.52483458168033e-05
23273.9990234375 1.41953562331833e-05
23283.9990234375 1.2905615952332e-05
23293.9990234375 1.24228025145295e-05
23303.9990234375 1.14640555446829e-05
23313.9990234375 1.05548292997055e-05
23323.9990234375 9.62194337293145e-06
23333.9990234375 8.80655606822248e-06
23343.9990234375 8.16994432986489e-06
23353.9990234375 7.64243498506465e-06
23363.9990234375 7.16740536595559e-06
23373.9990234375 6.76840273805449e-06
23383.9990234375 6.31056439992256e-06
23393.9990234375 5.70002879023775e-06
23403.9990234375 5.26631253324097e-06
23413.9990234375 5.02785562798162e-06
23423.9990234375 5.01037024669532e-06
23433.9990234375 4.83319984008342e-06
23443.9990234375 4.62975976745482e-06
23453.9990234375 4.49994001412504e-06
23463.9990234375 4.4817627686892e-06
23473.9990234375 4.1834433363546e-06
23483.9990234375 3.97074004117193e-06
23493.9990234375 4.13874138706285e-06
23503.9990234375 4.15562854509397e-06
23513.9990234375 3.96697229272377e-06
23523.9990234375 3.78455090493255e-06
23533.9990234375 3.56571248686332e-06
23543.9990234375 3.41338201068331e-06
23553.9990234375 3.28520907625857e-06
23563.9990234375 3.27874935415156e-06
23573.9990234375 3.15470209824722e-06
23583.9990234375 2.94374484689713e-06
23593.9990234375 2.87907580177041e-06
23603.9990234375 2.70508493162771e-06
23613.9990234375 2.53829581229428e-06
23623.9990234375 2.34570166684848e-06
23633.9990234375 2.21872469535554e-06
23643.9990234375 2.17592128208507e-06
23653.9990234375 1.91296139532441e-06
23663.9990234375 1.68140145975253e-06
23673.9990234375 1.57856256824871e-06
23683.9990234375 1.28719694532127e-06
23693.9990234375 1.0460125848385e-06
23703.9990234375 8.76330624967268e-07
23713.9990234375 7.69857063006475e-07
23723.9990234375 6.88341623692142e-07
23733.9990234375 5.80274152122936e-07
23743.9990234375 5.08226535328921e-07
23753.9990234375 4.96765143827806e-07
23763.9990234375 4.45908759652324e-07
23773.9990234375 4.10208684155663e-07
23783.9990234375 3.88267156295727e-07
23793.9990234375 4.01498674826271e-07
23803.9990234375 3.54767340343671e-07
23813.9990234375 3.14299867557114e-07
23823.9990234375 2.6755233765935e-07
23833.9990234375 2.45798610134897e-07
23843.9990234375 2.25939675280699e-07
23853.9990234375 2.28329711621303e-07
23863.9990234375 2.16525182956375e-07
23873.9990234375 2.05042798779319e-07
23883.9990234375 1.8604301780672e-07
23893.9990234375 1.70449821801273e-07
23903.9990234375 1.5329333733392e-07
23913.9990234375 1.40068373692654e-07
23923.9990234375 1.32112930806341e-07
23933.9990234375 1.23730937811682e-07
23943.9990234375 1.23328330198874e-07
23953.9990234375 1.10549251274467e-07
23963.9990234375 9.78132260728472e-08
23973.9990234375 8.38723866000972e-08
23983.9990234375 7.59089316473063e-08
23993.9990234375 6.95587630531953e-08
24003.9990234375 6.16696034413517e-08
24013.9990234375 5.78494447196654e-08
24023.9990234375 5.50086692254982e-08
24033.9990234375 4.69592463696859e-08
24043.9990234375 3.97534601672297e-08
24053.9990234375 3.3305169810155e-08
24063.9990234375 2.99986989075461e-08
24073.9990234375 2.80067747926361e-08
24083.9990234375 2.44962605069297e-08
24093.9990234375 2.17229379259409e-08
24103.9990234375 2.16767111908492e-08
24113.9990234375 1.75918816833142e-08
24123.9990234375 1.38181058245616e-08
24133.9990234375 1.20947340435578e-08
24143.9990234375 1.03845374348365e-08
24153.9990234375 9.61650842755904e-09
24163.9990234375 8.48242599196658e-09
24173.9990234375 6.77384532208118e-09
24183.9990234375 6.11472101360399e-09
24193.9990234375 5.66120870385478e-09
24203.9990234375 5.02948772523276e-09
24213.9990234375 4.32590643347088e-09
24223.9990234375 4.05106021797761e-09
24233.9990234375 3.85611659765433e-09
24243.9990234375 3.32296913967888e-09
24253.9990234375 2.77455669667702e-09
24263.9990234375 2.66057113995321e-09
24273.9990234375 2.30231148184498e-09
24283.9990234375 1.95162926573528e-09
24293.9990234375 1.75880139477529e-09
24303.9990234375 1.56962052207426e-09
24313.9990234375 1.58230795395265e-09
24323.9990234375 1.44648913761082e-09
24333.9990234375 1.33724890543794e-09
24343.9990234375 1.21154785322659e-09
24353.9990234375 1.14043951558504e-09
24363.9990234375 9.73965718602881e-10
24373.9990234375 8.02656981022972e-10
24383.9990234375 7.43491860420016e-10
24393.9990234375 6.7886711277447e-10
24403.9990234375 6.35769209910101e-10
24413.9990234375 5.66451537653017e-10
24423.9990234375 4.89830647896472e-10
24433.9990234375 4.37872377462498e-10
24443.9990234375 3.94709359997239e-10
24453.9990234375 3.58391055054219e-10
24463.9990234375 3.14976315921995e-10
24473.9990234375 2.78135302410204e-10
24483.9990234375 2.57248872593009e-10
24493.9990234375 2.28979463390412e-10
24503.9990234375 2.16036668917448e-10
24513.9990234375 1.97560995127682e-10
24523.9990234375 1.51755273041593e-10
24533.9990234375 1.64229091152957e-10
24543.9990234375 1.65543817628464e-10
24553.9990234375 1.34571448124661e-10
24563.9990234375 1.22193889578741e-10
24573.9990234375 1.18213333789403e-10
24583.9990234375 1.02854434588886e-10
24593.9990234375 8.42561310048554e-11
24603.9990234375 7.97080480781647e-11
24613.9990234375 7.71120013030395e-11
24623.9990234375 7.00421534738795e-11
24633.9990234375 6.93202302600562e-11
24643.9990234375 5.57054296335181e-11
24653.9990234375 4.86604056668595e-11
24663.9990234375 4.45466101459806e-11
24673.9990234375 4.12577521954219e-11
24683.9990234375 3.66904071975614e-11
24693.9990234375 3.40329663625875e-11
24703.9990234375 2.85464677091327e-11
24713.9990234375 2.67776555822908e-11
24723.9990234375 2.56067262411272e-11
24733.9990234375 2.42993264130441e-11
24743.9990234375 2.02871390121366e-11
24753.9990234375 1.80604431572574e-11
24763.9990234375 1.59872860652477e-11
24773.9990234375 1.40036155458222e-11
24783.9990234375 1.22700304367803e-11
24793.9990234375 1.13428277618904e-11
24803.9990234375 1.07945811140416e-11
24813.9990234375 9.90719642075731e-12
24823.9990234375 8.71039641616034e-12
24833.9990234375 7.06460132572106e-12
24843.9990234375 6.25769233153983e-12
24853.9990234375 5.51444942528973e-12
24863.9990234375 4.99469861747809e-12
24873.9990234375 4.96689889190417e-12
24883.9990234375 4.57643758798847e-12
24893.9990234375 4.41306421787065e-12
24903.9990234375 4.23911157601527e-12
24913.9990234375 3.72232633992067e-12
24923.9990234375 3.47194921010062e-12
24933.9990234375 3.14388190821219e-12
24943.9990234375 2.73585887950962e-12
24953.9990234375 2.46858271305042e-12
24963.9990234375 2.13761062772174e-12
24973.9990234375 2.10816850201262e-12
24983.9990234375 1.8788735174e-12
24993.9990234375 1.76285005940462e-12
25003.9990234375 1.49058308797965e-12
25013.9990234375 1.25280321600569e-12
25023.9990234375 1.31681278219143e-12
25033.9990234375 1.25656810596572e-12
25043.9990234375 1.10261125798127e-12
25053.9990234375 1.04601041559888e-12
25063.9990234375 1.00537313606425e-12
25073.9990234375 8.643338390458e-13
25083.9990234375 7.93261743608687e-13
25093.9990234375 7.73772444067875e-13
25103.9990234375 7.53513788497292e-13
25113.9990234375 7.27854545774198e-13
25123.9990234375 6.47450950402627e-13
25133.9990234375 5.29824737800823e-13
25143.9990234375 5.00675490450743e-13
25153.9990234375 4.87796781403638e-13
25163.9990234375 4.49062139072339e-13
25173.9990234375 4.25582068498853e-13
25183.9990234375 3.57899926774957e-13
25193.9990234375 3.27743404764363e-13
25203.9990234375 3.24932632992799e-13
25213.9990234375 3.12132855509102e-13
25223.9990234375 2.63106287435063e-13
25233.9990234375 2.34352308763352e-13
25243.9990234375 2.54572164506607e-13
25253.9990234375 2.34800159054672e-13
25263.9990234375 2.08506221586956e-13
25273.9990234375 1.86117507620159e-13
25283.9990234375 1.92043669153229e-13
25293.9990234375 1.75187318426066e-13
25303.9990234375 1.50168252784548e-13
25313.9990234375 1.40415477333018e-13
25323.9990234375 1.3951871307507e-13
25333.9990234375 1.30829214129876e-13
25343.9990234375 1.19563365996405e-13
25353.9990234375 1.03988595953213e-13
25363.9990234375 1.01180498245502e-13
25373.9990234375 9.39685327403752e-14
25383.9990234375 8.61677437540567e-14
25393.9990234375 8.53185367401735e-14
25403.9990234375 7.81786489651109e-14
25413.9990234375 6.6838573260341e-14
25423.9990234375 6.16665990975127e-14
25433.9990234375 5.77377188129081e-14
25443.9990234375 5.47916431226907e-14
25453.9990234375 5.22605226153994e-14
25463.9990234375 5.33164824609511e-14
25473.9990234375 4.48555947182783e-14
25483.9990234375 3.83880674966812e-14
25493.9990234375 3.55008803774636e-14
25503.9990234375 3.1777666251334e-14
25513.9990234375 3.02524931182962e-14
25523.9990234375 2.93368276441907e-14
25533.9990234375 2.79965305346816e-14
25543.9990234375 2.55527691534393e-14
25553.9990234375 2.12160731279533e-14
25563.9990234375 1.99829508860045e-14
25573.9990234375 2.09871796280585e-14
25583.9990234375 1.81081153677236e-14
25593.9990234375 1.57817498375919e-14
25603.9990234375 1.5345567825288e-14
25613.9990234375 1.43253345644366e-14
25623.9990234375 1.17854923480418e-14
25633.9990234375 1.10507867755375e-14
25643.9990234375 1.07479341482957e-14
25653.9990234375 1.00460297999084e-14
25663.9990234375 9.64134238926055e-15
25673.9990234375 7.67233971206433e-15
25683.9990234375 6.63050931548969e-15
25693.9990234375 6.39092167272237e-15
25703.9990234375 6.21732503524487e-15
25713.9990234375 5.34591215124683e-15
25723.9990234375 4.44996428336112e-15
25733.9990234375 4.46812555913364e-15
25743.9990234375 4.432962954187e-15
25753.9990234375 3.85523514302202e-15
25763.9990234375 3.47734354973556e-15
25773.9990234375 3.43525151834287e-15
25783.9990234375 2.7234216420277e-15
25793.9990234375 2.31748885660484e-15
25803.9990234375 2.09641509050806e-15
25813.9990234375 2.00812693348456e-15
25823.9990234375 1.88858833992714e-15
25833.9990234375 1.75958245122661e-15
25843.9990234375 1.59726228288605e-15
25853.9990234375 1.38135678875468e-15
25863.9990234375 1.30847888722036e-15
25873.9990234375 1.09396420462509e-15
25883.9990234375 9.13373054540671e-16
25893.9990234375 8.57362376671226e-16
25903.9990234375 8.87008758207156e-16
25913.9990234375 7.82123062639581e-16
25923.9990234375 5.89886882640529e-16
25933.9990234375 5.5496671070463e-16
25943.9990234375 5.41328172191546e-16
25953.9990234375 5.12580259923849e-16
25963.9990234375 5.01177081568716e-16
25973.9990234375 4.86088312491425e-16
