"wave" "response"
5501.50024414062 2.01535115852483e-09
5511.50024414062 2.51229768520625e-09
5521.50024414062 3.48431638369573e-09
5531.50024414062 4.62421127648876e-09
5541.50024414062 4.61328600104287e-09
5551.50024414062 4.7283994047234e-09
5561.50024414062 4.74643271854739e-09
5571.50024414062 5.26222973126726e-09
5581.50024414062 5.17708556098808e-09
5591.50024414062 4.54143188251975e-09
5601.50024414062 4.20193749588243e-09
5611.50024414062 4.4298084119373e-09
5621.50024414062 4.39645993586598e-09
5631.50024414062 4.64831689326092e-09
5641.50024414062 5.02348562349605e-09
5651.50024414062 5.95085287714429e-09
5661.50024414062 7.52124942905487e-09
5671.50024414062 8.08725753160212e-09
5681.50024414062 9.9596650299105e-09
5691.50024414062 9.36856382499047e-09
5701.50024414062 1.09413247826731e-08
5711.50024414062 1.08491109554937e-08
5721.50024414062 1.24053188196902e-08
5731.50024414062 1.08965739643573e-08
5741.50024414062 1.0143093116904e-08
5751.50024414062 9.86350744515377e-09
5761.50024414062 1.1944177729112e-08
5771.50024414062 1.40978547136171e-08
5781.50024414062 1.55744936088755e-08
5791.50024414062 1.78145434056769e-08
5801.50024414062 2.18867230127324e-08
5811.50024414062 2.64124324829062e-08
5821.50024414062 2.89493998260754e-08
5831.50024414062 3.04976039748764e-08
5841.50024414062 2.98647625908436e-08
5851.50024414062 2.95076111979653e-08
5861.50024414062 2.91694172575304e-08
5871.50024414062 3.58143320542885e-08
5881.50024414062 4.09520404014914e-08
5891.50024414062 4.48014464890515e-08
5901.50024414062 4.94610670715471e-08
5911.50024414062 5.24774780777742e-08
5921.50024414062 5.96049200802833e-08
5931.50024414062 6.26544549227508e-08
5941.50024414062 7.66220722849837e-08
5951.50024414062 8.58435582200668e-08
5961.50024414062 1.00033824564508e-07
5971.50024414062 1.50384987020151e-07
5981.50024414062 3.38787650497278e-07
5991.50024414062 1.15949241247768e-06
6001.50024414062 3.97383838579377e-06
6011.50024414062 1.49169721734579e-05
6021.50024414062 7.23160026904392e-05
6031.50024414062 0.000309960686628581
6041.50024414062 0.0012375376628281
6051.50024414062 0.00409764370338275
6061.50024414062 0.0103420382178884
6071.50024414062 0.020728065909891
6081.50024414062 0.0345090698561833
6091.50024414062 0.0494548508651981
6101.50024414062 0.0632327373229608
6111.50024414062 0.0743232964089883
6121.50024414062 0.0825960689443021
6131.50024414062 0.088471191045957
6141.50024414062 0.0931323463932899
6151.50024414062 0.0970909687274295
6161.50024414062 0.101307997106111
6171.50024414062 0.105977024888076
6181.50024414062 0.110770820047502
6191.50024414062 0.115564584218804
6201.50024414062 0.119844628476342
6211.50024414062 0.123278770032101
6221.50024414062 0.126113656803596
6231.50024414062 0.128231555997724
6241.50024414062 0.130247441406699
6251.50024414062 0.131920276728045
6261.50024414062 0.133178025962608
6271.50024414062 0.134178197577053
6281.50024414062 0.134887092078152
6291.50024414062 0.135267691098613
6301.50024414062 0.135521034850034
6311.50024414062 0.135661313608258
6321.50024414062 0.135901556699271
6331.50024414062 0.13715573593307
6341.50024414062 0.139276555090739
6351.50024414062 0.141830433020568
6361.50024414062 0.144646449128016
6371.50024414062 0.147060362942047
6381.50024414062 0.149008709493724
6391.50024414062 0.150766158278078
6401.50024414063 0.152204355533849
6411.50024414063 0.153924408164229
6421.50024414063 0.155673280526125
6431.50024414063 0.157161991820995
6441.50024414063 0.158390824462538
6451.50024414063 0.159283594097911
6461.50024414063 0.159984205467806
6471.50024414063 0.160807493085356
6481.50024414063 0.161982762466989
6491.50024414063 0.163359694150958
6501.50024414063 0.165112971432355
6511.50024414062 0.166384855563203
6521.50024414062 0.167236185595518
6531.50024414062 0.167800672858428
6541.50024414062 0.16803288473026
6551.50024414062 0.167927308963701
6561.50024414062 0.16792889993467
6571.50024414062 0.167631458629593
6581.50024414062 0.167510826637448
6591.50024414062 0.167843399332927
6601.50024414062 0.16872832411608
6611.50024414062 0.16969938250427
6621.50024414062 0.171300349287585
6631.50024414062 0.173463948877591
6641.50024414062 0.176054847199501
6651.50024414062 0.178398208178659
6661.50024414062 0.180203285097942
6671.50024414062 0.180980412216911
6681.50024414062 0.181266303870993
6691.50024414062 0.181391392537776
6701.50024414062 0.18118858418282
6711.50024414062 0.180786744993279
6721.50024414062 0.180361306545907
6731.50024414062 0.180271530395191
6741.50024414062 0.180103222243817
6751.50024414062 0.179941898790704
6761.50024414062 0.180319183063189
6771.50024414062 0.18114668488873
6781.50024414062 0.182098925418575
6791.50024414062 0.183778085126733
6801.50024414062 0.186049866356467
6811.50024414062 0.188198706026102
6821.50024414062 0.189764604084946
6831.50024414062 0.190713656276274
6841.50024414062 0.191930905716878
6851.50024414062 0.192863616884824
6861.50024414062 0.194002169048352
6871.50024414062 0.194906259237013
6881.50024414062 0.196067537902213
6891.50024414062 0.197646683198866
6901.50024414062 0.1989125620426
6911.50024414062 0.199266068012565
6921.50024414062 0.198332697524755
6931.50024414062 0.196206048361766
6941.50024414062 0.193350606127793
6951.50024414062 0.19019187943799
6961.50024414062 0.187900850764561
6971.50024414062 0.187080643721416
6981.50024414062 0.18789461583067
6991.50024414062 0.190337154276586
7001.50024414062 0.193836323922061
7011.50024414062 0.197938298736442
7021.50024414062 0.200988367357302
7031.50024414062 0.203634910439954
7041.50024414062 0.205375193393379
7051.50024414062 0.206029319204241
7061.50024414062 0.206845068154949
7071.50024414062 0.207391041893084
7081.50024414062 0.208549925207922
7091.50024414062 0.209964189933253
7101.50024414062 0.210253084848124
7111.50024414062 0.209845834589426
7121.50024414062 0.208011907491205
7131.50024414062 0.205858928894318
7141.50024414062 0.204221943477539
7151.50024414062 0.20380405903942
7161.50024414062 0.204044853568426
7171.50024414062 0.204291780272965
7181.50024414062 0.20374551003435
7191.50024414062 0.202008782836453
7201.50024414062 0.199759823168504
7211.50024414062 0.198140036413738
7221.50024414062 0.198677209800273
7231.50024414062 0.201819740754226
7241.50024414062 0.206823656584916
7251.50024414062 0.212809382932567
7261.50024414062 0.218645324341012
7271.50024414062 0.223362817921451
7281.50024414062 0.22658859415535
7291.50024414062 0.228757258887424
7301.50024414062 0.229885067271318
7311.50024414062 0.229396197151284
7321.50024414062 0.228432279269573
7331.50024414062 0.226660242588737
7341.50024414062 0.224067400252029
7351.50024414062 0.221453480662582
7361.50024414062 0.219257513670765
7371.50024414062 0.217786350908066
7381.50024414062 0.217562083012915
7391.50024414062 0.218242835011427
7401.50024414062 0.219013640627769
7411.50024414062 0.219953959223399
7421.50024414062 0.220665223671085
7431.50024414062 0.222085856638261
7441.50024414062 0.224778600326092
7451.50024414062 0.228542222046793
7461.50024414062 0.232278848062938
7471.50024414062 0.236425740774205
7481.50024414062 0.239395158729784
7491.50024414062 0.24184107577638
7501.50024414062 0.243029348529694
7511.50024414062 0.243550650625331
7521.50024414062 0.243469670346235
7531.50024414062 0.241723162595832
7541.50024414062 0.239053247219585
7551.50024414062 0.234894799651181
7561.50024414062 0.230497997755754
7571.50024414062 0.226996193501688
7581.50024414062 0.225188859009563
7591.50024414062 0.224384545744777
7601.50024414062 0.224738087542377
7611.50024414062 0.225586998082693
7621.50024414062 0.226597012819936
7631.50024414062 0.228927987738414
7641.50024414062 0.232251891664621
7651.50024414063 0.236954769752638
7661.50024414063 0.241852220137855
7671.50024414063 0.246040490856068
7681.50024414063 0.247924179925343
7691.50024414063 0.248014544836272
7701.50024414063 0.246729929538247
7711.50024414063 0.244373233441303
7721.50024414063 0.241802311176177
7731.50024414063 0.238094841167235
7741.50024414063 0.23377671193956
7751.50024414063 0.228370226754942
7761.50024414062 0.222045909385815
7771.50024414062 0.21307832614034
7781.50024414062 0.199583205587891
7791.50024414062 0.180581142812902
7801.50024414062 0.15682315702068
7811.50024414062 0.130334218969506
7821.50024414062 0.10358532167663
7831.50024414062 0.0788305780683469
7841.50024414062 0.0576372114258767
7851.50024414062 0.0406465575070458
7861.50024414062 0.027726202341339
7871.50024414062 0.0185280179558749
7881.50024414062 0.0123050094140707
7891.50024414062 0.0082687365214671
7901.50024414062 0.00570613995669849
7911.50024414062 0.00400083506806506
7921.50024414062 0.00286948354498644
7931.50024414062 0.00203921878606678
7941.50024414062 0.00146461232586948
7951.50024414062 0.00106775566677535
7961.50024414062 0.000784746068696833
7971.50024414062 0.000581087868432118
7981.50024414062 0.000432431606126717
7991.50024414062 0.00032460205080888
8001.50024414062 0.000246102718787059
8011.50024414062 0.000187664933541429
8021.50024414062 0.000143741657921351
8031.50024414062 0.000111207699104344
8041.50024414062 8.68853335883091e-05
8051.50024414062 6.87691341853963e-05
8061.50024414062 5.50906199756502e-05
8071.50024414062 4.46114925783773e-05
8081.50024414062 3.64848773861111e-05
8091.50024414062 3.01516818454084e-05
8101.50024414062 2.52067798370596e-05
8111.50024414062 2.11276912823584e-05
8121.50024414062 1.79910698099378e-05
8131.50024414062 1.54534600909835e-05
8141.50024414062 1.35350979604786e-05
8151.50024414062 1.20225300031658e-05
8161.50024414062 1.09329984401577e-05
8171.50024414062 9.97062963874182e-06
8181.50024414062 9.15390208663687e-06
8191.50024414062 8.3739652915714e-06
8201.50024414062 7.79035668882084e-06
8211.50024414062 7.30214475640176e-06
8221.50024414062 6.95241515122465e-06
8231.50024414062 6.60664038326591e-06
8241.50024414062 6.32461481676567e-06
8251.50024414062 6.01300144235418e-06
8261.50024414062 5.80195310485737e-06
8271.50024414062 5.64417117375306e-06
8281.50024414062 5.57283052424622e-06
8291.50024414062 5.44305467545647e-06
8301.50024414062 5.22483908326981e-06
8311.50024414062 5.00321400133039e-06
8321.50024414062 4.88900004601849e-06
8331.50024414062 4.93073219842676e-06
8341.50024414062 4.98405909644392e-06
8351.50024414062 4.86996771572761e-06
8361.50024414062 4.52375545519025e-06
8371.50024414062 4.0830473548705e-06
8381.50024414062 3.67676567170683e-06
8391.50024414062 3.51224295761859e-06
8401.50024414062 3.59797452881795e-06
8411.50024414062 3.87942307264601e-06
8421.50024414062 4.14260596402143e-06
8431.50024414062 4.1878856974037e-06
8441.50024414062 4.09922111015396e-06
8451.50024414062 3.78927028404347e-06
8461.50024414062 3.49580222413163e-06
8471.50024414062 3.08909654651283e-06
8481.50024414062 2.78656056534531e-06
8491.50024414062 2.56538897961837e-06
8501.50024414062 2.63790691095102e-06
8511.50024414062 2.97107298204499e-06
8521.50024414062 3.39135122004062e-06
8531.50024414062 3.57156745388986e-06
8541.50024414062 3.30184796598188e-06
8551.50024414062 2.74330370238458e-06
8561.50024414062 2.22821941948794e-06
8571.50024414062 2.15318574066383e-06
8581.50024414062 2.40631915008477e-06
8591.50024414062 2.73977236555618e-06
8601.50024414062 2.99100482748857e-06
8611.50024414062 2.8046617350264e-06
8621.50024414062 2.44160271731306e-06
8631.50024414062 2.22055552916966e-06
8641.50024414062 2.20152911516992e-06
8651.50024414062 2.38221359658755e-06
8661.50024414062 2.12144750178753e-06
8671.50024414062 1.72563318593799e-06
8681.50024414062 1.26111488141325e-06
8691.50024414062 8.54903134513722e-07
8701.50024414062 8.47143900114566e-07
8711.50024414062 9.31206555588187e-07
8721.50024414062 1.36988494440396e-06
8731.50024414062 1.64530160848305e-06
8741.50024414062 1.63756254516641e-06
8751.50024414062 1.14305428830035e-06
8761.50024414062 6.15432671723685e-07
8771.50024414062 3.77829147266847e-07
8781.50024414062 4.26682953504672e-07
8791.50024414062 7.59356699018447e-07
8801.50024414062 9.73518738618425e-07
8811.50024414062 1.31963908683503e-06
8821.50024414062 1.03978684246688e-06
8831.50024414062 1.05627794739024e-06
8841.50024414062 9.75236067825056e-07
8851.50024414062 9.97951820412728e-07
8861.50024414062 7.82040134154036e-07
8871.50024414062 4.32877230704308e-07
8881.50024414062 3.46630821852619e-07
8891.50024414062 3.88410552145216e-07
8901.50024414062 5.33749927191913e-07
8911.50024414062 6.22779199412723e-07
8921.50024414062 7.45170123059959e-07
8931.50024414062 6.58787122141072e-07
8941.50024414062 5.56315585314068e-07
8951.50024414062 1.26317869532955e-06
8961.50024414062 2.07221775232336e-06
8971.50024414062 6.83668994301958e-06
8981.50024414062 1.05132646073079e-05
8991.50024414062 1.39511408442304e-05
9001.50024414062 1.30267730493014e-05
9011.50024414062 1.24596663844067e-05
9021.50024414062 1.2361667341093e-05
9031.50024414062 1.22506101301843e-05
9041.50024414062 1.20731682078781e-05
9051.50024414062 1.16703436517538e-05
9061.50024414062 1.24850579395646e-05
9071.50024414062 1.31825709829242e-05
9081.50024414062 1.32384200880885e-05
9091.50024414062 1.23993109933746e-05
9101.50024414062 1.1412787748013e-05
9111.50024414062 1.13504983190909e-05
9121.50024414062 1.09929879755021e-05
9131.50024414062 1.06502858452084e-05
9141.50024414062 1.02909506616277e-05
9151.50024414062 1.03835132545431e-05
9161.50024414062 1.01818302033335e-05
9171.50024414062 1.00571936691262e-05
9181.50024414062 9.75547468518636e-06
9191.50024414062 9.50558268751141e-06
9201.50024414062 8.94144869241838e-06
9211.50024414062 8.92481411464685e-06
9221.50024414062 9.10563572358204e-06
9231.50024414062 9.21419451690718e-06
9241.50024414062 8.86196764407978e-06
9251.50024414062 8.09237848299409e-06
9261.50024414062 7.86406267205959e-06
9271.50024414062 7.63506964641072e-06
9281.50024414062 8.02833336299971e-06
9291.50024414062 7.73434291499053e-06
9301.50024414062 7.72123025268377e-06
9311.50024414062 7.56041208265452e-06
9321.50024414062 7.99863127060385e-06
9331.50024414062 8.16081429590891e-06
9341.50024414062 8.3523190285171e-06
9351.50024414062 7.98812368502788e-06
9361.50024414062 7.50836971609608e-06
9371.50024414062 7.37637948004004e-06
9381.50024414062 7.17928064678936e-06
9391.50024414062 7.06080006389691e-06
9401.50024414062 7.02091654568958e-06
9411.50024414062 6.8428429673273e-06
9421.50024414062 7.23928937448773e-06
9431.50024414062 6.7177112272485e-06
9441.50024414062 6.61300130450717e-06
9451.50024414062 6.23352976332124e-06
9461.50024414062 6.10085686816435e-06
9471.50024414062 6.24035173463726e-06
9481.50024414062 6.23120785974093e-06
9491.50024414062 6.37472929083441e-06
9501.50024414062 5.96897549271767e-06
9511.50024414062 5.96996213755011e-06
9521.50024414062 5.69736683140971e-06
9531.50024414062 5.82346460807292e-06
9541.50024414062 5.25312727993355e-06
9551.50024414062 5.26927188578821e-06
9561.50024414062 5.32756463379894e-06
9571.50024414062 5.5906925607155e-06
9581.50024414062 5.75774524607442e-06
9591.50024414062 5.61300109543951e-06
9601.50024414062 5.64818543085106e-06
9611.50024414062 5.31637092842915e-06
9621.50024414062 5.12212713276381e-06
9631.50024414062 4.97472508825779e-06
9641.50024414062 4.92792536370081e-06
9651.50024414062 5.16401533129428e-06
9661.50024414062 5.01006823792575e-06
9671.50024414062 4.96444070843798e-06
9681.50024414062 4.77474418405548e-06
9691.50024414062 4.73021585382389e-06
9701.50024414062 4.7763734152194e-06
9711.50024414062 4.69317267887997e-06
9721.50024414062 4.53292519958762e-06
9731.50024414062 4.31251529200453e-06
9741.50024414062 4.18805703370018e-06
9751.50024414062 4.24108800373249e-06
9761.50024414062 4.27922109315459e-06
9771.50024414062 4.46773807973402e-06
9781.50024414062 4.38978300149725e-06
9791.50024414062 4.3261052225977e-06
9801.50024414062 4.35020953504602e-06
9811.50024414062 4.60065484510533e-06
9821.50024414062 4.68003590720057e-06
9831.50024414062 4.60163820160065e-06
9841.50024414062 4.46461854395626e-06
9851.50024414062 4.33349426611527e-06
9861.50024414062 4.18291535811322e-06
9871.50024414062 3.98500438247789e-06
9881.50024414062 4.04570981130799e-06
9891.50024414062 4.0395891352502e-06
9901.50024414062 4.15263948689611e-06
9911.50024414062 4.14579819296656e-06
9921.50024414062 4.05758840534417e-06
9931.50024414062 3.86937937788323e-06
9941.50024414062 3.85745383037592e-06
9951.50024414062 3.78696267152434e-06
9961.50024414062 3.9879100557302e-06
9971.50024414062 3.96071338583998e-06
9981.50024414062 3.94586917457619e-06
9991.50024414062 3.83105323642136e-06
10001.5002441406 3.65875038244005e-06
10011.5002441406 3.70235399434615e-06
10021.5002441406 3.69602400991483e-06
10031.5002441406 3.77876783498355e-06
10041.5002441406 3.74982831164626e-06
10051.5002441406 3.75641274978452e-06
10061.5002441406 3.69826273508251e-06
10071.5002441406 3.74047158394431e-06
10081.5002441406 3.62837712477686e-06
10091.5002441406 3.7697682227906e-06
10101.5002441406 3.66558368071952e-06
10111.5002441406 3.84651102080262e-06
10121.5002441406 3.60006445538017e-06
10131.5002441406 3.63185099274087e-06
10141.5002441406 3.51129885967106e-06
10151.5002441406 3.48575494808156e-06
10161.5002441406 3.29023466504558e-06
10171.5002441406 3.05203452796182e-06
10181.5002441406 3.177154118446e-06
10191.5002441406 3.42400429101396e-06
10201.5002441406 3.49888651835678e-06
10211.5002441406 3.57783228959559e-06
10221.5002441406 3.41950712701691e-06
10231.5002441406 3.34068515027298e-06
10241.5002441406 3.23327992600215e-06
10251.5002441406 3.20667420459248e-06
10261.5002441406 3.41145212381555e-06
10271.5002441406 3.3996272093847e-06
10281.5002441406 3.48072569925677e-06
10291.5002441406 3.29671847500332e-06
10301.5002441406 3.26547444930296e-06
10311.5002441406 3.21123615760194e-06
10321.5002441406 3.25623253682388e-06
10331.5002441406 3.06000283542853e-06
10341.5002441406 2.92484029834434e-06
10351.5002441406 2.86128204196287e-06
10361.5002441406 2.98787089723012e-06
10371.5002441406 3.10605173952192e-06
10381.5002441406 3.13384146983867e-06
10391.5002441406 3.2591892707105e-06
10401.5002441406 3.1893463274066e-06
10411.5002441406 3.1616813696688e-06
10421.5002441406 3.00379298193924e-06
10431.5002441406 3.02845101370668e-06
10441.5002441406 3.1789084182581e-06
10451.5002441406 3.13767219177098e-06
10461.5002441406 2.96900537769729e-06
10471.5002441406 2.75734139852772e-06
10481.5002441406 2.71064645402409e-06
10491.5002441406 2.84382987309559e-06
10501.5002441406 2.77169553434035e-06
10511.5002441406 2.98935297297263e-06
10521.5002441406 3.00854938704415e-06
10531.5002441406 3.03562461847798e-06
10541.5002441406 2.9579956074823e-06
10551.5002441406 3.0140319051431e-06
10561.5002441406 3.22834196446799e-06
10571.5002441406 3.17674700500001e-06
10581.5002441406 3.10680479174253e-06
10591.5002441406 2.90111470653537e-06
10601.5002441406 2.89559464260113e-06
10611.5002441406 2.88520645292299e-06
10621.5002441406 2.93499292709161e-06
10631.5002441406 3.03224050079846e-06
10641.5002441406 2.96777075393447e-06
10651.5002441406 3.11493031715028e-06
10661.5002441406 2.93325350825871e-06
10671.5002441406 2.95575029142326e-06
10681.5002441406 2.84781206580572e-06
10691.5002441406 2.89369594191221e-06
10701.5002441406 2.80709839458274e-06
10711.5002441406 2.81198733384382e-06
10721.5002441406 2.85375174333551e-06
10731.5002441406 2.95624889266602e-06
10741.5002441406 2.81295627711453e-06
10751.5002441406 2.61090839716434e-06
10761.5002441406 2.50035395080746e-06
10771.5002441406 2.61540904398641e-06
10781.5002441406 2.75926603138246e-06
10791.5002441406 2.94750150884507e-06
10801.5002441406 2.88952057968457e-06
10811.5002441406 3.06524541365958e-06
10821.5002441406 3.04911276055035e-06
10831.5002441406 2.98240939254172e-06
10841.5002441406 2.74741033827548e-06
10851.5002441406 2.73671534496734e-06
10861.5002441406 2.75310456504347e-06
10871.5002441406 2.75264285340971e-06
10881.5002441406 2.58444282868252e-06
10891.5002441406 2.76140886691082e-06
10901.5002441406 2.72155206941719e-06
10911.5002441406 2.75722386629932e-06
10921.5002441406 2.73091046856403e-06
10931.5002441406 2.76810842439856e-06
10941.5002441406 2.82434666094227e-06
10951.5002441406 2.6393886744006e-06
10961.5002441406 2.70146675016718e-06
10971.5002441406 2.5514747281213e-06
10981.5002441406 2.65295999531071e-06
10991.5002441406 2.56842170068963e-06
11001.5002441406 2.75582250858467e-06
11011.5002441406 2.74846914762486e-06
11021.5002441406 2.86766290771223e-06
11031.5002441406 2.87308133902042e-06
11041.5002441406 2.90621010506295e-06
11051.5002441406 2.88381805305146e-06
11061.5002441406 2.7741443946433e-06
11071.5002441406 2.68432653570294e-06
11081.5002441406 2.69316229632152e-06
11091.5002441406 2.72270441008237e-06
11101.5002441406 2.72758404781187e-06
11111.5002441406 2.66959249143922e-06
11121.5002441406 2.70206588863684e-06
11131.5002441406 2.7340101209942e-06
11141.5002441406 2.75845804697092e-06
11151.5002441406 2.82779716681301e-06
11161.5002441406 3.04912966159106e-06
11171.5002441406 3.20571408053563e-06
11181.5002441406 3.43783261425318e-06
11191.5002441406 3.56033735370531e-06
11201.5002441406 3.7946981509722e-06
11211.5002441406 3.94491890953633e-06
11221.5002441406 4.19962720892014e-06
11231.5002441406 4.25855301980267e-06
11241.5002441406 4.39378852213394e-06
11251.5002441406 4.61620530696848e-06
11261.5002441406 4.89882454240576e-06
11271.5002441406 5.0902123587382e-06
11281.5002441406 5.09644365982205e-06
11291.5002441406 5.21196806265832e-06
11301.5002441406 5.31338417421696e-06
11311.5002441406 5.45613491098376e-06
11321.5002441406 5.65427832525605e-06
11331.5002441406 5.8563989708227e-06
11341.5002441406 6.11441692475315e-06
11351.5002441406 6.04211360304902e-06
11361.5002441406 6.13581029262655e-06
11371.5002441406 5.95142585534091e-06
11381.5002441406 5.97919149102632e-06
11391.5002441406 5.85716442521603e-06
11401.5002441406 5.87911190560927e-06
11411.5002441406 5.9109635044588e-06
11421.5002441406 5.7742543802438e-06
11431.5002441406 5.73234622069263e-06
11441.5002441406 5.36923693049057e-06
11451.5002441406 5.20398077775495e-06
11461.5002441406 4.9388625818046e-06
11471.5002441406 4.90425779762731e-06
11481.5002441406 4.73348164351948e-06
11491.5002441406 4.53881036203943e-06
11501.5002441406 4.42576022065282e-06
11511.5002441406 4.20621190471072e-06
11521.5002441406 3.90559294100688e-06
11531.5002441406 3.74451604888407e-06
11541.5002441406 3.58371303139894e-06
11551.5002441406 3.58116086998759e-06
11561.5002441406 3.42915962280846e-06
11571.5002441406 3.44054851699008e-06
11581.5002441406 3.42015848642474e-06
11591.5002441406 3.40970647072076e-06
11601.5002441406 3.37559224070856e-06
11611.5002441406 3.24517215064181e-06
11621.5002441406 3.21392241472041e-06
11631.5002441406 3.0649768544231e-06
11641.5002441406 3.11943427332846e-06
11651.5002441406 3.05264263403758e-06
11661.5002441406 3.04289203613806e-06
11671.5002441406 2.85551004565684e-06
11681.5002441406 2.78585734474265e-06
11691.5002441406 2.68794163565097e-06
11701.5002441406 2.76718595065357e-06
11711.5002441406 2.7144068458169e-06
11721.5002441406 2.84968397290141e-06
11731.5002441406 2.94068047354947e-06
11741.5002441406 3.06471085740159e-06
11751.5002441406 3.03938533145889e-06
11761.5002441406 3.03406932130673e-06
11771.5002441406 2.93253474693505e-06
11781.5002441406 2.92559157238247e-06
11791.5002441406 2.82927061199144e-06
11801.5002441406 2.89241456050664e-06
11811.5002441406 2.94171427095845e-06
11821.5002441406 2.94259777737774e-06
11831.5002441406 2.97675771005481e-06
11841.5002441406 3.14122203628055e-06
11851.5002441406 3.18698779430765e-06
11861.5002441406 3.08022907190082e-06
11871.5002441406 2.95474326223387e-06
11881.5002441406 2.92718489256011e-06
11891.5002441406 3.03828251517657e-06
11901.5002441406 3.08422467523005e-06
11911.5002441406 3.12136274003159e-06
11921.5002441406 3.13207389264398e-06
11931.5002441406 3.00362301111878e-06
11941.5002441406 2.97691250301554e-06
11951.5002441406 3.01794221782868e-06
11961.5002441406 3.16083001878482e-06
11971.5002441406 3.20288239965344e-06
11981.5002441406 3.19532408830146e-06
11991.5002441406 3.1181362491755e-06
12001.5002441406 3.10126810895617e-06
12011.5002441406 3.17843849218262e-06
12021.5002441406 3.12743683401881e-06
12031.5002441406 3.14474464139888e-06
12041.5002441406 3.12233263188447e-06
12051.5002441406 3.29478451403535e-06
12061.5002441406 3.21417602838967e-06
12071.5002441406 3.19167768844777e-06
12081.5002441406 2.99948179472793e-06
12091.5002441406 3.1183563184008e-06
12101.5002441406 2.9535018621287e-06
12111.5002441406 3.03612831107289e-06
12121.5002441406 2.95196197867938e-06
12131.5002441406 3.10400353326428e-06
12141.5002441406 3.12842742280343e-06
12151.5002441406 3.21146049053311e-06
12161.5002441406 3.20886560492016e-06
12171.5002441406 3.20177125973551e-06
12181.5002441406 3.09170351721931e-06
12191.5002441406 3.03705864664421e-06
12201.5002441406 2.97919978966722e-06
12211.5002441406 3.04859907037431e-06
12221.5002441406 3.1093404141107e-06
12231.5002441406 3.04160017330049e-06
12241.5002441406 3.08049499124378e-06
12251.5002441406 3.04806179075437e-06
12261.5002441406 3.1962498009818e-06
12271.5002441406 3.176952504199e-06
12281.5002441406 3.07194868197952e-06
12291.5002441406 2.9905580960135e-06
12301.5002441406 2.82310669771885e-06
12311.5002441406 2.81714320123611e-06
12321.5002441406 2.7421906121606e-06
12331.5002441406 2.78450149694057e-06
12341.5002441406 2.80723632575065e-06
12351.5002441406 2.73306276311389e-06
12361.5002441406 2.77707725315156e-06
12371.5002441406 2.71075869580123e-06
12381.5002441406 2.8157721654418e-06
12391.5002441406 2.73334352663637e-06
12401.5002441406 2.84338237243659e-06
12411.5002441406 2.81069982024313e-06
12421.5002441406 2.90228356992949e-06
12431.5002441406 2.83209566188762e-06
12441.5002441406 2.82160866886722e-06
12451.5002441406 2.81372658604338e-06
12461.5002441406 2.87073977173045e-06
12471.5002441406 3.0411879653634e-06
12481.5002441406 3.04331797135014e-06
12491.5002441406 3.02511712791931e-06
12501.5002441406 2.92147919888482e-06
12511.5002441406 3.02269834896153e-06
12521.5002441406 3.14130430906833e-06
12531.5002441406 3.26927523166278e-06
12541.5002441406 3.39025590150812e-06
12551.5002441406 3.49385621156515e-06
12561.5002441406 3.42024068520931e-06
12571.5002441406 3.48662028968489e-06
12581.5002441406 3.53609904141192e-06
12591.5002441406 3.77062263284515e-06
12601.5002441406 3.73137740837419e-06
12611.5002441406 3.78612092236884e-06
12621.5002441406 3.91285770713105e-06
12631.5002441406 4.02657667595749e-06
12641.5002441406 4.08201763169809e-06
12651.5002441406 3.98253451561069e-06
12661.5002441406 3.96308103947049e-06
12671.5002441406 3.97348313456231e-06
12681.5002441406 3.8457762496332e-06
12691.5002441406 3.78172872350739e-06
12701.5002441406 3.66603137875959e-06
12711.5002441406 3.66178032373029e-06
12721.5002441406 3.65573232716056e-06
12731.5002441406 3.60440629531686e-06
12741.5002441406 3.80163585005943e-06
12751.5002441406 3.80621168764573e-06
12761.5002441406 3.77571199821555e-06
12771.5002441406 3.57739496973887e-06
12781.5002441406 3.37774038805201e-06
12791.5002441406 3.25337872116491e-06
12801.5002441406 3.28169248689415e-06
12811.5002441406 3.35547699663121e-06
12821.5002441406 3.36398950606031e-06
12831.5002441406 3.31169563355392e-06
12841.5002441406 3.14914145454651e-06
12851.5002441406 3.14104560699068e-06
12861.5002441406 2.89815080147684e-06
12871.5002441406 3.00296722703464e-06
12881.5002441406 2.74665072852206e-06
12891.5002441406 2.90512341848959e-06
12901.5002441406 2.8103350797375e-06
12911.5002441406 2.97346527954452e-06
12921.5002441406 2.8458612042548e-06
12931.5002441406 2.95383284043665e-06
12941.5002441406 2.88125436879027e-06
12951.5002441406 2.9034538909477e-06
12961.5002441406 2.82123317443697e-06
12971.5002441406 2.91071233020365e-06
12981.5002441406 2.98937035917394e-06
12991.5002441406 3.13316980909471e-06
13001.5002441406 3.18454811440938e-06
13011.5002441406 3.24359317900187e-06
13021.5002441406 3.33176675792941e-06
13031.5002441406 3.30015405917195e-06
13041.5002441406 3.28753425939157e-06
13051.5002441406 3.29205183325675e-06
13061.5002441406 3.52491586190051e-06
13071.5002441406 3.70499678815442e-06
13081.5002441406 3.71229343699411e-06
13091.5002441406 3.97804826853708e-06
13101.5002441406 4.12118155827854e-06
13111.5002441406 4.31617999077707e-06
13121.5002441406 4.23270070173133e-06
13131.5002441406 4.272301635893e-06
13141.5002441406 4.34414966668645e-06
13151.5002441406 4.4446081279272e-06
13161.5002441406 4.50844178335975e-06
13171.5002441406 4.5841773205428e-06
13181.5002441406 4.57307004175404e-06
13191.5002441406 4.61794507621393e-06
13201.5002441406 4.52406120131158e-06
13211.5002441406 4.49622635958825e-06
13221.5002441406 4.41305616001202e-06
13231.5002441406 4.42380146339267e-06
13241.5002441406 4.46647565830914e-06
13251.5002441406 4.40309426990501e-06
13261.5002441406 4.23537819412932e-06
13271.5002441406 4.12690287017444e-06
13281.5002441406 4.11028313256468e-06
13291.5002441406 4.0614894195181e-06
13301.5002441406 3.97095825020055e-06
13311.5002441406 3.82484641283422e-06
13321.5002441406 3.84206505367302e-06
13331.5002441406 3.62060752073143e-06
13341.5002441406 3.5116094884995e-06
13351.5002441406 3.4050334615525e-06
13361.5002441406 3.4980193145638e-06
13371.5002441406 3.58157154256686e-06
13381.5002441406 3.42857380296242e-06
13391.5002441406 3.41086987961285e-06
13401.5002441406 3.28960521038394e-06
13411.5002441406 3.30742492451487e-06
13421.5002441406 3.24445863932663e-06
13431.5002441406 3.2092814662219e-06
13441.5002441406 3.24322775408555e-06
13451.5002441406 3.13694151644965e-06
13461.5002441406 3.22927026773e-06
13471.5002441406 3.23785379047738e-06
13481.5002441406 3.42818635273385e-06
13491.5002441406 3.4533155205194e-06
13501.5002441406 3.5644712556596e-06
13511.5002441406 3.42463177594277e-06
13521.5002441406 3.57475450162783e-06
13531.5002441406 3.49031613519854e-06
13541.5002441406 3.6267927853521e-06
13551.5002441406 3.56899799973322e-06
13561.5002441406 3.70117555933627e-06
13571.5002441406 3.7963371353544e-06
13581.5002441406 3.75644655393631e-06
13591.5002441406 3.69498287635252e-06
13601.5002441406 3.73511830656746e-06
13611.5002441406 3.78112485330633e-06
13621.5002441406 3.73043618032741e-06
13631.5002441406 3.82277601094798e-06
13641.5002441406 3.97573837009178e-06
13651.5002441406 4.38923487231752e-06
13661.5002441406 4.31406374396648e-06
13671.5002441406 4.32921054332972e-06
13681.5002441406 4.00883066606072e-06
13691.5002441406 4.04924203268255e-06
13701.5002441406 4.19497047497132e-06
13711.5002441406 4.58085861873563e-06
13721.5002441406 4.68958972257945e-06
13731.5002441406 4.58600709377926e-06
13741.5002441406 4.59075213954235e-06
13751.5002441406 4.93522652473801e-06
13761.5002441406 5.31174778126694e-06
13771.5002441406 5.21511892185132e-06
13781.5002441406 5.16836415146591e-06
13791.5002441406 4.987177039675e-06
13801.5002441406 5.01197224224015e-06
13811.5002441406 5.07741185144239e-06
13821.5002441406 5.1657686437841e-06
13831.5002441406 5.36312204416403e-06
13841.5002441406 5.22105772515101e-06
13851.5002441406 5.11281824815824e-06
13861.5002441406 5.0427060135413e-06
13871.5002441406 5.01829700544041e-06
13881.5002441406 5.06712439862451e-06
13891.5002441406 4.8786599946721e-06
13901.5002441406 4.70977356370213e-06
13911.5002441406 4.5637292297542e-06
13921.5002441406 4.53748857336192e-06
13931.5002441406 4.53680695090447e-06
13941.5002441406 4.47174978745348e-06
13951.5002441406 4.49873887416485e-06
13961.5002441406 4.36997742745138e-06
13971.5002441406 4.355131521333e-06
13981.5002441406 4.13854338216509e-06
13991.5002441406 4.19292144098263e-06
14001.5002441406 4.01871925879589e-06
14011.5002441406 4.09503779414426e-06
14021.5002441406 4.01544589352569e-06
14031.5002441406 4.01939424434014e-06
14041.5002441406 3.82913844600862e-06
14051.5002441406 3.71045187886353e-06
14061.5002441406 3.6089485942712e-06
14071.5002441406 3.59404663563047e-06
14081.5002441406 3.74967430775042e-06
14091.5002441406 3.66145193150857e-06
14101.5002441406 3.87469450683562e-06
14111.5002441406 3.66419270778616e-06
14121.5002441406 3.70934712626079e-06
14131.5002441406 3.64476240911881e-06
14141.5002441406 3.72958423781257e-06
14151.5002441406 3.75128138548358e-06
14161.5002441406 3.57856344155304e-06
14171.5002441406 3.47993822132684e-06
14181.5002441406 3.56480523707846e-06
14191.5002441406 3.75763408354782e-06
14201.5002441406 3.87219309598408e-06
14211.5002441406 3.7238910822926e-06
14221.5002441406 3.65020331850621e-06
14231.5002441406 3.55481031608516e-06
14241.5002441406 3.7914261974996e-06
14251.5002441406 3.5862869610092e-06
14261.5002441406 3.53676287382473e-06
14271.5002441406 3.33878637499724e-06
14281.5002441406 3.48699730600563e-06
14291.5002441406 3.55181505993021e-06
14301.5002441406 3.57241118800663e-06
14311.5002441406 3.58144794897745e-06
14321.5002441406 3.44046103987739e-06
14331.5002441406 3.55334842414092e-06
14341.5002441406 3.71914464529769e-06
14351.5002441406 3.98985963953983e-06
14361.5002441406 4.04626513677648e-06
14371.5002441406 3.91019099953965e-06
14381.5002441406 3.77143006615075e-06
14391.5002441406 3.71361994842297e-06
14401.5002441406 3.94713425880021e-06
14411.5002441406 4.0080226162413e-06
14421.5002441406 4.0141275645114e-06
14431.5002441406 3.73006049876038e-06
14441.5002441406 3.68115077087466e-06
14451.5002441406 3.75512798523968e-06
14461.5002441406 3.72663999332047e-06
14471.5002441406 3.71541553404704e-06
14481.5002441406 3.63604947854112e-06
14491.5002441406 3.51296692526651e-06
14501.5002441406 3.54918745536907e-06
14511.5002441406 3.47763960296885e-06
14521.5002441406 3.62397634549626e-06
14531.5002441406 3.5886315780275e-06
14541.5002441406 3.59859070948475e-06
14551.5002441406 3.6738786337447e-06
14561.5002441406 3.63583283830702e-06
14571.5002441406 3.6935278367772e-06
14581.5002441406 3.9209486974572e-06
14591.5002441406 4.0226427499355e-06
14601.5002441406 4.114329231614e-06
14611.5002441406 3.9187763727878e-06
14621.5002441406 3.99932034669205e-06
14631.5002441406 3.76283953209964e-06
14641.5002441406 3.84868661275605e-06
14651.5002441406 3.79438024441613e-06
14661.5002441406 4.05979978464827e-06
14671.5002441406 3.96073757512832e-06
14681.5002441406 3.95480718196979e-06
14691.5002441406 4.01073194982563e-06
14701.5002441406 4.03290042204715e-06
14711.5002441406 4.01084738707428e-06
14721.5002441406 3.90587602143923e-06
14731.5002441406 3.92907874450434e-06
14741.5002441406 3.8565755404016e-06
14751.5002441406 3.84119736910682e-06
14761.5002441406 3.83359285574861e-06
14771.5002441406 4.02316133176299e-06
14781.5002441406 4.01163910300909e-06
14791.5002441406 3.95828607883665e-06
14801.5002441406 3.97241669141192e-06
14811.5002441406 3.84277035170836e-06
14821.5002441406 3.85244226198561e-06
14831.5002441406 3.73173529668663e-06
14841.5002441406 3.82027166816435e-06
14851.5002441406 3.75434037340527e-06
14861.5002441406 3.92761290729422e-06
14871.5002441406 4.00306657140848e-06
14881.5002441406 4.18746307485016e-06
14891.5002441406 4.11467782273534e-06
14901.5002441406 4.06813007167102e-06
14911.5002441406 4.07703851527207e-06
14921.5002441406 4.1763165790252e-06
14931.5002441406 4.34931819378334e-06
14941.5002441406 4.43480550244296e-06
14951.5002441406 4.44998461206043e-06
14961.5002441406 4.346838492385e-06
14971.5002441406 4.26666729899856e-06
14981.5002441406 4.11222500103108e-06
14991.5002441406 4.02313858940591e-06
15001.5002441406 4.05963045904241e-06
15011.5002441406 4.06568166932076e-06
15021.5002441406 4.08073230944207e-06
15031.5002441406 4.04710152094106e-06
15041.5002441406 4.03674644391399e-06
15051.5002441406 4.20104323810598e-06
15061.5002441406 4.27546124765381e-06
15071.5002441406 4.37399809406334e-06
15081.5002441406 4.33753197540858e-06
15091.5002441406 4.35263422409359e-06
15101.5002441406 4.41826034461746e-06
15111.5002441406 4.3762928053543e-06
15121.5002441406 4.31765081090953e-06
15131.5002441406 4.30206494744723e-06
15141.5002441406 4.44889815093762e-06
15151.5002441406 4.55551127544981e-06
15161.5002441406 4.67670670572387e-06
15171.5002441406 4.65125831759458e-06
15181.5002441406 4.5319468749581e-06
15191.5002441406 4.44038794713527e-06
15201.5002441406 4.47878259884698e-06
15211.5002441406 4.69217728394347e-06
15221.5002441406 4.49454037357882e-06
15231.5002441406 4.48854746684572e-06
15241.5002441406 4.27986761252935e-06
15251.5002441406 4.44828608092972e-06
15261.5002441406 4.44895681984238e-06
15271.5002441406 4.60370150780025e-06
15281.5002441406 4.57243700175772e-06
15291.5002441406 4.46518897065018e-06
15301.5002441406 4.2907413618187e-06
15311.5002441406 4.29236261785851e-06
15321.5002441406 4.31453155079079e-06
15331.5002441406 4.41374389238935e-06
15341.5002441406 4.44862671850206e-06
15351.5002441406 4.32495844242242e-06
15361.5002441406 4.29199415935878e-06
15371.5002441406 4.23694959318375e-06
15381.5002441406 4.62920973499886e-06
15391.5002441406 4.7226755347556e-06
15401.5002441406 4.67107703599821e-06
15411.5002441406 4.43259087353508e-06
15421.5002441406 4.35344510825959e-06
15431.5002441406 4.56642935466284e-06
15441.5002441406 4.6485974758139e-06
15451.5002441406 4.67567805859659e-06
15461.5002441406 4.45044181215837e-06
15471.5002441406 4.28271981104007e-06
15481.5002441406 4.23210193217621e-06
15491.5002441406 4.43571783418004e-06
15501.5002441406 4.60982850716704e-06
15511.5002441406 4.72686624925377e-06
15521.5002441406 4.80026320213993e-06
15531.5002441406 4.82683215153646e-06
15541.5002441406 4.96471122322925e-06
15551.5002441406 4.71349172902327e-06
15561.5002441406 4.85338707322698e-06
15571.5002441406 4.68039429178054e-06
15581.5002441406 5.04739180647971e-06
15591.5002441406 4.97737287612827e-06
15601.5002441406 5.10474058361926e-06
15611.5002441406 5.26654472553846e-06
15621.5002441406 5.23800537493289e-06
15631.5002441406 5.3512287522277e-06
15641.5002441406 5.04407406393612e-06
15651.5002441406 4.9651918029806e-06
15661.5002441406 4.84162323992559e-06
15671.5002441406 4.69251580915745e-06
15681.5002441406 4.81516716660069e-06
15691.5002441406 4.83109902597043e-06
15701.5002441406 4.98463367398582e-06
15711.5002441406 4.8939369647151e-06
15721.5002441406 4.99173740567498e-06
15731.5002441406 5.01716545807921e-06
15741.5002441406 5.25762344849843e-06
15751.5002441406 5.2348268126874e-06
15761.5002441406 5.32127333238664e-06
15771.5002441406 5.20789197518307e-06
15781.5002441406 4.95656700074524e-06
15791.5002441406 4.82579849526673e-06
15801.5002441406 4.89920707383504e-06
15811.5002441406 5.1395388155164e-06
15821.5002441406 5.32474567071965e-06
15831.5002441406 5.17265305223498e-06
15841.5002441406 5.10269767277276e-06
15851.5002441406 4.84868046782214e-06
15861.5002441406 5.12662548980159e-06
15871.5002441406 4.93672104021134e-06
15881.5002441406 4.95080804065029e-06
15891.5002441406 4.85871836176942e-06
15901.5002441406 5.17376328618973e-06
15911.5002441406 5.31915569241909e-06
15921.5002441406 5.3166941148306e-06
15931.5002441406 5.21289835907681e-06
15941.5002441406 5.35189036361686e-06
15951.5002441406 5.28408622236788e-06
15961.5002441406 5.2586399711893e-06
15971.5002441406 5.02402261040257e-06
15981.5002441406 5.09743615067435e-06
15991.5002441406 5.12729644233422e-06
16001.5002441406 5.41556340122493e-06
16011.5002441406 5.34818794603913e-06
16021.5002441406 5.26928038020772e-06
16031.5002441406 5.24260518181999e-06
16041.5002441406 5.10585030811172e-06
16051.5002441406 5.29584097744179e-06
16061.5002441406 4.98831355842291e-06
16071.5002441406 5.32702715004468e-06
16081.5002441406 5.49581660195203e-06
16091.5002441406 5.7798003599988e-06
16101.5002441406 5.83150934526857e-06
16111.5002441406 5.75502739635574e-06
16121.5002441406 5.86059815038327e-06
16131.5002441406 5.66097552251235e-06
16141.5002441406 5.80558980796575e-06
16151.5002441406 5.78059470548099e-06
16161.5002441406 6.01308936459339e-06
16171.5002441406 6.03042617880041e-06
16181.5002441406 6.18406417113187e-06
16191.5002441406 6.17624222597342e-06
16201.5002441406 6.19852114455249e-06
16211.5002441406 6.08726532489778e-06
16221.5002441406 6.16689921469182e-06
16231.5002441406 6.36545873914403e-06
16241.5002441406 6.74256459800361e-06
16251.5002441406 7.12635410361322e-06
16261.5002441406 7.00578893690445e-06
16271.5002441406 6.65773561896992e-06
16281.5002441406 6.4446521793962e-06
16291.5002441406 6.39750383260917e-06
16301.5002441406 6.70487355782949e-06
16311.5002441406 6.50485818065384e-06
16321.5002441406 6.75577421859567e-06
16331.5002441406 6.70594681393946e-06
16341.5002441406 6.65742900597023e-06
16351.5002441406 6.50250230509602e-06
16361.5002441406 6.41933032684155e-06
16371.5002441406 6.6719297263754e-06
16381.5002441406 6.73823988497694e-06
16391.5002441406 7.06157534354877e-06
16401.5002441406 6.87161967540239e-06
16411.5002441406 6.55324919598814e-06
16421.5002441406 6.13193397596202e-06
16431.5002441406 6.20738282798798e-06
16441.5002441406 6.61152563369078e-06
16451.5002441406 6.88517384363944e-06
16461.5002441406 6.81522009306874e-06
16471.5002441406 6.63983649172383e-06
16481.5002441406 6.50051926930085e-06
16491.5002441406 6.52236976137652e-06
16501.5002441406 6.55500235730829e-06
16511.5002441406 6.54882637158359e-06
16521.5002441406 6.72518581746055e-06
16531.5002441406 6.70320598345658e-06
16541.5002441406 6.71773967693425e-06
16551.5002441406 6.58839984837544e-06
16561.5002441406 6.3628246722745e-06
16571.5002441406 6.09301725818574e-06
16581.5002441406 5.74570213345688e-06
16591.5002441406 5.76844379620315e-06
16601.5002441406 6.19912072682945e-06
16611.5002441406 6.70054566912289e-06
16621.5002441406 7.14617503772193e-06
16631.5002441406 7.03503599670005e-06
16641.5002441406 6.60118671858912e-06
16651.5002441406 6.35009374525636e-06
16661.5002441406 6.02097518200752e-06
16671.5002441406 6.39192578494433e-06
16681.5002441406 6.28613166189107e-06
16691.5002441406 6.55395606463377e-06
16701.5002441406 6.50637253796779e-06
16711.5002441406 6.66943354280678e-06
16721.5002441406 6.67215703046331e-06
16731.5002441406 6.52613285351053e-06
16741.5002441406 6.66176380501466e-06
16751.5002441406 6.71739118964049e-06
16761.5002441406 6.80009327096031e-06
16771.5002441406 6.58003515704946e-06
16781.5002441406 6.47260226468785e-06
16791.5002441406 6.34363895325054e-06
16801.5002441406 6.08422311631835e-06
16811.5002441406 6.10943193841856e-06
16821.5002441406 6.44023991117962e-06
16831.5002441406 6.77074247431688e-06
16841.5002441406 6.91084865228849e-06
16851.5002441406 6.80501616680795e-06
16861.5002441406 7.30206408739229e-06
16871.5002441406 7.27642613607869e-06
16881.5002441406 7.21242946296797e-06
16891.5002441406 6.79004973905702e-06
16901.5002441406 6.78593058398151e-06
16911.5002441406 6.5150795063718e-06
16921.5002441406 6.64821763353277e-06
16931.5002441406 6.77283942458998e-06
16941.5002441406 7.22433273105239e-06
16951.5002441406 7.03692322630698e-06
16961.5002441406 6.85688441661256e-06
16971.5002441406 6.88218522740891e-06
16981.5002441406 7.0010483250098e-06
16991.5002441406 6.86767493180224e-06
17001.5002441406 6.7119260672911e-06
17011.5002441406 6.59709628205913e-06
17021.5002441406 6.86456166819305e-06
17031.5002441406 6.87248714626683e-06
17041.5002441406 6.86515101394704e-06
17051.5002441406 6.84337782836663e-06
17061.5002441406 7.04142599988207e-06
17071.5002441406 6.74139106261137e-06
17081.5002441406 7.13449161024994e-06
17091.5002441406 7.17246056661238e-06
17101.5002441406 7.374063353876e-06
17111.5002441406 6.94081738422193e-06
17121.5002441406 7.18081479304985e-06
17131.5002441406 7.60203789948493e-06
17141.5002441406 7.81136509395464e-06
17151.5002441406 7.83690761457283e-06
17161.5002441406 7.91801048825437e-06
17171.5002441406 7.63012860935506e-06
17181.5002441406 7.27496461695037e-06
17191.5002441406 7.16828056665884e-06
17201.5002441406 7.57373349786236e-06
17211.5002441406 7.50332484328585e-06
17221.5002441406 7.67843680372894e-06
17231.5002441406 7.35757636393788e-06
17241.5002441406 7.68526670246405e-06
17251.5002441406 7.54603683219324e-06
17261.5002441406 7.76217464932899e-06
17271.5002441406 8.03604889886109e-06
17281.5002441406 8.00526519641525e-06
17291.5002441406 7.79965168951293e-06
17301.5002441406 7.33852010940876e-06
17311.5002441406 7.28149091866916e-06
17321.5002441406 7.40905461967475e-06
17331.5002441406 7.64530183213698e-06
17341.5002441406 7.75459567162468e-06
17351.5002441406 8.11050862131318e-06
17361.5002441406 8.16846436655456e-06
17371.5002441406 8.37897267201823e-06
17381.5002441406 8.70555733447559e-06
17391.5002441406 8.55293076483928e-06
17401.5002441406 8.04435712570085e-06
17411.5002441406 7.43563417975844e-06
17421.5002441406 7.28804200504994e-06
17431.5002441406 7.62080694178954e-06
17441.5002441406 8.1010504966312e-06
17451.5002441406 8.53792350430034e-06
17461.5002441406 8.94844554118012e-06
17471.5002441406 8.35022436131416e-06
17481.5002441406 8.24604407422841e-06
17491.5002441406 8.04438367273317e-06
17501.5002441406 8.64596416352851e-06
17511.5002441406 8.61227102269612e-06
17521.5002441406 8.23501026013034e-06
17531.5002441406 8.29971938401087e-06
17541.5002441406 8.25840616830902e-06
17551.5002441406 8.57044614862967e-06
17561.5002441406 8.2315012305734e-06
17571.5002441406 8.23103677414292e-06
17581.5002441406 8.33775769649403e-06
17591.5002441406 8.57139548546261e-06
17601.5002441406 8.32319615579861e-06
17611.5002441406 8.70788459366215e-06
17621.5002441406 8.29029947735339e-06
17631.5002441406 8.71454386429102e-06
17641.5002441406 8.18772854932359e-06
17651.5002441406 8.46869901395337e-06
17661.5002441406 8.61737129281943e-06
17671.5002441406 8.98871571089857e-06
17681.5002441406 9.24715916195935e-06
17691.5002441406 9.25663064015095e-06
17701.5002441406 8.64420560062224e-06
17711.5002441406 8.709633433278e-06
17721.5002441406 8.61464977352793e-06
17731.5002441406 8.94841543334249e-06
17741.5002441406 8.95398436128979e-06
17751.5002441406 8.89554189273971e-06
17761.5002441406 9.28218602213935e-06
17771.5002441406 8.87187234241111e-06
17781.5002441406 8.99168280836637e-06
17791.5002441406 8.75803799405037e-06
17801.5002441406 9.07903490442664e-06
17811.5002441406 8.71070054310268e-06
17821.5002441406 8.92875337268555e-06
17831.5002441406 9.12374872424708e-06
17841.5002441406 9.78550947867243e-06
17851.5002441406 9.55590720537283e-06
17861.5002441406 9.15470473550379e-06
17871.5002441406 9.29129541250745e-06
17881.5002441406 9.56316684375291e-06
17891.5002441406 9.9405124169163e-06
17901.5002441406 9.30685658384926e-06
17911.5002441406 9.14554018232388e-06
17921.5002441406 9.15851434145744e-06
17931.5002441406 9.44819668786739e-06
17941.5002441406 9.44621476419166e-06
17951.5002441406 9.62316480385777e-06
17961.5002441406 9.77242608115263e-06
17971.5002441406 1.00349410813779e-05
17981.5002441406 9.8166654898473e-06
17991.5002441406 9.5429489828032e-06
18001.5002441406 9.56686124681055e-06
18011.5002441406 1.0126078245635e-05
18021.5002441406 1.07208154220579e-05
18031.5002441406 1.07258482523692e-05
18041.5002441406 1.03845932141131e-05
18051.5002441406 1.0298943851518e-05
18061.5002441406 1.05450469571978e-05
18071.5002441406 1.09585877616135e-05
18081.5002441406 1.08042269369669e-05
18091.5002441406 1.05312059899052e-05
18101.5002441406 1.07117005159889e-05
18111.5002441406 1.11592556793936e-05
18121.5002441406 1.13475157237447e-05
18131.5002441406 1.13955687075043e-05
18141.5002441406 1.16202739892726e-05
18151.5002441406 1.23384520482719e-05
18161.5002441406 1.18398297266572e-05
18171.5002441406 1.15528345758245e-05
18181.5002441406 1.14352366905033e-05
18191.5002441406 1.23671101454622e-05
18201.5002441406 1.3121410255171e-05
18211.5002441406 1.27454546569122e-05
18221.5002441406 1.25541715115752e-05
18231.5002441406 1.19962528657113e-05
18241.5002441406 1.22714419898199e-05
18251.5002441406 1.26454916398018e-05
18261.5002441406 1.31027027671006e-05
18271.5002441406 1.32579954746647e-05
18281.5002441406 1.31164490920353e-05
18291.5002441406 1.29971763243943e-05
18301.5002441406 1.29368041384978e-05
18311.5002441406 1.31689811150943e-05
18321.5002441406 1.33189932801273e-05
18331.5002441406 1.41403665460163e-05
18341.5002441406 1.3475174857447e-05
18351.5002441406 1.3771074827483e-05
18361.5002441406 1.28490468265864e-05
18371.5002441406 1.31865682769429e-05
18381.5002441406 1.25377848844608e-05
18391.5002441406 1.28630825496601e-05
18401.5002441406 1.36188141396705e-05
18411.5002441406 1.42659054723595e-05
18421.5002441406 1.47226617830529e-05
18431.5002441406 1.40299978908382e-05
18441.5002441406 1.37706304182528e-05
18451.5002441406 1.31419237662659e-05
18461.5002441406 1.28473931754829e-05
18471.5002441406 1.24891681867798e-05
18481.5002441406 1.33420012860982e-05
18491.5002441406 1.38680070671399e-05
18501.5002441406 1.40436662237923e-05
18511.5002441406 1.33342620277841e-05
18521.5002441406 1.35072558369361e-05
18531.5002441406 1.36672527734134e-05
18541.5002441406 1.41156860322223e-05
18551.5002441406 1.37247104194448e-05
18561.5002441406 1.43914855262903e-05
18571.5002441406 1.42126601140658e-05
18581.5002441406 1.49054037435901e-05
18591.5002441406 1.43260828920958e-05
18601.5002441406 1.41598244092023e-05
18611.5002441406 1.394881849483e-05
18621.5002441406 1.44209405852102e-05
18631.5002441406 1.47900957036005e-05
18641.5002441406 1.45894329774257e-05
18651.5002441406 1.39791178664184e-05
18661.5002441406 1.39510176202813e-05
18671.5002441406 1.31553771041071e-05
18681.5002441406 1.40839019650041e-05
18691.5002441406 1.35447720219795e-05
18701.5002441406 1.49415293423932e-05
18711.5002441406 1.4293492164457e-05
18721.5002441406 1.45725258352156e-05
18731.5002441406 1.39094259024667e-05
18741.5002441406 1.35735484843507e-05
18751.5002441406 1.36229436227559e-05
18761.5002441406 1.3222681497567e-05
18771.5002441406 1.36262298954757e-05
18781.5002441406 1.37582264717032e-05
18791.5002441406 1.35076030327029e-05
18801.5002441406 1.31174377750557e-05
18811.5002441406 1.28642569283311e-05
18821.5002441406 1.32063869269425e-05
18831.5002441406 1.34718098116205e-05
18841.5002441406 1.34812076226086e-05
18851.5002441406 1.34561400306217e-05
18861.5002441406 1.39216562655779e-05
18871.5002441406 1.39429090908641e-05
18881.5002441406 1.42294861920803e-05
18891.5002441406 1.41766537674416e-05
18901.5002441406 1.43541516193344e-05
18911.5002441406 1.48554833015364e-05
18921.5002441406 1.43834057244694e-05
18931.5002441406 1.53102566267451e-05
18941.5002441406 1.46660167049182e-05
18951.5002441406 1.44593536033743e-05
18961.5002441406 1.32272619348402e-05
18971.5002441406 1.34743254390929e-05
18981.5002441406 1.42682396857055e-05
18991.5002441406 1.46570137824539e-05
19001.5002441406 1.46063323180106e-05
19011.5002441406 1.403879432345e-05
19021.5002441406 1.41946555167747e-05
19031.5002441406 1.4137465773335e-05
19041.5002441406 1.52085839623943e-05
19051.5002441406 1.51999362215079e-05
19061.5002441406 1.48795302413932e-05
19071.5002441406 1.46424148675345e-05
19081.5002441406 1.44028588790563e-05
19091.5002441406 1.52949616072082e-05
19101.5002441406 1.45545648945951e-05
19111.5002441406 1.43782983387294e-05
19121.5002441406 1.35032142321203e-05
19131.5002441406 1.28573177509191e-05
19141.5002441406 1.32338350136971e-05
19151.5002441406 1.34058806268859e-05
19161.5002441406 1.38880916219153e-05
19171.5002441406 1.40337682901729e-05
19181.5002441406 1.49292488643867e-05
19191.5002441406 1.57333546618712e-05
19201.5002441406 1.57583995653846e-05
19211.5002441406 1.54161618144915e-05
19221.5002441406 1.50555110053748e-05
19231.5002441406 1.53947603023697e-05
19241.5002441406 1.53917147025193e-05
19251.5002441406 1.54044869384011e-05
19261.5002441406 1.47976897648828e-05
19271.5002441406 1.5170579376079e-05
19281.5002441406 1.57932087983608e-05
19291.5002441406 1.68514918563958e-05
19301.5002441406 1.6620647282298e-05
19311.5002441406 1.66540559984684e-05
19321.5002441406 1.60367915082747e-05
19331.5002441406 1.59702412505853e-05
19341.5002441406 1.54571383859915e-05
19351.5002441406 1.53302222773924e-05
19361.5002441406 1.61014446183865e-05
19371.5002441406 1.63287621079432e-05
19381.5002441406 1.62170986601472e-05
19391.5002441406 1.60655797877389e-05
19401.5002441406 1.66878863846722e-05
19411.5002441406 1.80082274617259e-05
19421.5002441406 1.84066750847851e-05
19431.5002441406 1.81835120443932e-05
19441.5002441406 1.75412206401789e-05
19451.5002441406 1.76004937098403e-05
19461.5002441406 1.85692007001029e-05
19471.5002441406 1.90779653887496e-05
19481.5002441406 1.84451504220876e-05
19491.5002441406 1.80453704308588e-05
19501.5002441406 1.82896362314845e-05
19511.5002441406 1.89071156862483e-05
19521.5002441406 1.93693878159748e-05
19531.5002441406 1.86121622515507e-05
19541.5002441406 1.82982525472162e-05
19551.5002441406 1.71777651466713e-05
19561.5002441406 1.76084501827458e-05
19571.5002441406 1.85106636821712e-05
19581.5002441406 1.95242263407891e-05
19591.5002441406 1.93224665159711e-05
19601.5002441406 1.94346574318703e-05
19611.5002441406 1.87770240913152e-05
19621.5002441406 1.93567261128837e-05
19631.5002441406 1.89337213719893e-05
19641.5002441406 1.95806394666191e-05
19651.5002441406 1.93884889640295e-05
19661.5002441406 1.8899422760721e-05
19671.5002441406 1.86484766598349e-05
19681.5002441406 1.86087274923983e-05
19691.5002441406 1.88933223748233e-05
19701.5002441406 1.74691955767874e-05
19711.5002441406 1.68527317652936e-05
19721.5002441406 1.62966996255093e-05
19731.5002441406 1.73165642556325e-05
19741.5002441406 1.75526449330124e-05
19751.5002441406 1.77666081979086e-05
19761.5002441406 1.71364066102089e-05
19771.5002441406 1.70279688157002e-05
19781.5002441406 1.69643886681698e-05
19791.5002441406 1.72654828760607e-05
19801.5002441406 1.64896876505245e-05
19811.5002441406 1.65510081779174e-05
19821.5002441406 1.70197945573381e-05
19831.5002441406 1.87542673585587e-05
19841.5002441406 1.85577177040808e-05
19851.5002441406 1.74309120406981e-05
19861.5002441406 1.56360430214233e-05
19871.5002441406 1.5392486034228e-05
19881.5002441406 1.58661878894987e-05
19891.5002441406 1.72104928356179e-05
19901.5002441406 1.82044957010573e-05
19911.5002441406 1.87300635115886e-05
19921.5002441406 1.75337263068027e-05
19931.5002441406 1.66148790570484e-05
19941.5002441406 1.64440280299251e-05
19951.5002441406 1.67045386610412e-05
19961.5002441406 1.69299887668914e-05
19971.5002441406 1.65533519499636e-05
19981.5002441406 1.63884494448202e-05
19991.5002441406 1.6924281225553e-05
20001.5002441406 1.65081455328716e-05
20011.5002441406 1.78348149036269e-05
20021.5002441406 1.71663930144205e-05
20031.5002441406 1.79509825299727e-05
20041.5002441406 1.69275035696882e-05
20051.5002441406 1.65869261680933e-05
20061.5002441406 1.65981496869199e-05
20071.5002441406 1.77572244934256e-05
20081.5002441406 1.76385908593739e-05
20091.5002441406 1.78914049173258e-05
20101.5002441406 1.73537934478672e-05
20111.5002441406 1.77118158019408e-05
20121.5002441406 1.75478280316043e-05
20131.5002441406 1.72007151496725e-05
20141.5002441406 1.74319388856257e-05
20151.5002441406 1.79454097403117e-05
20161.5002441406 1.87710646378516e-05
20171.5002441406 1.83760054145908e-05
20181.5002441406 1.73343442511502e-05
20191.5002441406 1.74867514943245e-05
20201.5002441406 1.79926252883837e-05
20211.5002441406 1.87599655046609e-05
20221.5002441406 1.76786025857898e-05
20231.5002441406 1.82674577396578e-05
20241.5002441406 1.76399666471098e-05
20251.5002441406 1.83559305675775e-05
20261.5002441406 1.78626318501464e-05
20271.5002441406 1.88293568938635e-05
20281.5002441406 1.86619997167881e-05
20291.5002441406 1.86915841572063e-05
20301.5002441406 1.77726923968877e-05
20311.5002441406 1.83296710065666e-05
20321.5002441406 1.86382578659264e-05
20331.5002441406 1.86440667850642e-05
20341.5002441406 1.82635753042943e-05
20351.5002441406 1.86702862038476e-05
20361.5002441406 2.04002892992983e-05
20371.5002441406 2.03387553894364e-05
20381.5002441406 2.02491933891218e-05
20391.5002441406 1.89833536247782e-05
20401.5002441406 1.96214481485419e-05
20411.5002441406 1.96810763966506e-05
20421.5002441406 1.98900174469277e-05
20431.5002441406 1.94743158737132e-05
20441.5002441406 1.93582200669365e-05
20451.5002441406 1.92591208200124e-05
20461.5002441406 1.89510045320337e-05
20471.5002441406 1.88666212106308e-05
20481.4990234375 1.91915138526391e-05
20491.4990234375 1.95390491386831e-05
20501.4990234375 2.01450767645197e-05
20511.4990234375 1.95429455542219e-05
20521.4990234375 1.87626397789907e-05
20531.4990234375 1.80336753927037e-05
20541.4990234375 1.93404414253916e-05
20551.4990234375 2.07324190968315e-05
20561.4990234375 2.11860965106408e-05
20571.4990234375 2.14155256327355e-05
20581.4990234375 2.1393658634436e-05
20591.4990234375 2.1727860771329e-05
20601.4990234375 2.00231128188796e-05
20611.4990234375 1.90691013440053e-05
20621.4990234375 1.93963570677691e-05
20631.4990234375 2.0511896618143e-05
20641.4990234375 2.13424072753713e-05
20651.4990234375 2.09100873717863e-05
20661.4990234375 2.15940380119326e-05
20671.4990234375 2.09089659591285e-05
20681.4990234375 2.13663021858204e-05
20691.4990234375 2.14722320642854e-05
20701.4990234375 2.2199861491125e-05
20711.4990234375 2.19757608051937e-05
20721.4990234375 2.20846995543912e-05
20731.4990234375 2.16163605497789e-05
20741.4990234375 2.08003719754556e-05
20751.4990234375 1.98922171559656e-05
20761.4990234375 2.05070094610634e-05
20771.4990234375 2.15887071813684e-05
20781.4990234375 2.18788825816336e-05
20791.4990234375 2.20643016913736e-05
20801.4990234375 2.19152553614799e-05
20811.4990234375 2.13133888727406e-05
20821.4990234375 2.13041776619529e-05
20831.4990234375 2.12251686862884e-05
20841.4990234375 2.21118531504538e-05
20851.4990234375 2.20452353138824e-05
20861.4990234375 2.27524024584767e-05
20871.4990234375 2.35918967428402e-05
20881.4990234375 2.32557278397053e-05
20891.4990234375 2.23379808961746e-05
20901.4990234375 2.17377352907035e-05
20911.4990234375 2.19520739488638e-05
20921.4990234375 2.10101758697818e-05
20931.4990234375 2.12686280826286e-05
20941.4990234375 2.1695716463676e-05
20951.4990234375 2.29993639709097e-05
20961.4990234375 2.21720438614391e-05
20971.4990234375 2.25286182321684e-05
20981.4990234375 2.19188049500695e-05
20991.4990234375 2.29904379867181e-05
21001.4990234375 2.31823987685167e-05
21011.4990234375 2.40424013027161e-05
21021.4990234375 2.29333549836658e-05
21031.4990234375 2.29363752328741e-05
21041.4990234375 2.30745084059491e-05
21051.4990234375 2.32541659898066e-05
21061.4990234375 2.27915748834463e-05
21071.4990234375 2.27929585361854e-05
21081.4990234375 2.41458995540349e-05
21091.4990234375 2.37361732355857e-05
21101.4990234375 2.3043130928039e-05
21111.4990234375 2.30062715416663e-05
21121.4990234375 2.34594747563823e-05
21131.4990234375 2.37110930431307e-05
21141.4990234375 2.30101493054111e-05
21151.4990234375 2.28017613441757e-05
21161.4990234375 2.30345910392501e-05
21171.4990234375 2.37982810052808e-05
21181.4990234375 2.35216930214485e-05
21191.4990234375 2.41814813851221e-05
21201.4990234375 2.31240425759291e-05
21211.4990234375 2.40804555901441e-05
21221.4990234375 2.32519692992384e-05
21231.4990234375 2.37503832574246e-05
21241.4990234375 2.37403032244303e-05
21251.4990234375 2.41114631802154e-05
21261.4990234375 2.52996203393477e-05
21271.4990234375 2.65186973020537e-05
21281.4990234375 2.58803121796479e-05
21291.4990234375 2.54158532324923e-05
21301.4990234375 2.46530504657283e-05
21311.4990234375 2.53480082680332e-05
21321.4990234375 2.37233895655674e-05
21331.4990234375 2.32191332329757e-05
21341.4990234375 2.26397170728803e-05
21351.4990234375 2.35596194493593e-05
21361.4990234375 2.31789732246253e-05
21371.4990234375 2.35725510770747e-05
21381.4990234375 2.41616774223502e-05
21391.4990234375 2.54484824166515e-05
21401.4990234375 2.60276217405859e-05
21411.4990234375 2.63273628975221e-05
21421.4990234375 2.62111838899599e-05
21431.4990234375 2.65025081758079e-05
21441.4990234375 2.67571113807644e-05
21451.4990234375 2.65248082126125e-05
21461.4990234375 2.68557218196323e-05
21471.4990234375 2.71354833452194e-05
21481.4990234375 2.7647513661341e-05
21491.4990234375 2.63493205187438e-05
21501.4990234375 2.57695074356171e-05
21511.4990234375 2.547085001949e-05
21521.4990234375 2.64731308409585e-05
21531.4990234375 2.67395164546182e-05
21541.4990234375 2.70375458416141e-05
21551.4990234375 2.8372708912939e-05
21561.4990234375 2.68837407436339e-05
21571.4990234375 2.46248342858253e-05
21581.4990234375 2.44254261872868e-05
21591.4990234375 2.49620411469695e-05
21601.4990234375 2.67990551235282e-05
21611.4990234375 2.70479377640536e-05
21621.4990234375 2.89005605787172e-05
21631.4990234375 2.88908702210102e-05
21641.4990234375 2.82562108997009e-05
21651.4990234375 2.64210219103189e-05
21661.4990234375 2.70836407175627e-05
21671.4990234375 2.70816756283339e-05
21681.4990234375 2.89672624231562e-05
21691.4990234375 2.77599962972613e-05
21701.4990234375 2.67878384340107e-05
21711.4990234375 2.67751708924526e-05
21721.4990234375 2.66756887362078e-05
21731.4990234375 2.71679297982747e-05
21741.4990234375 2.53844236290506e-05
21751.4990234375 2.49038707831737e-05
21761.4990234375 2.44888188109494e-05
21771.4990234375 2.50187110511005e-05
21781.4990234375 2.52611455510833e-05
21791.4990234375 2.4931450933203e-05
21801.4990234375 2.39592538149658e-05
21811.4990234375 2.39095877971775e-05
21821.4990234375 2.39900299050697e-05
21831.4990234375 2.43926385905154e-05
21841.4990234375 2.5037807170583e-05
21851.4990234375 2.5178850437108e-05
21861.4990234375 2.54084641911665e-05
21871.4990234375 2.55444107262533e-05
21881.4990234375 2.53996197524149e-05
21891.4990234375 2.53767637788663e-05
21901.4990234375 2.6840715849501e-05
21911.4990234375 2.61215321117868e-05
21921.4990234375 2.54830208511773e-05
21931.4990234375 2.45914201036985e-05
21941.4990234375 2.60806922085577e-05
21951.4990234375 2.78691117730327e-05
21961.4990234375 2.83855895082241e-05
21971.4990234375 2.91046160383454e-05
21981.4990234375 2.98311622445832e-05
21991.4990234375 3.11666379393819e-05
22001.4990234375 3.18607551836252e-05
22011.4990234375 3.15872197227375e-05
22021.4990234375 3.16252232116099e-05
22031.4990234375 3.19823670425657e-05
22041.4990234375 3.21786731747623e-05
22051.4990234375 3.4040763249555e-05
22061.4990234375 3.35834972036089e-05
22071.4990234375 3.39444685539393e-05
22081.4990234375 3.33007833606239e-05
22091.4990234375 3.59630121949229e-05
22101.4990234375 3.65519421224713e-05
22111.4990234375 3.68461722144527e-05
22121.4990234375 3.58194764282269e-05
22131.4990234375 3.5398180665195e-05
22141.4990234375 3.44010820319787e-05
22151.4990234375 3.49953643418472e-05
22161.4990234375 3.58052160417274e-05
22171.4990234375 3.70608037904154e-05
22181.4990234375 3.45411450264985e-05
22191.4990234375 3.49167718393784e-05
22201.4990234375 3.48722883821755e-05
22211.4990234375 3.6720370153304e-05
22221.4990234375 3.69425355405333e-05
22231.4990234375 3.59480889817948e-05
22241.4990234375 3.71481544334076e-05
22251.4990234375 3.87095821057529e-05
22261.4990234375 4.01101970592775e-05
22271.4990234375 3.93471095258976e-05
22281.4990234375 3.7648646354234e-05
22291.4990234375 3.795130973022e-05
22301.4990234375 3.80098303293554e-05
22311.4990234375 3.8623758132543e-05
22321.4990234375 3.74957355587594e-05
22331.4990234375 3.90824247348825e-05
22341.4990234375 3.98331348578435e-05
22351.4990234375 3.94165759677593e-05
22361.4990234375 3.62704778258701e-05
22371.4990234375 3.74305836094727e-05
22381.4990234375 3.87614552963531e-05
22391.4990234375 4.12243477952453e-05
22401.4990234375 4.20141610904764e-05
22411.4990234375 4.40893644748869e-05
22421.4990234375 4.5612398812788e-05
22431.4990234375 4.54867690319271e-05
22441.4990234375 4.45120974676063e-05
22451.4990234375 4.34017325428376e-05
22461.4990234375 4.42440403705958e-05
22471.4990234375 4.49452741625723e-05
22481.4990234375 4.64523258867896e-05
22491.4990234375 4.36477719632711e-05
22501.4990234375 4.33558910820572e-05
22511.4990234375 4.44077362414508e-05
22521.4990234375 4.71248585511963e-05
22531.4990234375 4.76788879660672e-05
22541.4990234375 4.71429456249074e-05
22551.4990234375 4.74045072950161e-05
22561.4990234375 4.73809698530143e-05
22571.4990234375 4.80977826176233e-05
22581.4990234375 4.54847192312258e-05
22591.4990234375 4.48910330223076e-05
22601.4990234375 4.25566998103339e-05
22611.4990234375 4.30526027194888e-05
22621.4990234375 4.47892604915699e-05
22631.4990234375 4.58333194321585e-05
22641.4990234375 4.73180301762845e-05
22651.4990234375 4.60349039833626e-05
22661.4990234375 4.73269229681569e-05
22671.4990234375 4.77810599871627e-05
22681.4990234375 4.62384855204365e-05
22691.4990234375 4.5230840398379e-05
22701.4990234375 4.27838666737979e-05
22711.4990234375 4.29482473600383e-05
22721.4990234375 4.03730666066299e-05
22731.4990234375 3.94609269943034e-05
22741.4990234375 3.96496205727805e-05
22751.4990234375 3.84721997050596e-05
22761.4990234375 3.83730025098024e-05
22771.4990234375 3.65979183250268e-05
22781.4990234375 3.74257965736834e-05
22791.4990234375 3.63184304968984e-05
22801.4990234375 3.39434099756312e-05
22811.4990234375 3.23880519983265e-05
22821.4990234375 3.12383250075745e-05
22831.4990234375 3.27155540237249e-05
22841.4990234375 3.19410185896449e-05
22851.4990234375 2.956902663744e-05
22861.4990234375 2.76641492879696e-05
22871.4990234375 2.76451361031075e-05
22881.4990234375 2.89955048249269e-05
22891.4990234375 2.80978580726885e-05
22901.4990234375 2.7372704065851e-05
22911.4990234375 2.65270583015486e-05
22921.4990234375 2.63023195968785e-05
22931.4990234375 2.53648446683174e-05
22941.4990234375 2.34382857793448e-05
22951.4990234375 2.1672813414314e-05
22961.4990234375 1.99083535811576e-05
22971.4990234375 2.11474773556439e-05
22981.4990234375 2.09260933089046e-05
22991.4990234375 2.17880236680654e-05
23001.4990234375 1.97423606854944e-05
23011.4990234375 1.91919836116596e-05
23021.4990234375 1.79544603525253e-05
23031.4990234375 1.84736541982452e-05
23041.4990234375 1.82735311197486e-05
23051.4990234375 1.81701837931912e-05
23061.4990234375 1.80668866497936e-05
23071.4990234375 1.84826653117788e-05
23081.4990234375 1.7732022735298e-05
23091.4990234375 1.69898544439656e-05
23101.4990234375 1.60290454911657e-05
23111.4990234375 1.59170996133349e-05
23121.4990234375 1.54047203519538e-05
23131.4990234375 1.48603612037465e-05
23141.4990234375 1.48444576554638e-05
23151.4990234375 1.53348047063795e-05
23161.4990234375 1.5786435844743e-05
23171.4990234375 1.53142759599331e-05
23181.4990234375 1.39553140349713e-05
23191.4990234375 1.3715997697471e-05
23201.4990234375 1.35393210829713e-05
23211.4990234375 1.31869795174323e-05
23221.4990234375 1.22790607790824e-05
23231.4990234375 1.15776934030264e-05
23241.4990234375 1.12573917670454e-05
23251.4990234375 1.10872629718272e-05
23261.4990234375 1.02701367137593e-05
23271.4990234375 9.80662698500122e-06
23281.4990234375 9.3066204835213e-06
23291.4990234375 8.96147702440722e-06
23301.4990234375 8.99737197129084e-06
23311.4990234375 8.34916041911919e-06
23321.4990234375 8.03776815922326e-06
23331.4990234375 7.09464781056195e-06
23341.4990234375 6.91365587147397e-06
23351.4990234375 6.60995598925285e-06
23361.4990234375 6.45370756061599e-06
23371.4990234375 6.00135708190885e-06
23381.4990234375 5.62205082805743e-06
23391.4990234375 5.60561477519892e-06
23401.4990234375 5.41782760342765e-06
23411.4990234375 5.21651265636958e-06
23421.4990234375 4.83895396709135e-06
23431.4990234375 4.82859115215864e-06
23441.4990234375 4.84798923688554e-06
23451.4990234375 4.84112692442502e-06
23461.4990234375 4.81061725185123e-06
23471.4990234375 4.73801029135198e-06
23481.4990234375 4.47301525331942e-06
23491.4990234375 4.45084560490794e-06
23501.4990234375 4.55208669677295e-06
23511.4990234375 4.79727102300933e-06
23521.4990234375 4.45260456257938e-06
23531.4990234375 4.30022079704375e-06
23541.4990234375 4.23074576351981e-06
23551.4990234375 4.3639979640441e-06
23561.4990234375 4.31513563125496e-06
23571.4990234375 4.11634636383228e-06
23581.4990234375 3.97223649737632e-06
23591.4990234375 3.69878108255231e-06
23601.4990234375 3.43006838940099e-06
23611.4990234375 3.07882761265931e-06
23621.4990234375 2.9525643370067e-06
23631.4990234375 2.93687469698244e-06
23641.4990234375 2.86515480153014e-06
23651.4990234375 2.54315182189642e-06
23661.4990234375 2.16719335049778e-06
23671.4990234375 1.86554802080783e-06
23681.4990234375 1.6404953451283e-06
23691.4990234375 1.49119454106336e-06
23701.4990234375 1.32625532831347e-06
23711.4990234375 1.22253823980177e-06
23721.4990234375 1.03613034639807e-06
23731.4990234375 9.13834633690504e-07
23741.4990234375 7.49014704807898e-07
23751.4990234375 7.04907585137801e-07
23761.4990234375 6.55616562282554e-07
23771.4990234375 6.79346752289693e-07
23781.4990234375 6.5185120375424e-07
23791.4990234375 6.6167306390945e-07
23801.4990234375 6.30666493748056e-07
23811.4990234375 5.73830879841028e-07
23821.4990234375 5.15582856830141e-07
23831.4990234375 4.76571631492604e-07
23841.4990234375 4.49381824790225e-07
23851.4990234375 4.24501042482343e-07
23861.4990234375 4.05868853537737e-07
23871.4990234375 4.0339550230046e-07
23881.4990234375 3.85213454791012e-07
23891.4990234375 3.69404114059277e-07
23901.4990234375 3.44534775072924e-07
23911.4990234375 3.33115410518796e-07
23921.4990234375 3.17711844944016e-07
23931.4990234375 3.04242463397802e-07
23941.4990234375 2.83131478821113e-07
23951.4990234375 2.59262299497629e-07
23961.4990234375 2.42001830519804e-07
23971.4990234375 2.24687270077444e-07
23981.4990234375 2.03310416817042e-07
23991.4990234375 1.85779585046986e-07
24001.4990234375 1.67057359804702e-07
24011.4990234375 1.54035798510928e-07
24021.4990234375 1.38002599057186e-07
24031.4990234375 1.2132180660851e-07
24041.4990234375 1.08282568723152e-07
24051.4990234375 9.46805890830108e-08
24061.4990234375 8.41354438518594e-08
24071.4990234375 7.23709296625112e-08
24081.4990234375 6.24683346383793e-08
24091.4990234375 5.59680847659869e-08
24101.4990234375 4.76593511658304e-08
24111.4990234375 4.24334476651141e-08
24121.4990234375 3.59003984019541e-08
24131.4990234375 3.20787739803787e-08
24141.4990234375 2.74241379682714e-08
24151.4990234375 2.31926950820135e-08
24161.4990234375 1.95650007434721e-08
24171.4990234375 1.63438364730376e-08
24181.4990234375 1.44356660196439e-08
24191.4990234375 1.28622127761633e-08
24201.4990234375 1.14868207223157e-08
24211.4990234375 1.00365095426953e-08
24221.4990234375 8.63557677898906e-09
24231.4990234375 7.58984360987023e-09
24241.4990234375 6.80692774489385e-09
24251.4990234375 5.93408006049919e-09
24261.4990234375 5.35653956121682e-09
24271.4990234375 4.6265063582094e-09
24281.4990234375 4.3196809342343e-09
24291.4990234375 3.89741249597822e-09
24301.4990234375 3.7183757496449e-09
24311.4990234375 3.43647130883632e-09
24321.4990234375 3.16747117595715e-09
24331.4990234375 2.88504945646607e-09
24341.4990234375 2.65081030614457e-09
24351.4990234375 2.47337196204839e-09
24361.4990234375 2.25588182097665e-09
24371.4990234375 2.09325807807496e-09
24381.4990234375 1.88568034472581e-09
24391.4990234375 1.71989051008511e-09
24401.4990234375 1.56492493270847e-09
24411.4990234375 1.46549287423476e-09
24421.4990234375 1.35889687147248e-09
24431.4990234375 1.27148769565738e-09
24441.4990234375 1.16528093056161e-09
24451.4990234375 1.07012230874241e-09
24461.4990234375 9.96103335813578e-10
24471.4990234375 9.13586092564144e-10
24481.4990234375 8.27139016890611e-10
24491.4990234375 7.30903826596067e-10
24501.4990234375 6.87873235169904e-10
24511.4990234375 6.46673700848123e-10
24521.4990234375 6.13780155935456e-10
24531.4990234375 5.59456081396406e-10
24541.4990234375 5.08909593289071e-10
24551.4990234375 4.61306988164779e-10
24561.4990234375 4.23284791815489e-10
24571.4990234375 3.8732535842532e-10
24581.4990234375 3.41310976280999e-10
24591.4990234375 3.04715395960122e-10
24601.4990234375 2.78410255675253e-10
24611.4990234375 2.49152433097056e-10
24621.4990234375 2.18165231647776e-10
24631.4990234375 1.91331005544644e-10
24641.4990234375 1.74432497159106e-10
24651.4990234375 1.54857588777735e-10
24661.4990234375 1.36390200678439e-10
24671.4990234375 1.21006350226594e-10
24681.4990234375 1.08852628425742e-10
24691.4990234375 9.26357290001198e-11
24701.4990234375 8.08290700661317e-11
24711.4990234375 7.22656851172156e-11
24721.4990234375 6.65211111429576e-11
24731.4990234375 6.03056315232664e-11
24741.4990234375 5.35120369408616e-11
24751.4990234375 4.76593038970418e-11
24761.4990234375 4.24670952107208e-11
24771.4990234375 3.78798886228908e-11
24781.4990234375 3.41653852530361e-11
24791.4990234375 3.00508470033929e-11
24801.4990234375 2.74185463454176e-11
24811.4990234375 2.62920350675576e-11
24821.4990234375 2.48783346273245e-11
24831.4990234375 2.28951760643823e-11
24841.4990234375 2.07692684042771e-11
24851.4990234375 1.94168049872695e-11
24861.4990234375 1.83524145780959e-11
24871.4990234375 1.70105903967703e-11
24881.4990234375 1.64827935557555e-11
24891.4990234375 1.58378686552663e-11
24901.4990234375 1.54514980626445e-11
24911.4990234375 1.49854604039563e-11
24921.4990234375 1.52853086919572e-11
24931.4990234375 1.57711977554359e-11
24941.4990234375 1.60837549015051e-11
24951.4990234375 1.61395641498391e-11
24961.4990234375 1.64148423437001e-11
24971.4990234375 1.69019851046177e-11
24981.4990234375 1.74682802466331e-11
24991.4990234375 1.77546668750036e-11
25001.4990234375 1.79942651990085e-11
25011.4990234375 1.8226954039617e-11
25021.4990234375 1.8495948090232e-11
25031.4990234375 1.86140502934042e-11
25041.4990234375 1.86372586857179e-11
25051.4990234375 1.85084158663531e-11
25061.4990234375 1.83114203157267e-11
25071.4990234375 1.79714902582769e-11
25081.4990234375 1.75001687463875e-11
25091.4990234375 1.6978119109003e-11
25101.4990234375 1.64066139904208e-11
25111.4990234375 1.57680924160551e-11
25121.4990234375 1.50346628921543e-11
25131.4990234375 1.42798182204815e-11
25141.4990234375 1.349726633126e-11
25151.4990234375 1.26564858041211e-11
25161.4990234375 1.17883702006242e-11
25171.4990234375 1.09417577990519e-11
25181.4990234375 1.01617777725999e-11
25191.4990234375 9.37265761093899e-12
25201.4990234375 8.60059883365136e-12
25211.4990234375 7.81988366475402e-12
25221.4990234375 7.08166821904876e-12
25231.4990234375 6.36454899447802e-12
25241.4990234375 5.70241937135322e-12
25251.4990234375 5.08079631745009e-12
25261.4990234375 4.53546965601274e-12
25271.4990234375 4.02440912947202e-12
25281.4990234375 3.56756154142504e-12
25291.4990234375 3.13835562909079e-12
25301.4990234375 2.7672013340319e-12
25311.4990234375 2.45232000744884e-12
25321.4990234375 2.16380618535526e-12
25331.4990234375 1.91196533787725e-12
25341.4990234375 1.68620720043196e-12
25351.4990234375 1.50959358285938e-12
25361.4990234375 1.36249491162079e-12
25371.4990234375 1.22858515243241e-12
25381.4990234375 1.11590108506385e-12
25391.4990234375 1.01979904562838e-12
25401.4990234375 9.38338260259114e-13
25411.4990234375 8.67251940201438e-13
25421.4990234375 8.00639453779067e-13
25431.4990234375 7.43394354543318e-13
25441.4990234375 6.96444549978685e-13
25451.4990234375 6.56018753774472e-13
25461.4990234375 6.23810381501398e-13
25471.4990234375 5.88629081615939e-13
25481.4990234375 5.64809191253973e-13
25491.4990234375 5.33083369276417e-13
25501.4990234375 5.04095402679394e-13
25511.4990234375 4.69792879794009e-13
25521.4990234375 4.42609384473899e-13
25531.4990234375 4.1481163631725e-13
25541.4990234375 3.88428747726573e-13
25551.4990234375 3.63920141207408e-13
25561.4990234375 3.3781586229115e-13
25571.4990234375 3.12149998724547e-13
25581.4990234375 2.876671606629e-13
25591.4990234375 2.65852736381084e-13
25601.4990234375 2.44430005354023e-13
25611.4990234375 2.23393472200075e-13
25621.4990234375 2.03682526248387e-13
25631.4990234375 1.85356310433119e-13
25641.4990234375 1.66859909211492e-13
25651.4990234375 1.49636159821649e-13
25661.4990234375 1.34616969841447e-13
25671.4990234375 1.20142731159863e-13
25681.4990234375 1.06831606447913e-13
25691.4990234375 9.37500727870103e-14
25701.4990234375 8.22355951838217e-14
25711.4990234375 7.27396960199008e-14
25721.4990234375 6.41551999320666e-14
25731.4990234375 5.66101227343255e-14
25741.4990234375 4.88487927831575e-14
25751.4990234375 4.24181261850184e-14
25761.4990234375 3.68308451313711e-14
25771.4990234375 3.20305312840261e-14
25781.4990234375 2.79505534595358e-14
25791.4990234375 2.42614358511003e-14
25801.4990234375 2.11511818277086e-14
25811.4990234375 1.82310741870558e-14
25821.4990234375 1.56980607083601e-14
25831.4990234375 1.3611133487356e-14
25841.4990234375 1.18699906967687e-14
25851.4990234375 1.04015445837242e-14
25861.4990234375 9.02938675356968e-15
25871.4990234375 7.94613189395977e-15
25881.4990234375 6.90389051288704e-15
25891.4990234375 6.05592125885892e-15
25901.4990234375 5.2537532719395e-15
25911.4990234375 4.65680135944878e-15
25921.4990234375 4.12539415547948e-15
25931.4990234375 3.60098250554147e-15
25941.4990234375 3.18895502535983e-15
25951.4990234375 2.77031875057739e-15
25961.4990234375 2.43084819535779e-15
25971.4990234375 2.14874062614563e-15
25981.4990234375 1.92655408772786e-15
25991.4990234375 1.73465972043157e-15
