"wave" "response"
5505.49987792969 1.08835253348256e-09
5515.49987792969 9.74809189041557e-10
5525.49987792969 1.99193748979454e-09
5535.49987792969 2.37778755549352e-09
5545.49987792969 1.09025600496143e-09
5555.49987792969 2.50850712850066e-09
5565.49987792969 2.62726098469475e-09
5575.49987792969 3.73520073423505e-09
5585.49987792969 2.20505538772868e-09
5595.49987792969 1.57207848087425e-09
5605.49987792969 7.08758776607815e-10
5615.49987792969 4.04638876969065e-09
5625.49987792969 4.66258543999746e-09
5635.49987792969 3.68192342075471e-09
5645.49987792969 3.76860396458067e-09
5655.49987792969 1.87530179589985e-09
5665.49987792969 2.72743688537302e-09
5675.49987792969 3.09015573322639e-09
5685.49987792969 3.42094882806775e-09
5695.49987792969 3.03847368398197e-09
5705.49987792969 1.28509978261401e-09
5715.49987792969 2.60315134810049e-09
5725.49987792969 3.55056914086788e-09
5735.49987792969 6.67854555468564e-09
5745.49987792969 4.11745933505331e-09
5755.49987792969 2.69157688973921e-09
5765.49987792969 3.91778148535341e-09
5775.49987792969 1.33258737467244e-09
5785.49987792969 2.8784537371981e-09
5795.49987792969 3.42553532699085e-09
5805.49987792969 8.52761567245046e-09
5815.49987792969 3.59155158207654e-09
5825.49987792969 1.05382793464998e-08
5835.49987792969 8.89278582188654e-09
5845.49987792969 7.58612675219483e-09
5855.49987792969 5.6003426502683e-09
5865.49987792969 1.46721686184063e-08
5875.49987792969 1.1820691693948e-08
5885.49987792969 9.67231781278014e-09
5895.49987792969 2.69950493240003e-09
5905.49987792969 2.94488804745288e-09
5915.49987792969 1.46383306216078e-08
5925.49987792969 1.08250994838026e-08
5935.49987792969 8.36630503582233e-09
5945.49987792969 1.08814094828701e-08
5955.49987792969 2.10685018864752e-08
5965.49987792969 1.21827467713004e-08
5975.49987792969 2.97846367649381e-09
5985.49987792969 8.59159598752451e-09
5995.49987792969 1.18954583472999e-08
6005.49987792969 2.29345563308328e-08
6015.49987792969 1.4954561577316e-08
6025.49987792969 1.93198603924404e-08
6035.49987792969 1.77742513160725e-08
6045.49987792969 1.23442225840451e-08
6055.49987792969 1.37250832026e-08
6065.49987792969 4.22130238815344e-09
6075.49987792969 1.86144425948754e-08
6085.49987792969 2.21589952567592e-08
6095.49987792969 2.95822308934122e-08
6105.49987792969 1.84223715419859e-08
6115.49987792969 3.23762642390037e-08
6125.49987792969 1.88645541428531e-08
6135.49987792969 3.50975096950743e-08
6145.49987792969 2.20410911527794e-08
6155.49987792969 1.58324724720091e-08
6165.49987792969 1.44100222729144e-08
6175.49987792969 1.70714522435407e-08
6185.49987792969 1.35402211699546e-08
6195.49987792969 3.70803028288976e-08
6205.49987792969 2.45472650078372e-08
6215.49987792969 3.40286156210847e-08
6225.49987792969 1.90615698224119e-08
6235.49987792969 1.74974309898811e-08
6245.49987792969 3.37447991160449e-08
6255.49987792969 3.92230210861275e-08
6265.49987792969 2.25685888075143e-08
6275.49987792969 1.56483686877691e-08
6285.49987792969 3.05515087815255e-08
6295.49987792969 5.88877012494098e-08
6305.49987792969 5.47572383910033e-08
6315.49987792969 4.0447877776986e-08
6325.49987792969 6.76570713755068e-08
6335.49987792969 6.45400405147947e-08
6345.49987792969 3.31269726705048e-08
6355.49987792969 6.47679224719098e-08
6365.49987792969 5.83905580327592e-08
6375.49987792969 8.34257730954654e-08
6385.49987792969 2.89348965425825e-08
6395.49987792969 4.85746478372949e-08
6405.49987792969 7.65498237641211e-08
6415.49987792969 4.82622286554458e-08
6425.49987792969 5.51114679501943e-08
6435.49987792969 4.40138176326185e-08
6445.49987792969 4.13326730600025e-08
6455.49987792969 6.34497820628815e-08
6465.49987792969 6.61590432883746e-08
6475.49987792969 7.29171474115962e-08
6485.49987792969 6.86672079997927e-08
6495.49987792969 9.42702596249959e-08
6505.49987792969 6.52134828035791e-08
6515.49987792969 8.19518614683205e-08
6525.49987792969 7.68909678344825e-08
6535.49987792969 6.21777308843434e-08
6545.49987792969 9.16365874620738e-08
6555.49987792969 8.65022231210296e-08
6565.49987792969 1.04446486961385e-07
6575.49987792969 9.38398785771397e-08
6585.49987792969 8.89125159087365e-08
6595.49987792969 8.56817063615037e-08
6605.49987792969 9.62434174449222e-08
6615.49987792969 8.94580780010067e-08
6625.49987792969 1.05172482823726e-07
6635.49987792969 1.1682210316448e-07
6645.49987792969 1.22299053298094e-07
6655.49987792969 1.32372695325725e-07
6665.49987792969 1.1935964244118e-07
6675.49987792969 1.39546104058664e-07
6685.49987792969 1.30036238377007e-07
6695.49987792969 1.29537835432405e-07
6705.49987792969 1.61917690232343e-07
6715.49987792969 1.63301897957454e-07
6725.49987792969 1.30168168960562e-07
6735.49987792969 1.7651606865232e-07
6745.49987792969 1.81361412865285e-07
6755.49987792969 1.62595796140931e-07
6765.49987792969 1.50576102856024e-07
6775.49987792969 1.3359704487447e-07
6785.49987792969 1.84131568899991e-07
6795.49987792969 1.66426771766742e-07
6805.49987792969 1.43712245006275e-07
6815.49987792969 1.69171344659e-07
6825.49987792969 1.83243857981402e-07
6835.49987792969 1.98196801851354e-07
6845.49987792969 1.90298604052124e-07
6855.49987792969 2.07458894465622e-07
6865.49987792969 2.05232589939118e-07
6875.49987792969 2.23696777787517e-07
6885.49987792969 2.14061826715436e-07
6895.49987792969 2.09492625334182e-07
6905.49987792969 2.18485306219564e-07
6915.49987792969 2.18304540791523e-07
6925.49987792969 2.24352126642412e-07
6935.49987792969 2.2112444776791e-07
6945.49987792969 2.50454552444953e-07
6955.49987792969 2.40477606722114e-07
6965.49987792969 2.43064189010719e-07
6975.49987792969 2.66872443120311e-07
6985.49987792969 2.64811353582186e-07
6995.49987792969 2.46314966680505e-07
7005.49987792969 2.44406302704914e-07
7015.49987792969 2.38608633941945e-07
7025.49987792969 2.68273217386888e-07
7035.49987792969 2.5190362959228e-07
7045.49987792969 2.64870254477444e-07
7055.49987792969 2.32159358129227e-07
7065.49987792969 2.78888086353503e-07
7075.49987792969 2.65876538720304e-07
7085.49987792969 2.8836241744646e-07
7095.49987792969 3.12807521584091e-07
7105.49987792969 3.15855126750321e-07
7115.49987792969 3.03593937760197e-07
7125.49987792969 2.9738105816686e-07
7135.49987792969 3.26293253536152e-07
7145.49987792969 3.49703314425647e-07
7155.49987792969 3.37268095356427e-07
7165.49987792969 3.41670343596289e-07
7175.49987792969 3.98393068647581e-07
7185.49987792969 3.53252950335111e-07
7195.49987792969 3.80065872282246e-07
7205.49987792969 3.58179097721514e-07
7215.49987792969 3.67103657249918e-07
7225.49987792969 3.97154271787119e-07
7235.49987792969 3.71033687309674e-07
7245.49987792969 3.78214740157019e-07
7255.49987792969 4.19285876811231e-07
7265.49987792969 3.6205769265964e-07
7275.49987792969 3.663541468843e-07
7285.49987792969 3.58523059691435e-07
7295.49987792969 3.37033700444778e-07
7305.49987792969 3.08166460222245e-07
7315.49987792969 3.11829371404506e-07
7325.49987792969 3.73414775821592e-07
7335.49987792969 3.13633162832124e-07
7345.49987792969 2.77747907647497e-07
7355.49987792969 3.05041669308058e-07
7365.49987792969 2.98287419294397e-07
7375.49987792969 3.15552126405672e-07
7385.49987792969 3.00415074863611e-07
7395.49987792969 3.66657130827772e-07
7405.49987792969 3.60839925240748e-07
7415.49987792969 3.47664237618951e-07
7425.49987792969 3.30521313758354e-07
7435.49987792969 3.91792876694657e-07
7445.49987792969 3.69003529984207e-07
7455.49987792969 3.60251668580185e-07
7465.49987792969 3.73013539425106e-07
7475.49987792969 3.70788471539655e-07
7485.49987792969 4.19868171252044e-07
7495.49987792969 3.91336957006652e-07
7505.49987792969 4.15615331025698e-07
7515.49987792969 4.43676757570332e-07
7525.49987792969 4.20780733598048e-07
7535.49987792969 4.51299315616191e-07
7545.49987792969 4.40791585065999e-07
7555.49987792969 4.33929856675429e-07
7565.49987792969 4.02858332542248e-07
7575.49987792969 4.40076028858863e-07
7585.49987792969 4.87633250853871e-07
7595.49987792969 4.95025642345776e-07
7605.49987792969 5.12133342148172e-07
7615.49987792969 5.01405938503396e-07
7625.49987792969 5.58055984761358e-07
7635.49987792969 5.59472083983732e-07
7645.49987792969 5.76408840989675e-07
7655.49987792969 6.00961105684479e-07
7665.49987792969 6.07635560746568e-07
7675.49987792969 6.62376529783554e-07
7685.49987792969 7.12059554983901e-07
7695.49987792969 9.40775238672887e-07
7705.49987792969 1.09158126441176e-06
7715.49987792969 1.49527260950784e-06
7725.49987792969 2.00110155884259e-06
7735.49987792969 2.97996696866018e-06
7745.49987792969 4.52914661378283e-06
7755.49987792969 6.70780958249816e-06
7765.49987792969 9.75939717636305e-06
7775.49987792969 1.38475773211392e-05
7785.49987792969 1.9484465782991e-05
7795.49987792969 2.64450776952318e-05
7805.49987792969 3.70851981183496e-05
7815.49987792969 5.27949011085788e-05
7825.49987792969 7.93500137027452e-05
7835.49987792969 0.000131259218850955
7845.49987792969 0.000226687734967783
7855.49987792969 0.000439802531488112
7865.49987792969 0.000952514993875205
7875.49987792969 0.00215415459674124
7885.49987792969 0.00505523277863745
7895.49987792969 0.0118249803051988
7905.49987792969 0.0247679908023113
7915.49987792969 0.0461122717936722
7925.49987792969 0.0753093280578696
7935.49987792969 0.110833109702093
7945.49987792969 0.14606641198831
7955.49987792969 0.177711781162758
7965.49987792969 0.204225837252275
7975.49987792969 0.223796441062889
7985.49987792969 0.237706943010541
7995.49987792969 0.246547014363879
8005.49987792969 0.252726160304345
8015.49987792969 0.255757552515789
8025.49987792969 0.257009924913457
8035.49987792969 0.258121989226018
8045.49987792969 0.259458558969953
8055.49987792969 0.259922737421113
8065.49987792969 0.258233166806116
8075.49987792969 0.254173405630185
8085.49987792969 0.24937427039399
8095.49987792969 0.246141982399771
8105.49987792969 0.245567995773219
8115.49987792969 0.247291793598254
8125.49987792969 0.250328791541532
8135.49987792969 0.252372736346844
8145.49987792969 0.254625702737569
8155.49987792969 0.254013267715121
8165.49987792969 0.25382523793286
8175.49987792969 0.25548754236703
8185.49987792969 0.259720855027805
8195.49987792969 0.264054623298584
8205.49987792969 0.269804972572556
8215.49987792969 0.274039952402866
8225.49987792969 0.276038702616233
8235.49987792969 0.276685172160653
8245.49987792969 0.275909783796898
8255.49987792969 0.272809618937892
8265.49987792969 0.269814925532346
8275.49987792969 0.268290854875141
8285.49987792969 0.268086219962247
8295.49987792969 0.268901691539895
8305.49987792969 0.269685585369334
8315.49987792969 0.270436726754143
8325.49987792969 0.26992512427631
8335.49987792969 0.268266271306052
8345.49987792969 0.266374104799983
8355.49987792969 0.266613070339282
8365.49987792969 0.267517515887029
8375.49987792969 0.269443307776762
8385.49987792969 0.271870409598912
8395.49987792969 0.273754497143392
8405.49987792969 0.275517811779853
8415.49987792969 0.277234609948659
8425.49987792969 0.278850289289206
8435.49987792969 0.279900580863504
8445.49987792969 0.280880993841227
8455.49987792969 0.281101512627743
8465.49987792969 0.281429427989806
8475.49987792969 0.280087755636064
8485.49987792969 0.279663156129467
8495.49987792969 0.280945811725572
8505.49987792969 0.282078436352961
8515.49987792969 0.283732720826001
8525.49987792969 0.283234008807164
8535.49987792969 0.282762630021808
8545.49987792969 0.282301849027547
8555.49987792969 0.28053514412536
8565.49987792969 0.280503363172641
8575.49987792969 0.280645881798505
8585.49987792969 0.281372962276612
8595.49987792969 0.280825051021595
8605.49987792969 0.282106845572924
8615.49987792969 0.282271167619746
8625.49987792969 0.280977437482469
8635.49987792969 0.280484350512223
8645.49987792969 0.281972496894225
8655.49987792969 0.283018332924929
8665.49987792969 0.286856592543204
8675.49987792969 0.287708688426699
8685.49987792969 0.288108725469098
8695.49987792969 0.289766539310232
8705.49987792969 0.29215431443418
8715.49987792969 0.291143813353416
8725.49987792969 0.293598943435694
8735.49987792969 0.293784487683406
8745.49987792969 0.293987631073515
8755.49987792969 0.290922932111729
8765.49987792969 0.290404581969032
8775.49987792969 0.292619249746195
8785.49987792969 0.291302111186413
8795.49987792969 0.288007616859177
8805.49987792969 0.290677965574484
8815.49987792969 0.288565762503789
8825.49987792969 0.288830471157873
8835.49987792969 0.287949868905147
8845.49987792969 0.288705378091709
8855.49987792969 0.282986930036584
8865.49987792969 0.279556155689932
8875.49987792969 0.284077468594062
8885.49987792969 0.289879766619302
8895.49987792969 0.287649145952813
8905.49987792969 0.288547889610454
8915.49987792969 0.2950683246722
8925.49987792969 0.297364593755015
8935.49987792969 0.298350644815414
8945.49987792969 0.29943311106434
8955.49987792969 0.299774524649192
8965.49987792969 0.298400808098468
8975.49987792969 0.297633305058532
8985.49987792969 0.296623747074544
8995.49987792969 0.295460153884627
9005.49987792969 0.294205454957611
9015.49987792969 0.292191108931454
9025.49987792969 0.291246517919797
9035.49987792969 0.288891129190751
9045.49987792969 0.287256635260593
9055.49987792969 0.287902036887178
9065.49987792969 0.286544636979329
9075.49987792969 0.285333005430656
9085.49987792969 0.286953615428608
9095.49987792969 0.287975341350048
9105.49987792969 0.290271722893894
9115.49987792969 0.292103601268864
9125.49987792969 0.294522758932914
9135.49987792969 0.29808843373588
9145.49987792969 0.3002788183944
9155.49987792969 0.303097229582764
9165.49987792969 0.307357935667092
9175.49987792969 0.308524749853976
9185.49987792969 0.311216209020083
9195.49987792969 0.311893883180279
9205.49987792969 0.311635198844753
9215.49987792969 0.312311402883543
9225.49987792969 0.311382295382554
9235.49987792969 0.310356216499227
9245.49987792969 0.307429208280654
9255.49987792969 0.306420611908601
9265.49987792969 0.304745353854129
9275.49987792969 0.303041611701899
9285.49987792969 0.301991553802608
9295.49987792969 0.302140886919829
9305.49987792969 0.301752115997623
9315.49987792969 0.302123371817464
9325.49987792969 0.302089717790224
9335.49987792969 0.301571989511761
9345.49987792969 0.301656865961192
9355.49987792969 0.301341550354712
9365.49987792969 0.301037997283337
9375.49987792969 0.301058585944564
9385.49987792969 0.300573480107082
9395.49987792969 0.301464508651108
9405.49987792969 0.30330807097893
9415.49987792969 0.304446113843734
9425.49987792969 0.306386766253634
9435.49987792969 0.307536790473174
9445.49987792969 0.30946760072194
9455.49987792969 0.310174480675883
9465.49987792969 0.31092916646571
9475.49987792969 0.310070477070619
9485.49987792969 0.309485122896592
9495.49987792969 0.309394203912519
9505.49987792969 0.308615624717245
9515.49987792969 0.309269347646095
9525.49987792969 0.306760991972944
9535.49987792969 0.306154604864664
9545.49987792969 0.304627283240822
9555.49987792969 0.304207868045952
9565.49987792969 0.303434212827241
9575.49987792969 0.302684646112351
9585.49987792969 0.30374859897622
9595.49987792969 0.303768337754147
9605.49987792969 0.303978493583693
9615.49987792969 0.305037009660535
9625.49987792969 0.306889626699202
9635.49987792969 0.308820380769862
9645.49987792969 0.311015152151074
9655.49987792969 0.312206081188844
9665.49987792969 0.313028891482829
9675.49987792969 0.31407581436349
9685.49987792969 0.314974311137734
9695.49987792969 0.316199113657279
9705.49987792969 0.315410728296271
9715.49987792969 0.315388031903442
9725.49987792969 0.315117272532137
9735.49987792969 0.314711214844618
9745.49987792969 0.312709369581679
9755.49987792969 0.313574513717573
9765.49987792969 0.311187819293015
9775.49987792969 0.309907519741064
9785.49987792969 0.308291420913176
9795.49987792969 0.306710073251227
9805.49987792969 0.30471156239066
9815.49987792969 0.3056966884953
9825.49987792969 0.306183625576031
9835.49987792969 0.307596126965186
9845.49987792969 0.309569059283951
9855.49987792969 0.312723710133327
9865.49987792969 0.314161233213574
9875.49987792969 0.316455519919638
9885.49987792969 0.317666208082145
9895.49987792969 0.31855620073689
9905.49987792969 0.318640622333336
9915.49987792969 0.317831109866778
9925.49987792969 0.317635949975056
9935.49987792969 0.316088021582658
9945.49987792969 0.314617415333125
9955.49987792969 0.31502474123549
9965.49987792969 0.313987406082636
9975.49987792969 0.313061320245166
9985.49987792969 0.310232734275382
9995.49987792969 0.305343168682831
10005.4998779297 0.294381934830599
10015.4998779297 0.276221915727562
10025.4998779297 0.248347101535836
10035.4998779297 0.21229884969607
10045.4998779297 0.176326049293921
10055.4998779297 0.142877783897387
10065.4998779297 0.117625280908898
10075.4998779297 0.0947823344662024
10085.4998779297 0.0786192110324997
10095.4998779297 0.0639845228008362
10105.4998779297 0.0545174977930395
10115.4998779297 0.0457010831081931
10125.4998779297 0.0398271355604349
10135.4998779297 0.0337932463336998
10145.4998779297 0.0298046873569809
10155.4998779297 0.0254382399481257
10165.4998779297 0.0224467456587845
10175.4998779297 0.0190196417367268
10185.4998779297 0.0159849460641471
10195.4998779297 0.0128547162989327
10205.4998779297 0.0099440491198117
10215.4998779297 0.00743093707571129
10225.4998779297 0.00535874084985363
10235.4998779297 0.00397775713244846
10245.5004882812 0.00279577492634092
10255.5004882812 0.0019872045078771
10265.5004882812 0.00139312328414529
10275.5004882812 0.00100152015550043
10285.5004882812 0.000728243885340739
10295.5004882812 0.000520279576228582
10305.5004882812 0.000400251755807226
10315.5004882812 0.000296009878657006
10325.5004882812 0.000224476071589639
10335.5004882812 0.000170044703011404
10345.5004882812 0.000131880665488712
10355.5004882812 0.000101062644628666
10365.5004882812 8.02580179580264e-05
10375.5004882812 6.44383580285638e-05
10385.5004882812 5.03988643818819e-05
10395.5004882812 4.15584131672873e-05
10405.5004882812 3.36508017635363e-05
10415.5004882812 2.74848427421569e-05
10425.5004882812 2.25421216887554e-05
10435.5004882812 1.87490929911834e-05
10445.5004882812 1.61005659840408e-05
10455.5004882812 1.3343768860036e-05
10465.5004882812 1.15805378512232e-05
10475.5004882812 1.03408772775733e-05
10485.5004882812 8.54492475203136e-06
10495.5004882812 8.09782125923056e-06
10505.5004882812 7.12412777441868e-06
10515.5004882812 6.36584779685728e-06
10525.5004882812 5.70384692468946e-06
10535.5004882812 5.20508965661474e-06
10545.5004882812 4.02865435501112e-06
10555.5004882812 4.68471234249569e-06
10565.5004882812 4.77354845355778e-06
10575.5004882812 4.00421647487046e-06
10585.5004882812 4.06849056971436e-06
10595.5004882812 3.63070676210098e-06
10605.5004882812 3.41727300291421e-06
10615.5004882813 3.40769980079287e-06
10625.5004882812 3.3474267664654e-06
10635.5004882813 2.67113021727647e-06
10645.5004882812 3.0129675924896e-06
10655.5004882813 2.61534711358313e-06
10665.5004882812 3.59600176601335e-06
10675.5004882813 2.71835737222242e-06
10685.5004882812 3.27790034288896e-06
10695.5004882813 2.80025112613852e-06
10705.5004882812 2.96646587654223e-06
10715.5004882813 2.4694511057628e-06
10725.5004882812 2.84185460196596e-06
10735.5004882813 2.89416884719829e-06
10745.5004882812 2.97438293382539e-06
10755.5004882813 1.93427896054509e-06
10765.5004882812 3.4792902704548e-06
10775.5004882813 2.24211608051599e-06
10785.5004882812 2.59695897799766e-06
10795.5004882813 2.75369467922386e-06
10805.5004882812 3.25545519131267e-06
10815.5004882813 2.54915306964861e-06
10825.5004882812 2.23859519458077e-06
10835.5004882812 2.1453847435487e-06
10845.5004882812 2.60350279715675e-06
10855.5004882812 2.15686840317552e-06
10865.5004882812 2.39985789384274e-06
10875.5004882812 2.69215401885988e-06
10885.5004882812 2.02326895114565e-06
10895.5004882812 3.13435077007391e-06
10905.5004882812 2.39466943016291e-06
10915.5004882812 2.03133535194094e-06
10925.5004882812 1.99328349774261e-06
10935.5004882812 2.76768134699107e-06
10945.5004882812 2.56534918967645e-06
10955.5004882812 2.03735054744213e-06
10965.5004882812 2.14617846522666e-06
10975.5004882812 3.01658851045597e-06
10985.5004882812 2.2284719123518e-06
10995.5004882812 1.94010730429855e-06
11005.5004882812 2.16293930239358e-06
11015.5004882812 2.66933831545075e-06
11025.5004882812 2.53999057008488e-06
11035.5004882812 1.63218922152636e-06
11045.5004882812 2.28541194615059e-06
11055.5004882812 2.10943400377268e-06
11065.5004882812 1.88505389963984e-06
11075.5004882812 2.04602128848331e-06
11085.5004882812 2.29809305274553e-06
11095.5004882812 2.08293936148921e-06
11105.5004882812 2.91068923380227e-06
11115.5004882812 1.794147239043e-06
11125.5004882812 2.9190638160558e-06
11135.5004882812 2.26058791831302e-06
11145.5004882812 2.31707472479693e-06
11155.5004882812 2.30146126351582e-06
11165.5004882812 2.61149680693982e-06
11175.5004882812 2.8560175926307e-06
11185.5004882812 2.40562701133031e-06
11195.5004882812 2.54102761626549e-06
11205.5004882812 2.49433495498665e-06
11215.5004882812 2.948627240428e-06
11225.5004882812 2.75748008501387e-06
11235.5004882812 1.85016555644152e-06
11245.5004882812 2.24796561171272e-06
11255.5004882812 2.19664627064761e-06
11265.5004882812 2.25183497940439e-06
11275.5004882812 2.389049023234e-06
11285.5004882812 2.20565092466597e-06
11295.5004882812 3.48310535714724e-06
11305.5004882812 2.55178267087458e-06
11315.5004882812 2.22164363137781e-06
11325.5004882812 2.21008839701349e-06
11335.5004882812 2.20467906213203e-06
11345.5004882812 2.45781853604941e-06
11355.5004882812 2.94663965964667e-06
11365.5004882812 2.11759408160833e-06
11375.5004882812 2.48639654407212e-06
11385.5004882812 2.82903211717136e-06
11395.5004882812 2.22227287727593e-06
11405.5004882812 2.84901750075125e-06
11415.5004882812 2.0806895023495e-06
11425.5004882812 2.9332955573578e-06
11435.5004882812 2.58386520320743e-06
11445.5004882812 2.45103292682387e-06
11455.5004882812 2.21736641535518e-06
11465.5004882812 2.33905900000736e-06
11475.5004882812 2.16310362045924e-06
11485.5004882812 2.66177838442769e-06
11495.5004882812 2.40111018675295e-06
11505.5004882812 2.49461675037574e-06
11515.5004882812 2.31672598188557e-06
11525.5004882812 2.78144717207249e-06
11535.5004882812 2.57588446373381e-06
11545.5004882812 2.39989777772597e-06
11555.5004882812 2.83399002177839e-06
11565.5004882812 1.93238000795929e-06
11575.5004882812 2.89795234295975e-06
11585.5004882812 2.44252557096097e-06
11595.5004882812 2.66814519714327e-06
11605.5004882812 2.37177293476105e-06
11615.5004882812 2.37259226060321e-06
11625.5004882812 2.29375751565035e-06
11635.5004882812 2.55473059699454e-06
11645.5004882812 2.470128753167e-06
11655.5004882812 2.49827458770834e-06
11665.5004882812 2.70192574645425e-06
11675.5004882812 2.39912568543754e-06
11685.5004882812 2.42682808220355e-06
11695.5004882812 2.10681283249361e-06
11705.5004882812 2.68474780655413e-06
11715.5004882812 1.89737215378937e-06
11725.5004882812 3.05179823994148e-06
11735.5004882812 3.1354944621044e-06
11745.5004882812 2.14272171464777e-06
11755.5004882812 2.33201320232435e-06
11765.5004882812 2.53193847823767e-06
11775.5004882812 2.54520765597054e-06
11785.5004882812 2.16989983548582e-06
11795.5004882812 2.37680765573465e-06
11805.5004882812 2.10832437654767e-06
11815.5004882812 2.11952927410633e-06
11825.5004882812 2.39379669152779e-06
11835.5004882812 2.60512008730465e-06
11845.5004882812 2.02251316699812e-06
11855.5004882812 2.24437642363566e-06
11865.5004882813 2.18275344773475e-06
11875.5004882812 2.46201922398386e-06
11885.5004882813 2.63052881672572e-06
11895.5004882812 2.35008939257598e-06
11905.5004882813 2.7588322590457e-06
11915.5004882812 2.36548043733994e-06
11925.5004882813 2.95460172862577e-06
11935.5004882812 2.1832497453568e-06
11945.5004882813 2.11083757138848e-06
11955.5004882812 2.52186469544271e-06
11965.5004882813 2.10353262177288e-06
11975.5004882812 2.62304607969886e-06
11985.5004882813 2.04667528900092e-06
11995.5004882812 2.54992919402125e-06
12005.5004882813 2.29497104945636e-06
12015.5004882812 2.42518002872049e-06
12025.5004882813 2.55043856355416e-06
12035.5004882812 2.3404918943712e-06
12045.5004882813 2.17554021418812e-06
12055.5004882812 1.9605665721487e-06
12065.5004882813 2.03928568190149e-06
12075.5004882812 2.65452716083101e-06
12085.5004882812 2.10678512660061e-06
12095.5004882812 2.53626962402876e-06
12105.5004882812 2.22339366716212e-06
12115.5004882812 2.47759066641946e-06
12125.5004882812 2.23945064676552e-06
12135.5004882812 2.50472433057901e-06
12145.5004882812 2.15001895968716e-06
12155.5004882812 2.19499967523337e-06
12165.5004882812 2.83446811437463e-06
12175.5004882812 2.18462950061091e-06
12185.5004882812 1.99303320818308e-06
12195.5004882812 2.21584886658203e-06
12205.5004882812 3.1567847734868e-06
12215.5004882812 2.36515597383177e-06
12225.5004882812 2.57497150227988e-06
12235.5004882812 2.4639949983599e-06
12245.5004882812 2.24596260203733e-06
12255.5004882812 2.29122986999219e-06
12265.5004882812 2.24668315078249e-06
12275.5004882812 2.17467195501969e-06
12285.5004882812 2.41089481727636e-06
12295.5004882812 2.18247783951891e-06
12305.5004882812 2.62666899708003e-06
12315.5004882812 1.77954706721322e-06
12325.5004882812 2.61314303421597e-06
12335.5004882812 2.08390082434344e-06
12345.5004882812 2.58488319796642e-06
12355.5004882812 2.57035070146643e-06
12365.5004882812 2.21242687785707e-06
12375.5004882812 1.90291091238331e-06
12385.5004882812 2.11850098299192e-06
12395.5004882812 2.88594812990998e-06
12405.5004882812 2.79674077399069e-06
12415.5004882812 2.86725646114578e-06
12425.5004882812 3.09583176411457e-06
12435.5004882812 2.01018934664062e-06
12445.5004882812 2.44317727355019e-06
12455.5004882812 3.00325810035312e-06
12465.5004882812 2.4801464091945e-06
12475.5004882812 2.04937893139043e-06
12485.5004882812 3.12454459314797e-06
12495.5004882812 2.77917641912837e-06
12505.5004882812 2.89691971799141e-06
12515.5004882812 2.29519632705598e-06
12525.5004882812 2.69993003789968e-06
12535.5004882812 1.91761310979105e-06
12545.5004882812 2.24742523944642e-06
12555.5004882812 2.37751319885324e-06
12565.5004882812 2.40506966534523e-06
12575.5004882812 2.81538108453709e-06
12585.5004882812 2.49685109500661e-06
12595.5004882812 2.32489089550765e-06
12605.5004882812 2.53041319095736e-06
12615.5004882812 2.816726574705e-06
12625.5004882812 2.45484570127818e-06
12635.5004882812 2.07055704053673e-06
12645.5004882812 1.76529013963813e-06
12655.5004882812 2.98392252219596e-06
12665.5004882812 2.7886550103367e-06
12675.5004882812 2.66156720527206e-06
12685.5004882812 2.23795820879413e-06
12695.5004882812 2.64990542293071e-06
12705.5004882812 2.46769126952596e-06
12715.5004882812 2.9349477407389e-06
12725.5004882812 2.86496940510304e-06
12735.5004882812 2.34638489987862e-06
12745.5004882812 2.52235206559867e-06
12755.5004882812 2.65302352076447e-06
12765.5004882812 2.37853325366918e-06
12775.5004882812 2.9235667635875e-06
12785.5004882812 2.60372846617818e-06
12795.5004882812 2.57655255027512e-06
12805.5004882812 3.11320396263438e-06
12815.5004882812 3.54186164008335e-06
12825.5004882812 2.64089902486106e-06
12835.5004882812 2.54492166787644e-06
12845.5004882812 2.73764945513973e-06
12855.5004882812 3.31234975258763e-06
12865.5004882812 2.82031480919819e-06
12875.5004882812 3.00035759375448e-06
12885.5004882812 3.45089045570747e-06
12895.5004882812 3.61274824886377e-06
12905.5004882812 3.38353262970029e-06
12915.5004882812 3.43301953507139e-06
12925.5004882812 3.24873806253949e-06
12935.5004882812 3.27288286910826e-06
12945.5004882812 2.78337041699604e-06
12955.5004882812 3.18781346066944e-06
12965.5004882812 3.59672849528157e-06
12975.5004882812 3.3137908376235e-06
12985.5004882812 3.21274858066272e-06
12995.5004882812 3.99787648382065e-06
13005.5004882812 3.89423268625746e-06
13015.5004882812 3.15843103154781e-06
13025.5004882812 3.58606958643316e-06
13035.5004882812 3.51824990705845e-06
13045.5004882812 3.45948505834325e-06
13055.5004882812 3.24366087088866e-06
13065.5004882812 3.16450942657692e-06
13075.5004882812 3.58359143342038e-06
13085.5004882812 3.76160810782955e-06
13095.5004882812 3.35679406187945e-06
13105.5004882812 3.41496838124803e-06
13115.5004882813 3.21032404559057e-06
13125.5004882812 3.4893436171452e-06
13135.5004882813 3.32001525961983e-06
13145.5004882812 3.63229635005996e-06
13155.5004882813 2.96701082377333e-06
13165.5004882812 3.20455688937697e-06
13175.5004882813 3.35237545325982e-06
13185.5004882812 3.33671796816456e-06
13195.5004882813 3.61160990482191e-06
13205.5004882812 3.69122672813306e-06
13215.5004882813 3.6315650081888e-06
13225.5004882812 3.7325204780154e-06
13235.5004882813 2.7778330449098e-06
13245.5004882812 3.2753985467583e-06
13255.5004882813 3.82905506221652e-06
13265.5004882812 3.18541301317371e-06
13275.5004882813 3.19637560336891e-06
13285.5004882812 3.09949102101815e-06
13295.5004882813 3.66549352319595e-06
13305.5004882812 2.90645994773002e-06
13315.5004882813 3.02430632347393e-06
13325.5004882812 2.86824108002553e-06
13335.5004882812 3.75942155010653e-06
13345.5004882812 3.34986616785899e-06
13355.5004882812 2.91422652341228e-06
13365.5004882812 3.32171206147047e-06
13375.5004882812 3.74302716181891e-06
13385.5004882812 3.77901646149805e-06
13395.5004882812 3.58969731466082e-06
13405.5004882812 2.93981420772719e-06
13415.5004882812 3.39434765716782e-06
13425.5004882812 3.21534263269809e-06
13435.5004882812 3.66189123156248e-06
13445.5004882812 3.7596584988194e-06
13455.5004882812 2.75720968212653e-06
13465.5004882812 3.65153336277802e-06
13475.5004882812 3.73924324205814e-06
13485.5004882812 3.2406391587509e-06
13495.5004882812 2.89899765529442e-06
13505.5004882812 3.82498447658272e-06
13515.5004882812 3.59939822041265e-06
13525.5004882812 3.70926148613035e-06
13535.5004882812 4.0818934494173e-06
13545.5004882812 2.51217184433479e-06
13555.5004882812 3.86548282228474e-06
13565.5004882812 3.53238568243249e-06
13575.5004882812 4.03953966628831e-06
13585.5004882812 3.43173065439093e-06
13595.5004882812 3.5484333807922e-06
13605.5004882812 2.79970861876217e-06
13615.5004882812 3.66116718345035e-06
13625.5004882812 3.6575131493384e-06
13635.5004882812 3.16168237977241e-06
13645.5004882812 3.87825621863546e-06
13655.5004882812 2.96839845239105e-06
13665.5004882812 3.60777648599424e-06
13675.5004882812 3.45380185960944e-06
13685.5004882812 3.33312410391902e-06
13695.5004882812 3.3181781584087e-06
13705.5004882812 3.69669772631214e-06
13715.5004882812 3.33067027308816e-06
13725.5004882812 3.40748829335713e-06
13735.5004882812 3.49907093769961e-06
13745.5004882812 3.1055871244868e-06
13755.5004882812 3.74529105731557e-06
13765.5004882812 4.008596634351e-06
13775.5004882812 4.15392938997295e-06
13785.5004882812 3.64513549919647e-06
13795.5004882812 3.25878644133049e-06
13805.5004882812 3.7385294153694e-06
13815.5004882812 4.14487179114289e-06
13825.5004882812 3.40150648246605e-06
13835.5004882812 3.80385223780951e-06
13845.5004882812 3.93534695814429e-06
13855.5004882812 3.26256026250104e-06
13865.5004882812 4.09326692658332e-06
13875.5004882812 3.64628497401251e-06
13885.5004882812 2.91937524177555e-06
13895.5004882812 3.71282197169737e-06
13905.5004882812 3.67723196174688e-06
13915.5004882812 3.74413745983099e-06
13925.5004882812 3.74774080560964e-06
13935.5004882812 3.86993545640378e-06
13945.5004882812 3.80895482426901e-06
13955.5004882812 4.13223312240625e-06
13965.5004882812 3.69604439342372e-06
13975.5004882812 3.40668759819047e-06
13985.5004882812 4.01661027698419e-06
13995.5004882812 3.88672310500818e-06
14005.5004882812 3.84317165326483e-06
14015.5004882812 3.91360322457463e-06
14025.5004882812 3.17844174264501e-06
14035.5004882812 3.0128935064228e-06
14045.5004882812 3.09638793727629e-06
14055.5004882812 3.68494041714432e-06
14065.5004882812 4.38248660990822e-06
14075.5004882812 3.04350894742805e-06
14085.5004882812 3.25918046398697e-06
14095.5004882812 3.25509109447242e-06
14105.5004882812 3.35377605962238e-06
14115.5004882812 4.13316579268177e-06
14125.5004882812 2.53751836187177e-06
14135.5004882812 3.54793160512887e-06
14145.5004882812 4.17706441307531e-06
14155.5004882812 3.87923980848218e-06
14165.5004882812 3.04754817190652e-06
14175.5004882812 3.66977389626159e-06
14185.5004882812 3.68024688766125e-06
14195.5004882812 3.92550508625922e-06
14205.5004882812 3.41174157629136e-06
14215.5004882812 3.08807325283554e-06
14225.5004882812 3.83262236765464e-06
14235.5004882812 3.64350609595402e-06
14245.5004882812 4.13827353250453e-06
14255.5004882812 2.75633714831579e-06
14265.5004882812 4.36548440074551e-06
14275.5004882812 3.01002143656699e-06
14285.5004882812 3.75691640266602e-06
14295.5004882812 3.57623755262744e-06
14305.5004882812 3.80607880110505e-06
14315.5004882812 3.13579880730472e-06
14325.5004882812 3.76401986504437e-06
14335.5004882812 3.56326151039348e-06
14345.5004882812 2.82837498993803e-06
14355.5004882812 4.22475241720884e-06
14365.5004882813 3.26786790616202e-06
14375.5004882812 3.92512964531706e-06
14385.5004882813 2.81736464196997e-06
14395.5004882812 3.50326735455875e-06
14405.5004882813 3.55165844533142e-06
14415.5004882812 4.16791417177195e-06
14425.5004882813 3.25241349731262e-06
14435.5004882812 3.47264041790991e-06
14445.5004882813 4.00555304548557e-06
14455.5004882812 2.7981528732707e-06
14465.5004882813 4.05586208509403e-06
14475.5004882812 3.2893808953385e-06
14485.5004882813 3.61964922971545e-06
14495.5004882812 3.17029151846117e-06
14505.5004882813 2.71538912192664e-06
14515.5004882812 3.57914106191604e-06
14525.5004882813 3.67508465139688e-06
14535.5004882812 3.81437668606442e-06
14545.5004882813 2.91608184551365e-06
14555.5004882812 4.01978412810183e-06
14565.5004882813 4.34382160688558e-06
14575.5004882812 3.65419836281838e-06
14585.5004882812 3.6003826531754e-06
14595.5004882812 3.73162243855171e-06
14605.5004882812 3.79179619254635e-06
14615.5004882812 4.1228636627637e-06
14625.5004882812 3.56023612127799e-06
14635.5004882812 3.28085309539011e-06
14645.5004882812 4.78830346623726e-06
14655.5004882812 3.82838061054083e-06
14665.5004882812 3.25882873284683e-06
14675.5004882812 4.26463910813895e-06
14685.5004882812 3.98114987203798e-06
14695.5004882812 3.47827397789756e-06
14705.5004882812 3.66559419106861e-06
14715.5004882812 4.18031455107515e-06
14725.5004882812 4.19507602915822e-06
14735.5004882812 3.80779704838589e-06
14745.5004882812 4.03900619875743e-06
14755.5004882812 4.37590894532736e-06
14765.5004882812 3.42803722287787e-06
14775.5004882812 4.28363413681039e-06
14785.5004882812 4.5963182379584e-06
14795.5004882812 3.53422396155985e-06
14805.5004882812 5.19293947795104e-06
14815.5004882812 4.7268784713066e-06
14825.5004882812 3.96620438537918e-06
14835.5004882812 4.7317656419293e-06
14845.5004882812 4.846031853782e-06
14855.5004882812 3.47709674888218e-06
14865.5004882812 4.41644909304225e-06
14875.5004882812 5.43698684479785e-06
14885.5004882812 4.75294610644237e-06
14895.5004882812 5.40045741369586e-06
14905.5004882812 5.17025664896116e-06
14915.5004882812 4.94055519459111e-06
14925.5004882812 5.02279386675384e-06
14935.5004882812 4.3466957796642e-06
14945.5004882812 5.73812685626903e-06
14955.5004882812 4.27283271330718e-06
14965.5004882812 4.95246075318226e-06
14975.5004882812 3.79993913435701e-06
14985.5004882812 4.50637815513242e-06
14995.5004882812 4.06373784186919e-06
15005.5004882812 4.60138838891811e-06
15015.5004882812 3.83654950753511e-06
15025.5004882812 4.32601046033522e-06
15035.5004882812 4.48405626148388e-06
15045.5004882812 4.43652162678076e-06
15055.5004882812 4.24719067671174e-06
15065.5004882812 3.92614123708522e-06
15075.5004882812 4.56711503367149e-06
15085.5004882812 4.79115656534127e-06
15095.5004882812 4.70640962888471e-06
15105.5004882812 3.791180543319e-06
15115.5004882812 4.53548770696403e-06
15125.5004882812 3.88548755207027e-06
15135.5004882812 4.26548500181801e-06
15145.5004882812 3.93558190738499e-06
15155.5004882812 4.83382614771344e-06
15165.5004882812 4.28898396640184e-06
15175.5004882812 4.29062367434158e-06
15185.5004882812 4.5235356756e-06
15195.5004882812 4.46911792545315e-06
15205.5004882812 3.95262460866858e-06
15215.5004882812 4.32241099159681e-06
15225.5004882812 4.78560772507567e-06
15235.5004882812 4.08506423116287e-06
15245.5004882812 4.11000843538666e-06
15255.5004882812 4.57041919816627e-06
15265.5004882812 4.40466255639339e-06
15275.5004882812 3.92834228357608e-06
15285.5004882812 5.4821597749099e-06
15295.5004882812 4.42597416281197e-06
15305.5004882812 4.4571059574856e-06
15315.5004882812 4.04900665818404e-06
15325.5004882812 4.93997475477321e-06
15335.5004882812 4.40500440600761e-06
15345.5004882812 4.18139195115451e-06
15355.5004882812 4.19197804813829e-06
15365.5004882812 4.99062132392866e-06
15375.5004882812 4.86452928196483e-06
15385.5004882812 4.18133786736289e-06
15395.5004882812 4.2670513765748e-06
15405.5004882812 4.24127954439029e-06
15415.5004882812 5.37839292969888e-06
15425.5004882812 3.75062261169255e-06
15435.5004882812 4.37943891002202e-06
15445.5004882812 4.67647630853674e-06
15455.5004882812 4.19768796020881e-06
15465.5004882812 4.9721663387928e-06
15475.5004882812 4.75181216143986e-06
15485.5004882812 5.90967222239233e-06
15495.5004882812 4.24949651913374e-06
15505.5004882812 3.47304345276925e-06
15515.5004882812 4.97247491387251e-06
15525.5004882812 4.0799720932979e-06
15535.5004882812 4.01635809942497e-06
15545.5004882812 4.1299732577151e-06
15555.5004882812 4.86109165484097e-06
15565.5004882812 4.26477701519e-06
15575.5004882812 5.69091842513025e-06
15585.5004882812 4.84321497855138e-06
15595.5004882812 4.41754160861193e-06
15605.5004882812 5.41719502959791e-06
15615.5004882813 4.84884843969303e-06
15625.5004882812 5.44723593375977e-06
15635.5004882813 5.482242998481e-06
15645.5004882812 5.20423534953321e-06
15655.5004882813 5.47835592897571e-06
15665.5004882812 4.49577526328605e-06
15675.5004882813 5.11106255357854e-06
15685.5004882812 4.65402815630548e-06
15695.5004882813 4.79223823504719e-06
15705.5004882812 4.89104840369662e-06
15715.5004882813 4.12089126539016e-06
15725.5004882812 5.93640114998491e-06
15735.5004882813 4.48819759821714e-06
15745.5004882812 5.28654428798748e-06
15755.5004882813 4.84895616773433e-06
15765.5004882812 6.08087952624758e-06
15775.5004882813 4.58167218959659e-06
15785.5004882812 5.34473689120182e-06
15795.5004882813 6.05744482996766e-06
15805.5004882812 5.11887308359753e-06
15815.5004882813 4.89310127035084e-06
15825.5004882812 5.79826320664159e-06
15835.5004882812 5.40706388716232e-06
15845.5004882812 5.14486250545264e-06
15855.5004882812 5.91565869418845e-06
15865.5004882812 5.47837456231665e-06
15875.5004882812 5.55111318827021e-06
15885.5004882812 4.44468905903247e-06
15895.5004882812 5.8210255114766e-06
15905.5004882812 5.96832035623434e-06
15915.5004882812 4.39621483074058e-06
15925.5004882812 4.87109242491908e-06
15935.5004882812 3.81485462898203e-06
15945.5004882812 4.84790653904443e-06
15955.5004882812 5.26201694849336e-06
15965.5004882812 5.17469317177436e-06
15975.5004882812 5.25100734478072e-06
15985.5004882812 5.49679153458511e-06
15995.5004882812 5.481813401798e-06
16005.5004882812 5.49512314465006e-06
16015.5004882812 4.35816275915959e-06
16025.5004882812 5.50931180910567e-06
16035.5004882812 4.02338896533975e-06
16045.5004882812 6.02610002718791e-06
16055.5004882812 4.43467322698072e-06
16065.5004882812 6.08302210957404e-06
16075.5004882812 4.91775735097228e-06
16085.5004882812 5.07946965932984e-06
16095.5004882812 4.38116147922271e-06
16105.5004882812 6.43957779271845e-06
16115.5004882812 6.89789347546997e-06
16125.5004882812 4.64662529914464e-06
16135.5004882812 4.62868444015753e-06
16145.5004882812 6.00559381953813e-06
16155.5004882812 6.44621537507126e-06
16165.5004882812 4.91134935540526e-06
16175.5004882812 4.35586083375511e-06
16185.5004882812 5.95071451606062e-06
16195.5004882812 6.53085858278466e-06
16205.5004882812 5.2023329233396e-06
16215.5004882812 4.932156695517e-06
16225.5004882812 5.65749237723113e-06
16235.5004882812 5.21128424859649e-06
16245.5004882812 5.3558927328656e-06
16255.5004882812 5.76548566840423e-06
16265.5004882812 5.74860808847087e-06
16275.5004882812 5.93385146160446e-06
16285.5004882812 4.67765956050247e-06
16295.5004882812 5.56140834440675e-06
16305.5004882812 5.41678212875765e-06
16315.5004882812 5.78384130759529e-06
16325.5004882812 6.07572219937741e-06
16335.5004882812 5.26075179082792e-06
16345.5004882812 6.39830485535785e-06
16355.5004882812 5.33856027365191e-06
16365.5004882812 6.75171970934869e-06
16375.5004882812 5.54426315176782e-06
16385.5004882812 5.32799461140573e-06
16395.5004882812 4.5880886177025e-06
16405.5004882812 5.47007897162271e-06
16415.5004882812 5.45341634435741e-06
16425.5004882812 5.42543613173552e-06
16435.5004882812 6.90805942877708e-06
16445.5004882812 5.27077921040731e-06
16455.5004882812 6.48043837129838e-06
16465.5004882812 6.46593556615999e-06
16475.5004882812 6.16741433339343e-06
16485.5004882812 6.46153226070599e-06
16495.5004882812 5.64315373212458e-06
16505.5004882812 7.36529385581378e-06
16515.5004882812 6.74115024450354e-06
16525.5004882812 6.81027696341505e-06
16535.5004882812 5.46429806628963e-06
16545.5004882812 8.17589333426942e-06
16555.5004882812 6.69511815772787e-06
16565.5004882812 5.16913498842152e-06
16575.5004882812 5.3686386277524e-06
16585.5004882812 5.88848351956682e-06
16595.5004882812 5.96865079908042e-06
16605.5004882812 6.71010645416391e-06
16615.5004882812 5.94419874169281e-06
16625.5004882812 5.71514731725501e-06
16635.5004882812 5.18098356606497e-06
16645.5004882812 7.04814581953528e-06
16655.5004882812 4.85376878758002e-06
16665.5004882812 5.59568498916916e-06
16675.5004882812 5.25426000043961e-06
16685.5004882812 5.3486980219168e-06
16695.5004882812 4.72688536802651e-06
16705.5004882812 5.09868406221394e-06
16715.5004882812 6.02345196480978e-06
16725.5004882812 7.20433994737046e-06
16735.5004882812 5.53337902567345e-06
16745.5004882812 5.75102928002769e-06
16755.5004882812 4.93631555328697e-06
16765.5004882812 6.67119770252015e-06
16775.5004882812 6.21374996105285e-06
16785.5004882812 6.73714973791585e-06
16795.5004882812 7.74749441514967e-06
16805.5004882812 4.14210522583379e-06
16815.5004882812 5.54343906198721e-06
16825.5004882812 6.54730030696249e-06
16835.5004882812 6.36521911143251e-06
16845.5004882812 6.41700540298927e-06
16855.5004882812 5.0917523345603e-06
16865.5004882812 6.81754151337567e-06
16875.5004882812 5.07839693154501e-06
16885.5004882812 4.9678524641165e-06
16895.5004882812 7.15800221462512e-06
16905.5004882812 6.52738785814623e-06
16915.5004882812 4.60608094293033e-06
16925.5004882812 7.06748672476031e-06
16935.5004882812 4.91552733848644e-06
16945.5004882812 7.07403077567279e-06
16955.5004882812 6.41553303319136e-06
16965.5004882812 6.98338484131653e-06
16975.5004882812 5.90070163454311e-06
16985.5004882812 4.93055531490187e-06
16995.5004882812 7.16074622819152e-06
17005.5004882812 5.78198976339583e-06
17015.5004882812 5.83221893436816e-06
17025.5004882812 5.34216268059372e-06
17035.5004882812 6.28478544019009e-06
17045.5004882812 5.2778942344947e-06
17055.5004882812 6.37159026634143e-06
17065.5004882812 6.34941901760615e-06
17075.5004882812 5.9150633527986e-06
17085.5004882812 5.12934389918809e-06
17095.5004882812 7.71188052293868e-06
17105.5004882812 6.34210791696015e-06
17115.5004882812 5.28919081008368e-06
17125.5004882812 6.34444044738244e-06
17135.5004882812 5.92065145295179e-06
17145.5004882812 6.60259988366865e-06
17155.5004882812 6.96044793595219e-06
17165.5004882812 4.89915069668172e-06
17175.5004882812 5.95648996699858e-06
17185.5004882812 4.66872015395773e-06
17195.5004882812 5.38755580574718e-06
17205.5004882812 6.91104640526396e-06
17215.5004882812 6.37618461807253e-06
17225.5004882812 6.49722309686384e-06
17235.5004882812 6.86563494586435e-06
17245.5004882812 5.9454835710404e-06
17255.5004882812 7.18021935105287e-06
17265.5004882812 7.43147876452547e-06
17275.5004882812 5.75437176151619e-06
17285.5004882812 8.73087725290069e-06
17295.5004882812 7.63290583631616e-06
17305.5004882812 6.12689394694177e-06
17315.5004882812 6.99232897759256e-06
17325.5004882812 7.42094350373121e-06
17335.5004882812 6.41845048287239e-06
17345.5004882812 7.66346006810626e-06
17355.5004882812 8.15812747750284e-06
17365.5004882812 7.46254396363728e-06
17375.5004882812 8.51474081188713e-06
17385.5004882812 8.13970201325098e-06
17395.5004882812 6.81734010194267e-06
17405.5004882812 9.57782573873081e-06
17415.5004882812 7.60467766291402e-06
17425.5004882812 7.69567154436811e-06
17435.5004882812 6.62787055519252e-06
17445.5004882812 7.77268423962113e-06
17455.5004882812 8.08344233520388e-06
17465.5004882812 7.56164949966499e-06
17475.5004882812 7.82630765441133e-06
17485.5004882812 9.68814134952756e-06
17495.5004882812 7.7356471278306e-06
17505.5004882812 7.23392544776384e-06
17515.5004882812 6.99789196562575e-06
17525.5004882812 6.44306603809242e-06
17535.5004882812 8.72520846953893e-06
17545.5004882812 6.69378304278679e-06
17555.5004882812 9.05044684624111e-06
17565.5004882812 6.66330091519368e-06
17575.5004882812 8.82506150924099e-06
17585.5004882812 6.99162625601435e-06
17595.5004882812 9.17508773918894e-06
17605.5004882812 6.41011935708774e-06
17615.5004882812 6.78724665185079e-06
17625.5004882812 6.00865205938526e-06
17635.5004882812 7.96804929715422e-06
17645.5004882812 7.14905239600381e-06
17655.5004882812 7.64838553065989e-06
17665.5004882812 7.79591886226278e-06
17675.5004882812 7.53444457717359e-06
17685.5004882812 6.82060711416564e-06
17695.5004882812 6.35725034567691e-06
17705.5004882812 8.56887177655801e-06
17715.5004882812 7.07782172455495e-06
17725.5004882812 7.70547340230064e-06
17735.5004882812 7.75976812913839e-06
17745.5004882812 6.48739665568489e-06
17755.5004882812 8.94878950805479e-06
17765.5004882812 7.69965430088766e-06
17775.5004882812 7.8279720528597e-06
17785.5004882812 9.56425127845522e-06
17795.5004882812 8.03165948290905e-06
17805.5004882812 7.86121385249565e-06
17815.5004882812 7.36915217095368e-06
17825.5004882812 9.33267977415629e-06
17835.5004882812 8.33532599443706e-06
17845.5004882812 7.1129336366377e-06
17855.5004882812 8.39408467193836e-06
17865.5004882812 8.78637168934695e-06
17875.5004882812 8.2857708860073e-06
17885.5004882812 7.14244151355747e-06
17895.5004882812 6.84998214551444e-06
17905.5004882812 7.22016582153613e-06
17915.5004882812 8.7220207022481e-06
17925.5004882812 7.08245340587107e-06
17935.5004882812 8.15249952288386e-06
17945.5004882812 6.5739852093942e-06
17955.5004882812 8.04593336285857e-06
17965.5004882812 8.73610776786297e-06
17975.5004882812 7.13528776432831e-06
17985.5004882812 8.58706121199572e-06
17995.5004882812 9.69895063139075e-06
18005.5004882812 6.46228106937685e-06
18015.5004882812 8.23814637931995e-06
18025.5004882812 8.17204200008118e-06
18035.5004882812 9.16606827032709e-06
18045.5004882812 7.42919336341382e-06
18055.5004882812 8.97000254865479e-06
18065.5004882812 8.19771495982357e-06
18075.5004882812 9.08833382660279e-06
18085.5004882812 9.43593713464249e-06
18095.5004882812 9.00726275383602e-06
18105.5004882812 1.10516209667692e-05
18115.5004882812 8.77988309897162e-06
18125.5004882812 1.01673834568971e-05
18135.5004882812 9.35144374798669e-06
18145.5004882812 1.11730614558641e-05
18155.5004882812 1.09447879158038e-05
18165.5004882812 8.91840862618245e-06
18175.5004882812 9.13867641716441e-06
18185.5004882812 9.83414112163911e-06
18195.5004882812 1.1176865186375e-05
18205.5004882812 8.44591309022598e-06
18215.5004882812 9.60769419667567e-06
18225.5004882812 9.71117841683153e-06
18235.5004882812 1.33628371937171e-05
18245.5004882812 8.58531792082366e-06
18255.5004882812 1.0913208219774e-05
18265.5004882812 7.94634208622271e-06
18275.5004882812 1.09947926640998e-05
18285.5004882812 1.07226288772049e-05
18295.5004882812 8.64082121122623e-06
18305.5004882812 1.18158376898493e-05
18315.5004882812 1.17262305822023e-05
18325.5004882812 1.3725511877428e-05
18335.5004882812 9.91639389176521e-06
18345.5004882812 9.34996375396605e-06
18355.5004882812 1.2913946896494e-05
18365.5004882812 1.15880655163839e-05
18375.5004882812 1.04821085270894e-05
18385.5004882812 9.77144402076507e-06
18395.5004882812 1.24192033031721e-05
18405.5004882812 1.30203858448984e-05
18415.5004882812 8.98673963255855e-06
18425.5004882812 9.24455248822023e-06
18435.5004882812 1.1523059645981e-05
18445.5004882812 1.17537011632133e-05
18455.5004882812 1.26955929394242e-05
18465.5004882812 1.32373231359745e-05
18475.5004882812 1.22389929232921e-05
18485.5004882812 1.0072336397564e-05
18495.5004882812 1.42543892993894e-05
18505.5004882812 8.96042811552286e-06
18515.5004882812 1.21142294373916e-05
18525.5004882812 1.23032108648825e-05
18535.5004882812 1.22576142793096e-05
18545.5004882812 1.05374909221618e-05
18555.5004882812 1.07834208011465e-05
18565.5004882812 1.29750385405142e-05
18575.5004882812 1.01866844211825e-05
18585.5004882812 1.16070797090458e-05
18595.5004882812 1.32144566773013e-05
18605.5004882812 1.10433246906295e-05
18615.5004882812 9.1392885085767e-06
18625.5004882812 1.36517953737986e-05
18635.5004882812 1.2928063662123e-05
18645.5004882812 1.08673959409709e-05
18655.5004882812 9.41732910530626e-06
18665.5004882812 1.16726699030344e-05
18675.5004882812 1.18059860952077e-05
18685.5004882812 1.17820090583746e-05
18695.5004882812 1.12780952773469e-05
18705.5004882812 1.00631951852888e-05
18715.5004882812 1.22843937449445e-05
18725.5004882812 1.27554946509409e-05
18735.5004882812 1.082215172973e-05
18745.5004882812 1.19767944544379e-05
18755.5004882812 1.41847185731015e-05
18765.5004882812 1.42274174844993e-05
18775.5004882812 1.0369439763415e-05
18785.5004882812 1.38134529049832e-05
18795.5004882812 1.16276212675782e-05
18805.5004882812 1.14094100453861e-05
18815.5004882812 1.04180970065838e-05
18825.5004882812 1.03715982470005e-05
18835.5004882812 1.05580203251182e-05
18845.5004882812 1.11683320749154e-05
18855.5004882812 1.22127263830004e-05
18865.5004882812 1.18809363411864e-05
18875.5004882812 1.17245814800562e-05
18885.5004882812 1.15007086166144e-05
18895.5004882812 1.22204781199348e-05
18905.5004882812 1.36258346221857e-05
18915.5004882812 1.17740605068573e-05
18925.5004882812 1.19739168738736e-05
18935.5004882812 1.28731730957927e-05
18945.5004882812 1.16279608705534e-05
18955.5004882812 1.18203105821582e-05
18965.5004882812 1.12066295575328e-05
18975.5004882812 1.12878501426325e-05
18985.5004882812 1.25268449927354e-05
18995.5004882812 1.43522066708758e-05
19005.5004882812 1.14736364823991e-05
19015.5004882812 1.00473475167169e-05
19025.5004882812 1.13011210058756e-05
19035.5004882812 1.19465392435819e-05
19045.5004882812 1.16176730213725e-05
19055.5004882812 1.115595650885e-05
19065.5004882812 1.30543901787847e-05
19075.5004882812 1.20107576265331e-05
19085.5004882812 1.22617983349373e-05
19095.5004882812 1.27920029495979e-05
19105.5004882812 1.5125774537044e-05
19115.5004882812 1.19372886124808e-05
19125.5004882812 1.41937710268703e-05
19135.5004882812 1.29293654823727e-05
19145.5004882812 1.3655835972286e-05
19155.5004882812 1.35943676321874e-05
19165.5004882812 1.21367894245699e-05
19175.5004882812 1.38064303639647e-05
19185.5004882812 1.23656245196489e-05
19195.5004882812 1.19997444416217e-05
19205.5004882812 1.62745733049338e-05
19215.5004882812 1.27643079442548e-05
19225.5004882812 1.48706083146523e-05
19235.5004882812 1.24752607272284e-05
19245.5004882812 1.23214510158768e-05
19255.5004882812 1.3100571408145e-05
19265.5004882812 1.49528327243961e-05
19275.5004882812 1.33674036010036e-05
19285.5004882812 1.22239072752323e-05
19295.5004882812 1.59112462905925e-05
19305.5004882812 1.63110356261122e-05
19315.5004882812 1.5055741890035e-05
19325.5004882812 1.020082387484e-05
19335.5004882812 1.39621250649291e-05
19345.5004882812 1.42137757679666e-05
19355.5004882812 1.23655700461403e-05
19365.5004882812 1.20515227977789e-05
19375.5004882812 1.25166656345637e-05
19385.5004882812 1.08185459331656e-05
19395.5004882812 1.54444622810506e-05
19405.5004882812 1.29509053344043e-05
19415.5004882812 1.32978289701249e-05
19425.5004882812 1.1257847070383e-05
19435.5004882812 1.29334471293142e-05
19445.5004882812 1.44123341231205e-05
19455.5004882812 1.09753988968739e-05
19465.5004882812 1.07481892381137e-05
19475.5004882812 1.39738946693947e-05
19485.5004882812 1.21193673139793e-05
19495.5004882812 1.35427718648432e-05
19505.5004882812 1.30038494708918e-05
19515.5004882812 1.190941735896e-05
19525.5004882812 1.30200524827298e-05
19535.5004882812 1.15697786427731e-05
19545.5004882812 1.43574117689394e-05
19555.5004882812 1.3859197692471e-05
19565.5004882812 1.63652164651655e-05
19575.5004882812 1.29269913283373e-05
19585.5004882812 1.37235667262461e-05
19595.5004882812 1.27269385566284e-05
19605.5004882812 1.3756355788819e-05
19615.5004882812 1.21516039785849e-05
19625.5004882812 1.2175737401375e-05
19635.5004882812 1.15059365090397e-05
19645.5004882812 1.33861099066368e-05
19655.5004882812 1.10332076783081e-05
19665.5004882812 1.39308867772807e-05
19675.5004882812 1.29970291886477e-05
19685.5004882812 1.12032262851325e-05
19695.5004882812 1.64127655356791e-05
19705.5004882812 1.19101626640237e-05
19715.5004882812 1.4247273439384e-05
19725.5004882812 1.31160105938387e-05
19735.5004882812 1.41667514203544e-05
19745.5004882812 1.05323720939033e-05
19755.5004882812 1.29974870170235e-05
19765.5004882812 1.23343247655051e-05
19775.5004882812 1.4075883320493e-05
19785.5004882812 1.02409389983504e-05
19795.5004882812 1.44968493420527e-05
19805.5004882812 1.61364919359215e-05
19815.5004882812 1.0005667413586e-05
19825.5004882812 1.28939123483828e-05
19835.5004882812 1.15475171326717e-05
19845.5004882812 1.46918333336222e-05
19855.5004882812 9.64223761572739e-06
19865.5004882812 1.25884626179011e-05
19875.5004882812 1.28602380562448e-05
19885.5004882812 1.44551001679119e-05
19895.5004882812 8.79866803054998e-06
19905.5004882812 1.20205246444794e-05
19915.5004882812 1.24215770985581e-05
19925.5004882812 1.6404306077297e-05
19935.5004882812 1.20094708655661e-05
19945.5004882812 1.18853378407568e-05
19955.5004882812 1.38011350562553e-05
19965.5004882812 1.10222475798958e-05
19975.5004882812 1.43146812613648e-05
19985.5004882812 1.23049971086891e-05
19995.5004882812 1.39758930957683e-05
20005.5004882812 1.38467914957503e-05
20015.5004882812 1.21266899706745e-05
20025.5004882812 1.22015441970197e-05
20035.5004882812 1.36388664362362e-05
20045.5004882812 1.59413261201539e-05
20055.5004882812 1.4253297029859e-05
20065.5004882812 1.22590311914997e-05
20075.5004882812 1.16381592621142e-05
20085.5004882812 1.34123987931423e-05
20095.5004882812 1.509799543528e-05
20105.5004882812 1.51839795003287e-05
20115.5004882812 1.2757712753784e-05
20125.5004882812 1.24828799112084e-05
20135.5004882812 1.47086537622927e-05
20145.5004882812 1.14089063742612e-05
20155.5004882812 1.41450264553841e-05
20165.5004882812 1.46322195651562e-05
20175.5004882812 1.20442313275123e-05
20185.5004882812 1.67022937172356e-05
20195.5004882812 1.17497985845764e-05
20205.5004882812 1.95337759601305e-05
20215.5004882812 8.68667274665115e-06
20225.5004882812 1.60939090380752e-05
20235.5004882812 1.04669056762973e-05
20245.5004882812 1.37598518064425e-05
20255.5004882812 1.31212703922846e-05
20265.5004882812 1.48668494036116e-05
20275.5004882812 1.6285505382755e-05
20285.5004882812 1.4376317676069e-05
20295.5004882812 1.51007046209919e-05
20305.5004882812 1.17875976312423e-05
20315.5004882812 1.46930174068279e-05
20325.5004882812 1.3304059138725e-05
20335.5004882812 1.52903031250075e-05
20345.5004882812 1.11501065583461e-05
20355.5004882812 1.41404713341447e-05
20365.5004882812 1.16422420867638e-05
20375.5004882812 1.31567047654907e-05
20385.5004882812 1.648346523854e-05
20395.5004882812 1.63514425988779e-05
20405.5004882813 1.37174517600528e-05
20415.5004882812 1.40219153389047e-05
20425.5004882812 1.3564190170386e-05
20435.5004882812 1.51095347179581e-05
20445.5004882813 1.28215537385366e-05
20455.5004882812 1.35787063023345e-05
20465.5004882812 1.56737481979372e-05
20475.5004882812 1.56955782666543e-05
20485.5004882813 1.73069099855945e-05
20495.5004882812 1.40913997043109e-05
20505.5004882812 1.61227317640635e-05
20515.5004882812 1.48434082534829e-05
20525.5004882813 1.41747761368889e-05
20535.5004882812 1.70803772460879e-05
20545.5004882812 1.97864585124301e-05
20555.5004882812 1.38067192221237e-05
20565.5004882813 1.18801995134725e-05
20575.5004882812 1.41182089397902e-05
20585.5004882812 1.4165669857992e-05
20595.5004882812 1.24439267022981e-05
20605.5004882813 1.30988773321328e-05
20615.5004882812 1.46129308055526e-05
20625.5004882812 1.46967018576823e-05
20635.5004882812 1.88857911917151e-05
20645.5004882813 1.52419159954575e-05
20655.5004882812 1.26034394737335e-05
20665.5004882812 1.71576959764555e-05
20675.5004882812 1.81477531041363e-05
20685.5004882813 1.41211903148512e-05
20695.5004882812 1.70222081084338e-05
20705.5004882812 1.55785155108932e-05
20715.5004882812 1.61569197197957e-05
20725.5004882813 1.33265781539486e-05
20735.5004882812 1.37501091408418e-05
20745.5004882812 1.57109462865692e-05
20755.5004882812 1.15371335796516e-05
20765.5004882813 1.57141501041463e-05
20775.5004882812 1.3408508295766e-05
20785.5004882812 2.09322894178779e-05
20795.5004882812 1.22008389200027e-05
20805.5004882813 1.86623627011355e-05
20815.5004882812 2.03681294491502e-05
20825.5004882812 1.37711047527532e-05
20835.5004882812 1.32780785107182e-05
20845.5004882812 1.55019417526587e-05
20855.5004882812 1.65860878094624e-05
20865.5004882812 1.34993662092983e-05
20875.5004882812 1.20710192358038e-05
20885.5004882812 1.85570215913628e-05
20895.5004882812 1.23564296039048e-05
20905.5004882812 1.41031784792875e-05
20915.5004882812 1.68512955998668e-05
20925.5004882812 1.80032432499988e-05
20935.5004882812 1.64310233683725e-05
20945.5004882812 1.91792851594994e-05
20955.5004882812 1.54885386909457e-05
20965.5004882812 2.24747235808979e-05
20975.5004882812 1.44108885764843e-05
20985.5004882812 1.4823228904838e-05
20995.5004882812 2.02843603223567e-05
21005.5004882812 1.6006202510456e-05
21015.5004882812 1.73175689876075e-05
21025.5004882812 1.78467872444596e-05
21035.5004882812 2.01013063168826e-05
21045.5004882812 1.44267527425044e-05
21055.5004882812 1.81136837306334e-05
21065.5004882812 2.28351290732953e-05
21075.5004882812 1.63639689789604e-05
21085.5004882812 1.75431485939149e-05
21095.5004882812 1.83418076988549e-05
21105.5004882812 2.03839834315402e-05
21115.5004882812 1.50449289326554e-05
21125.5004882812 1.89101703002483e-05
21135.5004882812 1.50960381245979e-05
21145.5004882812 1.77087493388555e-05
21155.5004882812 2.00363112128269e-05
21165.5004882812 2.10774658254695e-05
21175.5004882812 1.61009467058569e-05
21185.5004882812 1.70968356392455e-05
21195.5004882812 1.72814935632479e-05
21205.5004882812 1.64925715913332e-05
21215.5004882812 1.67985271267997e-05
21225.5004882812 2.32973693956235e-05
21235.5004882812 2.17010283333151e-05
21245.5004882812 2.11446630977337e-05
21255.5004882812 1.9682008653817e-05
21265.5004882812 1.82274577466057e-05
21275.5004882812 1.72907174808579e-05
21285.5004882812 1.51935083739912e-05
21295.5004882812 2.05475400106745e-05
21305.5004882812 1.49145598888903e-05
21315.5004882812 1.58554867464411e-05
21325.5004882812 1.8848854768255e-05
21335.5004882812 1.78953502865028e-05
21345.5004882812 1.86675666680224e-05
21355.5004882812 2.25643023694995e-05
21365.5004882812 2.2046783352238e-05
21375.5004882812 2.28541772502963e-05
21385.5004882812 2.18629668226433e-05
21395.5004882812 1.43403192113453e-05
21405.5004882812 2.19272481746516e-05
21415.5004882812 1.7842051727705e-05
21425.5004882812 2.27353928657152e-05
21435.5004882812 1.80899325937847e-05
21445.5004882812 1.71015549940606e-05
21455.5004882812 1.8975051503025e-05
21465.5004882812 2.37726035877306e-05
21475.5004882812 1.56860062304856e-05
21485.5004882812 1.84811821319958e-05
21495.5004882812 2.1552834963544e-05
21505.5004882812 1.72140926488e-05
21515.5004882812 1.94455012942621e-05
21525.5004882812 2.40382496864931e-05
21535.5004882812 1.76893925458466e-05
21545.5004882812 2.46806340302836e-05
21555.5004882812 2.16851002611913e-05
21565.5004882812 1.95811163604813e-05
21575.5004882812 1.98655644267014e-05
21585.5004882812 2.08525937409993e-05
21595.5004882812 1.90971889496769e-05
21605.5004882812 1.85166990139119e-05
21615.5004882812 2.2401356066625e-05
21625.5004882812 1.80825683914765e-05
21635.5004882812 2.08572178888325e-05
21645.5004882812 1.61844602557361e-05
21655.5004882813 2.47069760292805e-05
21665.5004882812 2.18101685666849e-05
21675.5004882812 1.95751602279691e-05
21685.5004882812 2.12747317508909e-05
21695.5004882813 1.8608475056236e-05
21705.5004882812 2.02492007016295e-05
21715.5004882812 2.80938306206953e-05
21725.5004882812 1.43783599081751e-05
21735.5004882813 2.31633947201896e-05
21745.5004882812 2.18679816505241e-05
21755.5004882812 1.82711620685203e-05
21765.5004882812 1.55312716953101e-05
21775.5004882813 2.10119588171489e-05
21785.5004882812 2.03490199599569e-05
21795.5004882812 2.19406249395379e-05
21805.5004882812 1.90987763704872e-05
21815.5004882813 2.01043730012599e-05
21825.5004882812 1.77437385502745e-05
21835.5004882812 1.95692422932177e-05
21845.5004882812 2.28473787453684e-05
21855.5004882813 2.37855643023498e-05
21865.5004882812 1.4007237880315e-05
21875.5004882812 1.67649172577003e-05
21885.5004882812 2.15776492303211e-05
21895.5004882813 2.25344911974101e-05
21905.5004882812 1.73314099112776e-05
21915.5004882812 1.97635352014105e-05
21925.5004882812 2.21825452235065e-05
21935.5004882813 2.31177990632536e-05
21945.5004882812 1.90786262681924e-05
21955.5004882812 1.68233017118855e-05
21965.5004882812 1.94603432247705e-05
21975.5004882813 1.84983070847349e-05
21985.5004882812 2.12483952187184e-05
21995.5004882812 1.90214418268543e-05
22005.5004882812 2.97910216189964e-05
22015.5004882813 2.25045032960605e-05
22025.5004882812 3.24711324673991e-05
22035.5004882812 1.7370450940468e-05
22045.5004882812 2.48661728557238e-05
22055.5004882813 2.80483946487757e-05
22065.5004882812 2.46686606281709e-05
22075.5004882812 2.55812262761334e-05
22085.5004882812 2.80510832606896e-05
22095.5004882812 1.90520167783002e-05
22105.5004882812 2.55276725717628e-05
22115.5004882812 3.2413433485899e-05
22125.5004882812 2.86915014151427e-05
22135.5004882812 2.71042226947575e-05
22145.5004882812 2.84307094917077e-05
22155.5004882812 2.56992510822519e-05
22165.5004882812 2.73291710624311e-05
22175.5004882812 2.10814861483456e-05
22185.5004882812 3.12307646888574e-05
22195.5004882812 2.80940019836718e-05
22205.5004882812 2.22187657947468e-05
22215.5004882812 2.66309395932722e-05
22225.5004882812 2.67711240326552e-05
22235.5004882812 3.32860723101231e-05
22245.5004882812 2.4356282459133e-05
22255.5004882812 3.01306108035383e-05
22265.5004882812 2.54457357396337e-05
22275.5004882812 2.76123631023102e-05
22285.5004882812 2.46806225782261e-05
22295.5004882812 2.39915500611519e-05
22305.5004882812 3.53555595915383e-05
22315.5004882812 2.9320924643951e-05
22325.5004882812 2.64029732823851e-05
22335.5004882812 3.20268646106791e-05
22345.5004882812 2.28334239077952e-05
22355.5004882812 3.23098651589856e-05
22365.5004882812 3.73582302309813e-05
22375.5004882812 2.79489420196852e-05
22385.5004882812 2.89938544113807e-05
22395.5004882812 3.95760290366265e-05
22405.5004882812 2.9873724597162e-05
22415.5004882812 3.22771476549442e-05
22425.5004882812 3.83175393634064e-05
22435.5004882812 3.29366385730681e-05
22445.5004882812 3.79453193522428e-05
22455.5004882812 4.0802825624716e-05
22465.5004882812 3.40713945188662e-05
22475.5004882812 3.080184495597e-05
22485.5004882812 3.77792156229769e-05
22495.5004882812 3.04294443009534e-05
22505.5004882812 3.91919670857764e-05
22515.5004882812 3.10614369432512e-05
22525.5004882812 3.35236859795796e-05
22535.5004882812 4.01585254946396e-05
22545.5004882812 3.05764033702873e-05
22555.5004882812 3.95349164097932e-05
22565.5004882812 4.52166262197274e-05
22575.5004882812 4.63556153685426e-05
22585.5004882812 2.88017170108392e-05
22595.5004882812 3.37916054956187e-05
22605.5004882812 4.04179592780666e-05
22615.5004882812 4.14087663698261e-05
22625.5004882812 2.88257050959811e-05
22635.5004882812 3.69084478325662e-05
22645.5004882812 4.00467981493886e-05
22655.5004882812 3.47255071245708e-05
22665.5004882812 3.60404959436855e-05
22675.5004882812 3.93591277626355e-05
22685.5004882812 3.46736304055296e-05
22695.5004882812 3.06977689544583e-05
22705.5004882812 2.77530538539737e-05
22715.5004882812 3.8903474964966e-05
22725.5004882812 4.04660367160893e-05
22735.5004882812 2.92831591290363e-05
22745.5004882812 3.33770296049119e-05
22755.5004882812 2.95891418584835e-05
22765.5004882812 2.65044026906454e-05
22775.5004882812 3.88883716830221e-05
22785.5004882812 2.40441846567514e-05
22795.5004882812 2.90986343589974e-05
22805.5004882812 2.72872489940013e-05
22815.5004882812 2.74448824362668e-05
22825.5004882812 2.43075977665842e-05
22835.5004882812 2.62964943912692e-05
22845.5004882812 2.09354625497114e-05
22855.5004882812 2.3153631506465e-05
22865.5004882812 1.88264624353594e-05
22875.5004882812 2.59808851750522e-05
22885.5004882812 2.47274674206392e-05
22895.5004882812 2.09083227277015e-05
22905.5004882813 2.06770240843259e-05
22915.5004882812 1.87064033396649e-05
22925.5004882812 2.10944492094111e-05
22935.5004882812 2.16784928731239e-05
22945.5004882813 1.9227732703999e-05
22955.5004882812 1.86927989525201e-05
22965.5004882812 1.99762706086507e-05
22975.5004882812 1.69872461068692e-05
22985.5004882813 1.79719915112043e-05
22995.5004882812 1.61787813027715e-05
23005.5004882812 1.88098978023134e-05
23015.5004882812 1.51001505271351e-05
23025.5004882813 1.63840916304496e-05
23035.5004882812 1.60140625922961e-05
23045.5004882812 1.56870514651961e-05
23055.5004882812 1.24444761189235e-05
23065.5004882813 1.61626764964536e-05
23075.5004882812 1.48506361426586e-05
23085.5004882812 1.49038492071343e-05
23095.5004882812 1.36441151855859e-05
23105.5004882813 1.50788103053026e-05
23115.5004882812 1.35111045347278e-05
23125.5004882812 9.57248637722844e-06
23135.5004882812 1.30277240277514e-05
23145.5004882813 1.35960000128732e-05
23155.5004882812 1.03959193501035e-05
23165.5004882812 1.08683026944088e-05
23175.5004882812 1.27509660475046e-05
23185.5004882813 1.05186175204574e-05
23195.5004882812 1.06033847983621e-05
23205.5004882812 1.06610589009687e-05
23215.5004882812 1.30931939795939e-05
23225.5004882813 8.70032719653866e-06
23235.5004882812 9.89878362308009e-06
23245.5004882812 9.93390522739616e-06
23255.5004882812 9.68966679522285e-06
23265.5004882813 8.84409935511422e-06
23275.5004882812 7.89077090751295e-06
23285.5004882812 8.16014429687816e-06
23295.5004882812 7.89102826359074e-06
23305.5004882813 8.86488082908272e-06
23315.5004882812 7.14366222909377e-06
23325.5004882812 7.32505507984053e-06
23335.5004882812 6.71418204943083e-06
23345.5004882812 6.38902038116431e-06
23355.5004882812 5.64729310274794e-06
23365.5004882812 6.70358020287223e-06
23375.5004882812 6.25512446882302e-06
23385.5004882812 5.79793506484748e-06
23395.5004882812 4.62833466359586e-06
23405.5004882812 4.96640174101232e-06
23415.5004882812 5.60997413308076e-06
23425.5004882812 5.05709912105311e-06
23435.5004882812 4.30961116476868e-06
23445.5004882812 5.45659131441971e-06
23455.5004882812 5.37713888828319e-06
23465.5004882812 5.23611746367733e-06
23475.5004882812 5.1351488117015e-06
23485.5004882812 6.07766046548101e-06
23495.5004882812 4.84518293974465e-06
23505.5004882812 4.1505132089952e-06
23515.5004882812 5.99547901358655e-06
23525.5004882812 5.53869395860554e-06
23535.5004882812 6.16712170467762e-06
23545.5004882812 4.25446735522877e-06
23555.5004882812 5.25684740738604e-06
23565.5004882812 4.89146849225299e-06
23575.5004882812 4.74496523364385e-06
23585.5004882812 5.44106965421333e-06
23595.5004882812 5.09416710481048e-06
23605.5004882812 4.61791693492856e-06
23615.5004882812 4.67239984440219e-06
23625.5004882812 4.25568329318023e-06
23635.5004882812 4.21931870660085e-06
23645.5004882812 4.0384390123599e-06
23655.5004882812 3.43991503165437e-06
23665.5004882812 3.27418817062029e-06
23675.5004882812 3.12035042111455e-06
23685.5004882812 2.97530468305279e-06
23695.5004882812 2.66918261938198e-06
23705.5004882812 2.32696218357033e-06
23715.5004882812 2.02829986959904e-06
23725.5004882812 1.84916868993434e-06
23735.5004882812 1.56086930072995e-06
23745.5004882812 1.30680278008778e-06
23755.5004882812 1.63047957420783e-06
23765.5004882812 1.54247761846666e-06
23775.5004882812 1.48711043406148e-06
23785.5004882812 1.49032858362406e-06
23795.5004882812 1.52328902470272e-06
23805.5004882812 1.54434178659985e-06
23815.5004882812 1.39002476747971e-06
23825.5004882812 1.35488188178007e-06
23835.5004882812 1.25126042471629e-06
23845.5004882812 1.22417826379661e-06
23855.5004882812 1.18221609413296e-06
23865.5004882812 1.12641626759781e-06
23875.5004882812 1.12612724120528e-06
23885.5004882812 1.07597256361342e-06
23895.5004882812 1.01332732568185e-06
23905.5004882812 9.85509594309192e-07
23915.5004882812 9.39173697977e-07
23925.5004882812 9.32844217990788e-07
23935.5004882812 8.79437272873225e-07
23945.5004882812 8.56550715994574e-07
23955.5004882812 7.62311895613447e-07
23965.5004882812 7.36428524899381e-07
23975.5004882812 7.45259499504775e-07
23985.5004882812 6.97394120831869e-07
23995.5004882812 6.27746812357558e-07
24005.5004882812 6.24464157262335e-07
24015.5004882812 5.62138913520117e-07
24025.5004882812 5.49200359845244e-07
24035.5004882812 4.91486957616885e-07
24045.5004882812 4.53866116191721e-07
24055.5004882812 4.31082186098809e-07
24065.5004882812 4.09391793426707e-07
24075.5004882812 3.49725276810882e-07
24085.5004882812 3.36718161809284e-07
24095.5004882812 3.07995427080611e-07
24105.5004882812 2.73075219749359e-07
24115.5004882812 2.5323873797581e-07
24125.5004882812 2.28681069605991e-07
24135.5004882812 1.99689431563399e-07
24145.5004882812 1.81816602531182e-07
24155.5004882813 1.63544865356712e-07
24165.5004882812 1.46396566095469e-07
24175.5004882812 1.31436242746449e-07
24185.5004882812 1.20003496427338e-07
24195.5004882813 1.07117772722045e-07
24205.5004882812 9.5314983360054e-08
24215.5004882812 8.63616569421204e-08
24225.5004882812 7.72675088711401e-08
24235.5004882813 6.93522975129417e-08
24245.5004882812 6.23038138293323e-08
24255.5004882812 5.64816872641338e-08
24265.5004882812 5.1790512239657e-08
24275.5004882813 4.74260887163222e-08
24285.5004882812 4.32413992854137e-08
24295.5004882812 3.8115832596622e-08
24305.5004882812 3.67542144613454e-08
24315.5004882813 3.2658752192097e-08
24325.5004882812 2.99081794111761e-08
24335.5004882812 2.7941085363065e-08
24345.5004882812 2.54039381730385e-08
24355.5004882813 2.34744993786074e-08
24365.5004882812 2.11493298803518e-08
24375.5004882812 1.98660625776319e-08
24385.5004882812 1.80994571742623e-08
24395.5004882813 1.63806242928784e-08
24405.5004882812 1.52354377810399e-08
24415.5004882812 1.36872043074004e-08
24425.5004882812 1.27170952676089e-08
24435.5004882813 1.11983269018696e-08
24445.5004882812 1.04640300744242e-08
24455.5004882812 9.25909770273075e-09
24465.5004882812 8.48864124392777e-09
24475.5004882813 7.71071619056295e-09
24485.5004882812 6.76789587165082e-09
24495.5004882812 6.16087399528046e-09
24505.5004882812 5.76679857018667e-09
24515.5004882813 5.43299251865151e-09
24525.5004882812 4.96611258494851e-09
24535.5004882812 4.47919489130095e-09
24545.5004882812 4.09984660375542e-09
24555.5004882813 3.86933064908547e-09
24565.5004882812 3.43731018977446e-09
24575.5004882812 3.22829079032876e-09
24585.5004882812 3.00860976766652e-09
24595.5004882812 2.71531264687864e-09
24605.5004882812 2.54740239721448e-09
24615.5004882812 2.32898130058828e-09
24625.5004882812 2.15945774799557e-09
24635.5004882812 1.98607112542124e-09
24645.5004882812 1.84576501147732e-09
24655.5004882812 1.74509465227822e-09
24665.5004882812 1.60933799545105e-09
24675.5004882812 1.50955831183004e-09
24685.5004882812 1.41219515940251e-09
24695.5004882812 1.29568163882107e-09
24705.5004882812 1.20648431832764e-09
24715.5004882812 1.1492268522325e-09
24725.5004882812 1.06358189412606e-09
24735.5004882812 1.00021661683733e-09
24745.5004882812 9.45237508996441e-10
24755.5004882812 8.80447256823696e-10
24765.5004882812 8.42560150734258e-10
24775.5004882812 7.94923158782996e-10
24785.5004882812 7.55230636617101e-10
24795.5004882812 7.17537860923294e-10
24805.5004882812 6.82710649551209e-10
24815.5004882812 6.57344353288693e-10
24825.5004882812 6.23692694309797e-10
24835.5004882812 5.89973066647042e-10
24845.5004882812 5.68730988469777e-10
24855.5004882812 5.54078807798898e-10
24865.5004882812 5.28128623475504e-10
24875.5004882812 5.07302150272501e-10
24885.5004882812 4.9452372919388e-10
24895.5004882812 4.82476864370273e-10
24905.5004882812 4.64202710360271e-10
24915.5004882812 4.47669971195107e-10
24925.5004882812 4.36053348075392e-10
24935.5004882812 4.22591127040828e-10
24945.5004882812 4.05692942913109e-10
24955.5004882812 3.96634550146073e-10
24965.5004882812 3.83772543321395e-10
24975.5004882812 3.7292107660117e-10
24985.5004882812 3.62600785779787e-10
24995.5004882812 3.53202726508684e-10
25005.5004882812 3.4569097163795e-10
25015.5004882812 3.33660896539461e-10
25025.5004882812 3.26826844755586e-10
25035.5004882812 3.18422754854061e-10
25045.5004882812 3.10827286823544e-10
25055.5004882812 3.02941889979035e-10
25065.5004882812 2.93656781505558e-10
25075.5004882812 2.87344726593082e-10
25085.5004882812 2.7959836119391e-10
25095.5004882812 2.7167154137676e-10
25105.5004882812 2.63751245290141e-10
25115.5004882812 2.56191888088251e-10
25125.5004882812 2.49395808959279e-10
25135.5004882812 2.40254972480676e-10
25145.5004882812 2.32250451357096e-10
25155.5004882812 2.24173954068424e-10
25165.5004882812 2.16111814996247e-10
25175.5004882812 2.0852493583896e-10
25185.5004882812 2.00472522535978e-10
25195.5004882812 1.92130341560278e-10
25205.5004882812 1.84059580379511e-10
25215.5004882812 1.7672535725582e-10
25225.5004882812 1.69206921633153e-10
25235.5004882812 1.60733890316207e-10
25245.5004882812 1.53226487392826e-10
25255.5004882812 1.45972488916057e-10
25265.5004882812 1.38818607604032e-10
25275.5004882812 1.31688995686204e-10
25285.5004882812 1.24695629824322e-10
25295.5004882812 1.18154395272376e-10
25305.5004882812 1.11617344862021e-10
25315.5004882812 1.06348524562705e-10
25325.5004882812 1.00525784358705e-10
25335.5004882812 9.50986995554113e-11
25345.5004882812 9.02375311200575e-11
25355.5004882812 8.56594789424933e-11
25365.5004882812 8.15132688530603e-11
25375.5004882812 7.76209077042553e-11
25385.5004882812 7.41409325239204e-11
25395.5004882812 7.11544073245663e-11
25405.5004882813 6.76330881448476e-11
25415.5004882812 6.4743789511863e-11
25425.5004882812 6.1060639110415e-11
25435.5004882812 5.83879825616981e-11
25445.5004882813 5.56855503979584e-11
25455.5004882812 5.33410662595488e-11
25465.5004882812 5.10778927422232e-11
25475.5004882812 4.9360060759454e-11
25485.5004882813 4.77603948210067e-11
25495.5004882812 4.5527518232853e-11
25505.5004882812 4.40467103304892e-11
25515.5004882812 4.27930001922766e-11
25525.5004882813 4.13897872369455e-11
25535.5004882812 4.01530633158839e-11
25545.5004882812 3.90654250282876e-11
25555.5004882812 3.76208025561563e-11
25565.5004882813 3.65119876269273e-11
25575.5004882812 3.53462480724027e-11
25585.5004882812 3.43627347875093e-11
25595.5004882812 3.33762105788492e-11
25605.5004882813 3.25522954296924e-11
25615.5004882812 3.09763311352266e-11
25625.5004882812 2.98989053777548e-11
25635.5004882812 2.84239714794002e-11
25645.5004882813 2.73520252991868e-11
25655.5004882812 2.58853904925413e-11
25665.5004882812 2.46573473226213e-11
25675.5004882812 2.32535454444541e-11
25685.5004882813 2.1682391450184e-11
25695.5004882812 2.03736895101276e-11
25705.5004882812 1.87510382446073e-11
25715.5004882812 1.74665105048642e-11
25725.5004882813 1.61049498163828e-11
25735.5004882812 1.47086792097991e-11
25745.5004882812 1.34337776169263e-11
25755.5004882812 1.21663892652434e-11
25765.5004882813 1.10027957822532e-11
25775.5004882812 9.86169392645638e-12
25785.5004882812 8.80629779227209e-12
25795.5004882812 7.80761685534701e-12
25805.5004882813 6.99804626423867e-12
25815.5004882812 6.1428669190308e-12
25825.5004882812 5.4027264805475e-12
25835.5004882812 4.72187228407087e-12
25845.5004882812 4.13739638052741e-12
25855.5004882812 3.58339030899248e-12
25865.5004882812 3.09267149552133e-12
25875.5004882812 2.69707015082537e-12
25885.5004882812 2.32075933471461e-12
25895.5004882812 2.01621684520934e-12
25905.5004882812 1.73268072353872e-12
25915.5004882812 1.4816689206007e-12
25925.5004882812 1.28225514758773e-12
25935.5004882812 1.10191373778188e-12
25945.5004882812 9.40768219968549e-13
25955.5004882812 8.1504888849759e-13
25965.5004882812 6.99512323119512e-13
25975.5004882812 6.05792498000247e-13
25985.5004882812 5.29262449618191e-13
