"wave" "response"
5500 3.68964106709246e-06
5510 3.6344870598683e-06
5520 4.51230785942538e-06
5530 5.44930666529146e-06
5540 6.11693754115675e-06
5550 6.52930857521859e-06
5560 6.57307844553114e-06
5570 6.95938029701712e-06
5580 6.85942856384363e-06
5590 6.26486408974439e-06
5600 6.73820512372985e-06
5610 7.34274843166965e-06
5620 7.21475158902552e-06
5630 6.87748730919984e-06
5640 7.16014618719235e-06
5650 7.33569457068436e-06
5660 7.41619541351367e-06
5670 7.03261456192856e-06
5680 7.01365357898042e-06
5690 7.07194114159859e-06
5700 6.78912553400903e-06
5710 7.03916933145203e-06
5720 8.27899875311569e-06
5730 9.84189639473079e-06
5740 1.07639859491579e-05
5750 1.23276555108462e-05
5760 1.55928862476433e-05
5770 1.9140110630377e-05
5780 2.1888712584451e-05
5790 2.5074986256886e-05
5800 2.97413862847003e-05
5810 3.68612690562405e-05
5820 4.75907722345091e-05
5830 6.691043636554e-05
5840 0.00011185614626822
5850 0.000218068529584922
5860 0.000387980643683421
5870 0.000503673242655008
5880 0.00045760417591415
5890 0.000291910261655766
5900 0.000150717910912889
5910 8.29174019568102e-05
5920 5.63770834704165e-05
5930 4.2164914970868e-05
5940 3.43343383849302e-05
5950 3.29922557602404e-05
5960 3.04397499216036e-05
5970 3.0857611184101e-05
5980 3.31372057081066e-05
5990 3.41312085002187e-05
6000 3.6689878195853e-05
6010 4.09847897338528e-05
6020 4.77873761152181e-05
6030 5.84520098367769e-05
6040 7.13273957144696e-05
6050 8.30563278403344e-05
6060 9.56807833366087e-05
6070 0.000107170579169898
6080 0.000110593038546262
6090 0.000107095216128713
6100 9.89216572869774e-05
6110 8.77074810774373e-05
6120 7.4434444303923e-05
6130 6.33362915283427e-05
6140 5.42927364761807e-05
6150 4.87714083649094e-05
6160 4.42121805697372e-05
6170 4.18467239080901e-05
6180 4.15354006783717e-05
6190 3.89073622941602e-05
6200 3.62719687378624e-05
6210 3.46329774184651e-05
6220 3.88271496189792e-05
6230 4.1884430277261e-05
6240 4.66959078947507e-05
6250 5.55332486877848e-05
6260 6.86505107224019e-05
6270 8.97328334323563e-05
6280 0.000125956959015027
6290 0.000185482326335414
6300 0.000277151782113981
6310 0.000391986774557125
6320 0.000476903008275322
6330 0.000482249948495028
6340 0.000410762549687685
6350 0.000319345174413654
6360 0.000248165239866288
6370 0.000206995554571455
6380 0.000186489436595143
6390 0.000180559404506255
6400 0.000190849560748288
6410 0.000211184021435944
6420 0.000240366946202679
6430 0.000270792267804127
6440 0.00029554768243498
6450 0.000299308252225516
6460 0.000273165122196018
6470 0.00022801271549897
6480 0.000178768144531165
6490 0.000142082053259428
6500 0.000115599467873494
6510 9.52885458119641e-05
6520 8.23489820774859e-05
6530 7.93648328328213e-05
6540 7.85766766405331e-05
6550 8.10017118367315e-05
6560 8.76932716218607e-05
6570 0.000103140552334781
6580 0.000121744147418858
6590 0.000146797327289553
6600 0.000177152951163921
6610 0.000208170204112694
6620 0.00021974110581606
6630 0.000209443382587331
6640 0.000187596690731754
6650 0.000164895123655084
6660 0.000141898204682401
6670 0.000122266625560328
6680 0.000113111228171955
6690 0.000108286592324581
6700 0.000107180741901305
6710 0.000108016091552675
6720 0.000119769589248326
6730 0.000138915689037136
6740 0.000164943457533788
6750 0.000189367293692542
6760 0.000213121450241417
6770 0.000227813737206114
6780 0.000233132432117624
6790 0.000222967871628519
6800 0.000199271870369
6810 0.000165649332407813
6820 0.000139814852855194
6830 0.000130415849761618
6840 0.000126065458257078
6850 0.00012099711662054
6860 0.000117240363287504
6870 0.000120684471163162
6880 0.000127178050173234
6890 0.000132044055339768
6900 0.000141997315558236
6910 0.000151544641573333
6920 0.000152465498493409
6930 0.000145034991899488
6940 0.000134395703284862
6950 0.00012087827530116
6960 0.000103619621561111
6970 9.15901477187713e-05
6980 8.372018212838e-05
6990 7.76978400373122e-05
7000 7.20748188437271e-05
7010 6.55210964963723e-05
7020 6.20924665106252e-05
7030 6.54906134311711e-05
7040 7.57907113118053e-05
7050 8.84374617231167e-05
7060 0.000104494356765481
7070 0.000122652522594153
7080 0.000145831257864337
7090 0.000184353902600288
7100 0.000256159094944156
7110 0.000375542449583052
7120 0.0005549748931979
7130 0.00080013929400203
7140 0.0011298575559013
7150 0.00146824674711615
7160 0.00166747361924651
7170 0.00157113857584872
7180 0.0012646549668618
7190 0.000920739234503027
7200 0.000649658330409431
7210 0.00044814548673632
7220 0.000309139423598769
7230 0.000229098645052294
7240 0.000167418321249282
7250 0.000127386721859015
7260 0.000101875102267652
7270 8.5808260581543e-05
7280 6.92244522043787e-05
7290 5.35303393696667e-05
7300 4.89593937290059e-05
7310 4.6549574590468e-05
7320 4.39989482661866e-05
7330 4.02198891292265e-05
7340 4.42343392195881e-05
7350 4.59809926125425e-05
7360 4.15039652954644e-05
7370 4.35973102684032e-05
7380 5.34460302018951e-05
7390 6.73446120080459e-05
7400 7.39882480526522e-05
7410 9.24318826076274e-05
7420 0.000121848614525041
7430 0.000175476091428747
7440 0.000261824458432543
7450 0.000397900338276174
7460 0.000593931346548776
7470 0.000852196320553258
7480 0.00111914512215754
7490 0.00131315827453296
7500 0.0013924125883546
7510 0.0014446183415241
7520 0.00169205601826689
7530 0.00228419681601485
7540 0.00294543835648398
7550 0.00293889446522646
7560 0.00208186436802491
7570 0.00102604957388313
7580 0.000421280642316616
7590 0.000206825399701668
7600 0.000117793855032129
7610 6.65338931322819e-05
7620 3.9788819759654e-05
7630 3.23046697285961e-05
7640 2.24152111167768e-05
7650 1.26307422405513e-05
7660 1.21486229194429e-05
7670 1.29687103164608e-05
7680 1.27080080159922e-05
7690 8.70265909255777e-06
7700 9.0415549684908e-06
7710 7.55094098387864e-06
7720 9.53453327236892e-06
7730 9.2163840815345e-06
7740 4.1479691419598e-06
7750 5.42335336376382e-06
7760 7.84536844583834e-06
7770 1.42996150049989e-05
7780 5.55965050902618e-06
7790 6.4590413921225e-06
7800 9.03002335846587e-06
7810 1.3342628214622e-05
7820 7.59460921341272e-06
7830 1.46738074738648e-05
7840 1.46821904709047e-05
7850 1.13376614257488e-05
7860 9.771201809586e-06
7870 1.52379092187507e-05
7880 2.36668584824305e-05
7890 4.37857339930126e-05
7900 8.57230563426041e-05
7910 0.000130490017471525
7920 0.000151119374867995
7930 0.000124135387959474
7940 8.2569664897777e-05
7950 5.55339190094272e-05
7960 4.09733784423893e-05
7970 0
7980 0.00029186558105184
7990 0.000850330145079753
8000 0.0018063045407392
8010 0.00133116938945862
8020 0.00197909036935538
8030 0.00177799998466296
8040 0.00181480620135067
8050 0.000380889344163379
8060 0.000146492414857631
8070 0.000662965738248385
8080 0.00151260064110565
8090 0.00167701121413596
8100 0.000816682587937763
8110 0.00103554425282976
8120 0.000965243996462231
8130 0.00140373016237289
8140 0.00133714226131181
8150 0.00149352026970646
8160 0.00104544952951559
8170 0.00117343248006681
8180 0.00109038218397236
8190 0.000879417473074705
8200 0.00121832558640394
8210 0.00197707016025735
8220 0.00165345590407193
8230 0.000493951715775177
8240 0
8250 0.000208813420945714
8260 0.00131080146068593
8270 0.00161880640593227
8280 0.000722838668517538
8290 4.49364916299773e-06
8300 0.000468910307260372
8310 0.000902428313644734
8320 0.00116244234378873
8330 0.00102063072246392
8340 0.000994925678899253
8350 0.00090604902685829
8360 0.000963509030216486
8370 0.000895772412719931
8380 0.00111970925387374
8390 0.00115707503801833
8400 0.000932305972596396
8410 0.000760007260308154
8420 0.000913451852021775
8430 0.000801440707673243
8440 0.000689546794691822
8450 0.000622444726491264
8460 0.000778531703743661
8470 0.00107447981373107
8480 0.00118640608907645
8490 0.000877189372270243
8500 0.000765631163409847
8510 0.000982883201098198
8520 0.00113681329684225
8530 0.00115878584142245
8540 0.00134827556795587
8550 0.000902388197990635
8560 0.000506396416579655
8570 0.000315553347899308
8580 0.000815247492114218
8590 0.00101903772520276
8600 0.00137283120126241
8610 0.000901985747413814
8620 0.000720745413365917
8630 0.000504378398501572
8640 0.000926553176531953
8650 0.000980124938802897
8660 0.0010939599660009
8670 0.000621483239755215
8680 0.000758471115512545
8690 0.00101932143890715
8700 0.00122124937609858
8710 0.000965113402755949
8720 0.00109004622814316
8730 0.00109399193049366
8740 0.000948396071406797
8750 0.000937126684919706
8760 0.00104301920138062
8770 0.00106930841746701
8780 0.0010045508386354
8790 0.000962903341415118
8800 0.000872204813467095
8810 0.000755657751590866
8820 0.000731746474966827
8830 0.000773009891784228
8840 0.000691591225515632
8850 0.000566888287566263
8860 0.000632723026023555
8870 0.000789711189219605
8880 0.000684816698786147
8890 0.000563760837161046
8900 0.000721435289267259
8910 0.000836558713115313
8920 0.000815183155043726
8930 0.000855227880758744
8940 0.000951838594879846
8950 0.000978079047118415
8960 0.000969153673746264
8970 0.000917069856808929
8980 0.000897164728334447
8990 0.000900367219718779
9000 0.000953083152954727
9010 0.00105355579774062
9020 0.00108679026895911
9030 0.00105359291169626
9040 0.00100616264872607
9050 0.000998274688489657
9060 0.00088470073704859
9070 0.000765414424241582
9080 0.000787946958849515
9090 0.000842421275606438
9100 0.00077314436050731
9110 0.000652643812076139
9120 0.00067705890008264
9130 0.000803859829146268
9140 0.000771416464307292
9150 0.000672756403530932
9160 0.000539715149084392
9170 0.000429090296033378
9180 0.000443783824501298
9190 0.000566319684511043
9200 0.000641203744028242
9210 0.000603462667352946
9220 0.000571418011601168
9230 0.000647327210072414
9240 0.000766053816117707
9250 0.000853316815249589
9260 0.000861670358020428
9270 0.000987577992794462
9280 0.00112446653577632
9290 0.00124342879142212
9300 0.00127514747508836
9310 0.0013639782104149
9320 0.00154039902561211
9330 0.00170559055738253
9340 0.00178869246873531
9350 0.00183499603372286
9360 0.00193461705845099
9370 0.00205859350885988
9380 0.0021573153836729
9390 0.00223874380554309
9400 0.00226786811617733
9410 0.00226866861877467
9420 0.00227155982202759
9430 0.0023100139533686
9440 0.0022751232782643
9450 0.00223144328415813
9460 0.00217542726405961
9470 0.00210915145062227
9480 0.00201797205205282
9490 0.00194134638456609
9500 0.00185740282210698
9510 0.00176653591241722
9520 0.00171605495314896
9530 0.0016482535093228
9540 0.0015463332383958
9550 0.00148429137812634
9560 0.00144582769253022
9570 0.00139829497842889
9580 0.00135043992274295
9590 0.00134237878000041
9600 0.00133296007343374
9610 0.00136752932981907
9620 0.00145438872078893
9630 0.0015618544394135
9640 0.00162517677481425
9650 0.00174067375222798
9660 0.00191210702881804
9670 0.00211780859171285
9680 0.00233937832011671
9690 0.00263663300241984
9700 0.00305437040868021
9710 0.00352707073500094
9720 0.00408592604237517
9730 0.00478280611143166
9740 0.00564693806541024
9750 0.00662464947053477
9760 0.00787899503384515
9770 0.0093606642909178
9780 0.0111270645331307
9790 0.0131483546018301
9800 0.0157258302817494
9810 0.0185515961617539
9820 0.0218960460422355
9830 0.0256667381226521
9840 0.0299525839858553
9850 0.0350523183049105
9860 0.0404009642643126
9870 0.0462096276418116
9880 0.05239037478358
9890 0.0597453948223372
9900 0.0674260799413818
9910 0.075345903957909
9920 0.0847337141628409
9930 0.0937999145541586
9940 0.102863079664068
9950 0.11180146794022
9960 0.122666559920648
9970 0.133355312800802
9980 0.144136341659369
9990 0.154884438931858
10000 0.164668676602159
10010 0.174201386902635
10020 0.183834273094493
10030 0.193596227931332
10040 0.203386526727076
10050 0.212137863444445
10060 0.220219885358133
10070 0.226665625392085
10080 0.233667303969646
10090 0.240027666241936
10100 0.246148004944258
10110 0.252516530458621
10120 0.258666161990861
10130 0.263874265941387
10140 0.268394776025231
10150 0.272745308641402
10160 0.275612068307799
10170 0.278584233568692
10180 0.282135031530919
10190 0.285799527261898
10200 0.289155664931564
10210 0.292236716762723
10220 0.295182360042174
10230 0.29647419467309
10240 0.298148761136855
10250 0.298928940515027
10260 0.299813847928277
10270 0.300841832605909
10280 0.302430811678632
10290 0.304140511708588
10300 0.304930124827921
10310 0.305734709866751
10320 0.306568693031573
10330 0.306935534908137
10340 0.30767097520464
10350 0.308227486255215
10360 0.308955911136256
10370 0.310140470040988
10380 0.310529076692767
10390 0.310790809808737
10400 0.309972241447551
10410 0.310106603345284
10420 0.31003727430417
10430 0.311025247414163
10440 0.311955248068674
10450 0.312692934305597
10460 0.312475861440172
10470 0.312511617627555
10480 0.313548600323426
10490 0.31343295582844
10500 0.313093220178346
10510 0.313344577253085
10520 0.314730370049204
10530 0.315793738225992
10540 0.315867033819343
10550 0.31601459532942
10560 0.314750996960883
10570 0.314056177719403
10580 0.313780020622007
10590 0.314174481097185
10600 0.315079414410124
10610 0.315414041030085
10620 0.316363915913288
10630 0.316826387583016
10640 0.317492372838491
10650 0.317466130141944
10660 0.318531797500564
10670 0.319483828458898
10680 0.320599748461353
10690 0.321657006885157
10700 0.321309199444943
10710 0.321185263493565
10720 0.32188350576105
10730 0.322404974383108
10740 0.322989976052025
10750 0.323847442282463
10760 0.325817767269283
10770 0.32657504748358
10780 0.327171101505761
10790 0.328549058294588
10800 0.329246538122326
10810 0.329796616589285
10820 0.330388468795289
10830 0.330745426067291
10840 0.331033192027447
10850 0.331897352474434
10860 0.333218777679961
10870 0.334566395447137
10880 0.334652054512715
10890 0.334452365973166
10900 0.334219923506477
10910 0.334966237406282
10920 0.336972320021874
10930 0.338273320748723
10940 0.33878966622505
10950 0.338133609915318
10960 0.338251023449073
10970 0.338389768473689
10980 0.338669747143756
10990 0.339074040047379
11000 0.339744121982037
11010 0.340528795000025
11020 0.340600703469381
11030 0.340363616821727
11040 0.340770326804756
11050 0.340651202259104
11060 0.340412697973801
11070 0.340478646673316
11080 0.342041120763368
11090 0.341753993924724
11100 0.341413169737656
11110 0.341551752126136
11120 0.342002535207384
11130 0.341745639072281
11140 0.34176315751315
11150 0.342839461761138
11160 0.343468094304699
11170 0.343719978140931
11180 0.344347880123611
11190 0.344607402587669
11200 0.344039982999295
11210 0.343034105682211
11220 0.343162327740472
11230 0.342818026663751
11240 0.343051738666155
11250 0.344512322590043
11260 0.345854562387526
11270 0.345727161945929
11280 0.345241481180486
11290 0.345125702797025
11300 0.346661386508888
11310 0.348073787521561
11320 0.349181212460337
11330 0.3490350474259
11340 0.349228234485219
11350 0.349663560470218
11360 0.350149960855266
11370 0.350628693937278
11380 0.351497035513741
11390 0.351410069108797
11400 0.352073961757895
11410 0.353706765296425
11420 0.355340143474776
11430 0.355815726113899
11440 0.355265056881799
11450 0.355191906561989
11460 0.355428031033034
11470 0.356705343309365
11480 0.358345953405507
11490 0.358375758863852
11500 0.358400990591869
11510 0.358469542347503
11520 0.359592311234921
11530 0.359778050844778
11540 0.359897525368638
11550 0.360718202454082
11560 0.360914683942444
11570 0.362167642144432
11580 0.362910147656003
11590 0.363552238215581
11600 0.363355592138185
11610 0.362882846700266
11620 0.363362766205451
11630 0.364128528181466
11640 0.36507254723096
11650 0.365389930805446
11660 0.365272086451289
11670 0.364881701427149
11680 0.364539876693653
11690 0.364242315085847
11700 0.363703885575909
11710 0.363283340845367
11720 0.362486541860724
11730 0.362395934926755
11740 0.36172278363317
11750 0.361389587469099
11760 0.359240976160213
11770 0.35714789795882
11780 0.354880364485998
11790 0.352094070125364
11800 0.349005164649685
11810 0.345547816797912
11820 0.341468763967709
11830 0.335536107767561
11840 0.327882023207999
11850 0.32041427179078
11860 0.311940413124075
11870 0.302452425211916
11880 0.291801940320903
11890 0.281742002143068
11900 0.272263649111778
11910 0.261558774584266
11920 0.2506114894484
11930 0.240451837445591
11940 0.23123835935605
11950 0.223379016723269
11960 0.217038274352533
11970 0.212545450916281
11980 0.21110910989263
11990 0.211979494085171
12000 0.213660052436374
12010 0.216551593379565
12020 0.221341200172525
12030 0.228325392839381
12040 0.236530025502869
12050 0.245486420552809
12060 0.255864333883174
12070 0.266552330092733
12080 0.27732869261807
12090 0.288727566227656
12100 0.301092279824991
12110 0.312434853106984
12120 0.322436258147272
12130 0.332240597343121
12140 0.340878602839062
12150 0.348122808932736
12160 0.354135260920221
12170 0.359986025052401
12180 0.365442521758791
12190 0.369612536895186
12200 0.372129689067844
12210 0.373490426858791
12220 0.37528100154809
12230 0.376748274457136
12240 0.377040819269043
12250 0.377276597694554
12260 0.377871730393765
12270 0.378641648999203
12280 0.378908196334543
12290 0.37878329184974
12300 0.37816925352108
12310 0.377521903736611
12320 0.377823171721006
12330 0.37850378345198
12340 0.378995817521343
12350 0.378930788788812
12360 0.378822318603017
12370 0.379551497535291
12380 0.379450066980074
12390 0.379258765919439
12400 0.379208093164839
12410 0.379776096689056
12420 0.380922614856872
12430 0.381276245630875
12440 0.381443973544009
12450 0.380864284178886
12460 0.380874708748763
12470 0.380629108164022
12480 0.380791363741242
12490 0.381215388093748
12500 0.381833740908544
12510 0.382027729245319
12520 0.38202115933909
12530 0.382237995108478
12540 0.381847460084182
12550 0.381761085452343
12560 0.381581672489491
12570 0.381540224331416
12580 0.381637801423457
12590 0.382518142510296
12600 0.382973474414741
12610 0.383048093961473
12620 0.382902326980266
12630 0.382538140771053
12640 0.382452034939421
12650 0.382869575451783
12660 0.383237586353043
12670 0.383534456796987
12680 0.383083480969576
12690 0.382358718128439
12700 0.381649105450079
12710 0.381641508692767
12720 0.381530018519934
12730 0.381314474548696
12740 0.381201317489839
12750 0.381637318450823
12760 0.381715531244472
12770 0.382024756828241
12780 0.382046846377117
12790 0.381531721435828
12800 0.38111513240075
12810 0.382162752214305
12820 0.382807567186462
12830 0.383481866637633
12840 0.383770324907778
12850 0.384069000249267
12860 0.38371464640133
12870 0.383208098991196
12880 0.382899093434147
12890 0.38276475670477
12900 0.382422265748502
12910 0.382145417200042
12920 0.382863772979642
12930 0.383646743942221
12940 0.383584429201897
12950 0.3828901283683
12960 0.382448296837331
12970 0.383671130235646
12980 0.385875170453932
12990 0.388569458572713
13000 0.38911988422789
13010 0.38898581999422
13020 0.388043403504358
13030 0.387800077139825
13040 0.387735502467905
13050 0.388357411134554
13060 0.388657988343385
13070 0.389056849169451
13080 0.389572041343545
13090 0.390175636719289
13100 0.390331838832396
13110 0.39083950849692
13120 0.390970071416043
13130 0.391517337368308
13140 0.391586510961903
13150 0.392509441930923
13160 0.39312742854115
13170 0.392892723772495
13180 0.392275429538186
13190 0.392662112366164
13200 0.393190478720835
13210 0.393232396002539
13220 0.39243254110066
13230 0.392665086412535
13240 0.394409025846706
13250 0.395659935767327
13260 0.395417494021529
13270 0.394792161607507
13280 0.394180204546949
13290 0.393843258507747
13300 0.394477365063717
13310 0.395365561158494
13320 0.396011760828742
13330 0.395705902364924
13340 0.395000349252817
13350 0.394691436808201
13360 0.394811455950649
13370 0.395688181791406
13380 0.396238203138422
13390 0.396292041763794
13400 0.396433710538161
13410 0.397301714354623
13420 0.397815892552356
13430 0.397970801533583
13440 0.397811520225211
13450 0.397533602560437
13460 0.398032426110703
13470 0.39842833765982
13480 0.399538556733875
13490 0.400274388507548
13500 0.399726324601151
13510 0.399218920055184
13520 0.398718368308218
13530 0.398903419332032
13540 0.400117077067072
13550 0.400812429973027
13560 0.40102288922711
13570 0.401136536902914
13580 0.401545188611446
13590 0.401090025291722
13600 0.399953612578255
13610 0.399197992222494
13620 0.399650597431568
13630 0.400383025218377
13640 0.400854487740885
13650 0.40078549726822
13660 0.399678652086872
13670 0.397713882461094
13680 0.396388990534865
13690 0.395946872644177
13700 0.396879225941552
13710 0.396827051079415
13720 0.395810934102944
13730 0.394331270064184
13740 0.39278158883615
13750 0.391625774998084
13760 0.39112463614211
13770 0.390435915221664
13780 0.38907456185498
13790 0.387850315398438
13800 0.387160133964896
13810 0.386241457452525
13820 0.385692629970237
13830 0.384514463379472
13840 0.383360398198145
13850 0.383498154661459
13860 0.384051939942708
13870 0.384465266159253
13880 0.383942348650776
13890 0.383570651705772
13900 0.384470541430057
13910 0.384979606483968
13920 0.385026693068206
13930 0.385904807814039
13940 0.387190609484121
13950 0.388534219527697
13960 0.388622033074381
13970 0.388951844842917
13980 0.390735745006664
13990 0.391649039769173
14000 0.392415400605441
14010 0.393358314878045
14020 0.394173495204836
14030 0.394652230243959
14040 0.395292036475436
14050 0.395738204648402
14060 0.395949230865569
14070 0.396138580540117
14080 0.397040131146773
14090 0.398130804112733
14100 0.399204389254411
14110 0.400160910271714
14120 0.401275263252677
14130 0.401933383781864
14140 0.402606277317962
14150 0.402161795999747
14160 0.402478193512034
14170 0.403546228539098
14180 0.404415589145364
14190 0.404311451303431
14200 0.403225150484479
14210 0.403009210043867
14220 0.402231202609442
14230 0.401152420129261
14240 0.399286953585161
14250 0.397501754074315
14260 0.395529781296729
14270 0.393139090232298
14280 0.389738632244881
14290 0.385778608689286
14300 0.382490521096662
14310 0.378257771984834
14320 0.372936766447175
14330 0.367679617365429
14340 0.362235472333968
14350 0.35617195779398
14360 0.349130167513779
14370 0.343306183706164
14380 0.336246235595557
14390 0.328636919992977
14400 0.319515498715659
14410 0.311864904435246
14420 0.304911915273841
14430 0.296705789701471
14440 0.287992430919698
14450 0.279530504476526
14460 0.2712317511388
14470 0.264242590329305
14480 0.257655135629815
14490 0.252245185873016
14500 0.246794732581175
14510 0.242360166384991
14520 0.238666505238115
14530 0.235156793949948
14540 0.233070411835383
14550 0.232598113052362
14560 0.23380427638074
14570 0.235192409111175
14580 0.238018282924378
14590 0.242385513695307
14600 0.248101081017153
14610 0.254343404188708
14620 0.261047698450059
14630 0.26935047972429
14640 0.278406784731218
14650 0.290004857742866
14660 0.301124534063187
14670 0.312483066609512
14680 0.321660117961324
14690 0.331585854671103
14700 0.341466034498987
14710 0.351989886419331
14720 0.362765309000716
14730 0.372943325256878
14740 0.38241006732172
14750 0.38994150970757
14760 0.397126673760069
14770 0.402227605307923
14780 0.406905864456345
14790 0.41057939051391
14800 0.414667594139967
14810 0.417683066285397
14820 0.420150523858141
14830 0.422327977360141
14840 0.424694110328829
14850 0.424860220593504
14860 0.425321147263849
14870 0.424691010651697
14880 0.425231779615057
14890 0.425930684445838
14900 0.427333770262354
14910 0.427974790967132
14920 0.428098685018125
14930 0.427624910160327
14940 0.42652096857225
14950 0.426364218319012
14960 0.425986093130524
14970 0.427071373338897
14980 0.428135835472345
14990 0.428735810912689
15000 0.428262914414206
15010 0.42826891806988
15020 0.428184319578816
15030 0.427960707438147
15040 0.427973845949068
15050 0.42893188078713
15060 0.430766364418799
15070 0.430874019018429
15080 0.431260828992512
15090 0.431636465412274
15100 0.431549305506135
15110 0.432086055340785
15120 0.432244459599722
15130 0.432809550914578
15140 0.433348536462077
15150 0.433884916501047
15160 0.43443750626318
15170 0.434702850849041
15180 0.43448259649008
15190 0.433672597652493
15200 0.432932849559346
15210 0.432639522482739
15220 0.433041295433395
15230 0.434427034764531
15240 0.435392140096944
15250 0.435028704620717
15260 0.434779153937833
15270 0.435261440427562
15280 0.436293760865899
15290 0.436408988073938
15300 0.437007064441606
15310 0.436902788168934
15320 0.438071792956008
15330 0.43802188791896
15340 0.437478903493241
15350 0.437118105634717
15360 0.436888582248155
15370 0.437242837359562
15380 0.43799618717039
15390 0.438700638578716
15400 0.438654675508038
15410 0.438221914260894
15420 0.437658281217002
15430 0.436186875000193
15440 0.435280413690542
15450 0.434915986402198
15460 0.436106634397894
15470 0.436768738502802
15480 0.43712986381185
15490 0.437287680338722
15500 0.436820857203562
15510 0.435905056798207
15520 0.435740738722104
15530 0.436201588289002
15540 0.436265746317085
15550 0.436957472458864
15560 0.437483642530727
15570 0.437001854661771
15580 0.435470978549589
15590 0.434165278025019
15600 0.434044947317106
15610 0.434429507831856
15620 0.4348724502543
15630 0.435401870239293
15640 0.436868811127124
15650 0.436831327381641
15660 0.435254701743228
15670 0.434225356453344
15680 0.433998968610754
15690 0.434425229956572
15700 0.4348071973306
15710 0.435324775446416
15720 0.436217588530138
15730 0.436456949670436
15740 0.436176611967616
15750 0.4354471788327
15760 0.435468780772175
15770 0.43579741434527
15780 0.436398524250208
15790 0.437347342180141
15800 0.438263877000766
15810 0.43895113761815
15820 0.437285946787734
15830 0.436156275314209
15840 0.436428364059896
15850 0.437667896434216
15860 0.437542618276847
15870 0.436971995077325
15880 0.437122065483026
15890 0.436690584770042
15900 0.43625762845678
15910 0.435270910703318
15920 0.435439331841709
15930 0.43567651314379
15940 0.436041193316963
15950 0.436117647684144
15960 0.436289375399903
15970 0.437196715222436
15980 0.436704871266123
15990 0.436344070450558
16000 0.43606325001235
16010 0.436537885745147
16020 0.43780598674714
16030 0.439684164732453
16040 0.441553565533885
16050 0.440853126495781
16060 0.439960533585426
16070 0.439025984888585
16080 0.438848969440467
16090 0.439142961847818
16100 0.44003168615105
16110 0.440635362169419
16120 0.439822364041576
16130 0.440098097447305
16140 0.440857865033932
16150 0.441317562148173
16160 0.439853191848225
16170 0.439140612396691
16180 0.439675399343274
16190 0.44078965917172
16200 0.441348760498941
16210 0.4411105399698
16220 0.439726926092428
16230 0.43850261192236
16240 0.43740726766324
16250 0.438240782925845
16260 0.439595131086828
16270 0.440650553138645
16280 0.440037730804466
16290 0.440520602086747
16300 0.439992713345511
16310 0.43761160095925
16320 0.435896372542
16330 0.436075780004707
16340 0.437474909542214
16350 0.438509358969851
16360 0.440337777793166
16370 0.440486866186818
16380 0.440364918221138
16390 0.439695721771274
16400 0.440316391646944
16410 0.441486945875839
16420 0.442647607022393
16430 0.44252698782597
16440 0.442769618787512
16450 0.442774829669119
16460 0.443025958771721
16470 0.442795588299024
16480 0.443109621939986
16490 0.442444228406043
16500 0.442983201425318
16510 0.444234979779558
16520 0.445699660363126
16530 0.445657357063084
16540 0.444618424248442
16550 0.444137941072537
16560 0.443868732348888
16570 0.443813938172549
16580 0.443816438940336
16590 0.444756495591519
16600 0.445870053481886
16610 0.445538809632732
16620 0.444980555516594
16630 0.444860548844727
16640 0.443901564753056
16650 0.443422086517529
16660 0.443493304848664
16670 0.444431295926092
16680 0.444249985715014
16690 0.444088647806312
16700 0.442682501758959
16710 0.441255672020487
16720 0.439546431271681
16730 0.439410327180276
16740 0.441239301214532
16750 0.442842831952756
16760 0.443722813282766
16770 0.443521729533861
16780 0.443040425760842
16790 0.442900230307724
16800 0.444040718896906
16810 0.443585157688343
16820 0.442316039629062
16830 0.442478278097566
16840 0.443268210340786
16850 0.444312686607806
16860 0.443767859915848
16870 0.442534553181725
16880 0.441366866398715
16890 0.441859759713043
16900 0.442169296370648
16910 0.442899028225463
16920 0.443874029195892
16930 0.445534403591709
16940 0.445566639037236
16950 0.445734225390789
16960 0.444629939017489
16970 0.445058297293149
16980 0.445107184748301
16990 0.44572340455513
17000 0.446322745522541
17010 0.447673034715045
17020 0.447619873117407
17030 0.446242020455792
17040 0.444674617091684
17050 0.443858748332715
17060 0.444689247759982
17070 0.445116800198104
17080 0.445382752826284
17090 0.445558134922751
17100 0.445084491661309
17110 0.444884134287314
17120 0.44424733343883
17130 0.443488448622057
17140 0.443140485574021
17150 0.443790180490296
17160 0.444776206998516
17170 0.445123186082848
17180 0.446419445625555
17190 0.446332784801913
17200 0.445822654563679
17210 0.444413317997357
17220 0.445155092052425
17230 0.44582440036456
17240 0.446395012785139
17250 0.447412023387739
17260 0.448952289483954
17270 0.450073372346021
17280 0.448531806665028
17290 0.447170266829022
17300 0.445947141662851
17310 0.446434471286571
17320 0.446913699959501
17330 0.447510955506661
17340 0.447556014648298
17350 0.447010010904995
17360 0.446659392194671
17370 0.446068884719638
17380 0.446659587283827
17390 0.447098011864471
17400 0.447591901105249
17410 0.447674213807052
17420 0.448033117404778
17430 0.4489337535488
17440 0.448647169888057
17450 0.447907283075147
17460 0.447194135204024
17470 0.447110272482121
17480 0.447129033985208
17490 0.448092163220462
17500 0.449805044951049
17510 0.450068441741988
17520 0.449374840112864
17530 0.448553911287515
17540 0.448082498043225
17550 0.448665767663515
17560 0.449187473442912
17570 0.450282315550234
17580 0.449958678878738
17590 0.450385579282521
17600 0.45045609652531
17610 0.449776774455895
17620 0.448584282706466
17630 0.448520294955477
17640 0.44945262469374
17650 0.450577112838105
17660 0.451373512773893
17670 0.451704316666364
17680 0.450492403039464
17690 0.449624007536508
17700 0.448704135391536
17710 0.449393044980637
17720 0.449686144117639
17730 0.449365231257031
17740 0.450039837834384
17750 0.452434448161982
17760 0.45709637417598
17770 0.455435369240902
17780 0.451925847218751
17790 0.448965693049646
17800 0.451067307419564
17810 0.45214104174814
17820 0.453349788523878
17830 0.454307756559919
17840 0.454160310963326
17850 0.4528654930089
17860 0.452044900016701
17870 0.452256548828982
17880 0.45289151775305
17890 0.453626201570872
17900 0.454042140438817
17910 0.454032442076399
17920 0.453336759026973
17930 0.452065761096158
17940 0.451309840887216
17950 0.45119312004048
17960 0.450533702935587
17970 0.450966728951698
17980 0.451877866280486
17990 0.453496586548909
18000 0.453514859846588
18010 0.453422633524204
18020 0.45320276162772
18030 0.45294546708286
18040 0.452962871318197
18050 0.453348150853257
18060 0.454590324327583
18070 0.45548604766521
18080 0.455804640685946
18090 0.455499078290899
18100 0.455402399423953
18110 0.455142993121155
18120 0.455214908685093
18130 0.456086323147443
18140 0.458008685816098
18150 0.458890201559993
18160 0.458692696824464
18170 0.458220661239676
18180 0.457142163563833
18190 0.455584865614222
18200 0.454527780571055
18210 0.45448551166367
18220 0.455247459773886
18230 0.455584279549736
18240 0.455796552119731
18250 0.455398137453575
18260 0.454748268583817
18270 0.453854134695918
18280 0.453623534134204
18290 0.453454367564104
18300 0.453876038210118
18310 0.454740061715305
18320 0.455972257516324
18330 0.455744375119671
18340 0.454914286345003
18350 0.454554896203184
18360 0.454624252030952
18370 0.454775785036786
18380 0.45542400475254
18390 0.457384988847769
18400 0.457711280360811
18410 0.456776387593949
18420 0.455057804539362
18430 0.454127419554852
18440 0.453970423305752
18450 0.454902839311251
18460 0.456181250487565
18470 0.456651687747854
18480 0.45679827291226
18490 0.456548704608403
18500 0.455708006639347
18510 0.454664670800982
18520 0.454292764340837
18530 0.454549653447994
18540 0.455346274637148
18550 0.456708099614497
18560 0.456386171612424
18570 0.455440673812352
18580 0.454230032694191
18590 0.45388043061217
18600 0.453760557718289
18610 0.453464118717118
18620 0.454196927208199
18630 0.455222360760738
18640 0.456482918014286
18650 0.456232378294568
18660 0.455027587375039
18670 0.453436614614011
18680 0.453186221454195
18690 0.454737797539307
18700 0.455349799279071
18710 0.455616174118471
18720 0.455271047797586
18730 0.456279828176124
18740 0.457042854034064
18750 0.456935881361967
18760 0.456302487021689
18770 0.456613394165095
18780 0.457147525104283
18790 0.457880819391317
18800 0.458383844816359
18810 0.457537125510258
18820 0.455627325904097
18830 0.454143113165343
18840 0.454219920468008
18850 0.454890061034835
18860 0.45568530126565
18870 0.456451171298273
18880 0.456214086131918
18890 0.455904755241306
18900 0.454999481554707
18910 0.454005061975049
18920 0.45422590592532
18930 0.454091647836493
18940 0.45414190162523
18950 0.455098639163704
18960 0.456093378356234
18970 0.456732803364429
18980 0.455795469868337
18990 0.454598150053331
19000 0.453740290426595
19010 0.454610822950185
19020 0.455113768101196
19030 0.455395140171634
19040 0.455805567557451
19050 0.456093966302206
19060 0.455505504688418
19070 0.455013816011087
19080 0.45516908267425
19090 0.456226572656376
19100 0.457550043298681
19110 0.458675045695897
19120 0.459365332289406
19130 0.459607453642349
19140 0.458933141182219
19150 0.458019771826798
19160 0.456632218842823
19170 0.456404410427385
19180 0.457575508222637
19190 0.458206725737618
19200 0.458551593324729
19210 0.457856366261902
19220 0.457732948807484
19230 0.456961021984446
19240 0.45663061195345
19250 0.455706387089643
19260 0.455432416591521
19270 0.456487335976674
19280 0.457382153213919
19290 0.457420066127059
19300 0.456917459347864
19310 0.456101246221455
19320 0.454808913255342
19330 0.453520942333189
19340 0.454109049447776
19350 0.455329681511561
19360 0.456599507441572
19370 0.456532945004064
19380 0.456838701519133
19390 0.456402143099442
19400 0.456112787936524
19410 0.455845612122775
19420 0.456940107678742
19430 0.458248806472382
19440 0.459377009531946
19450 0.460292969260151
19460 0.461035501629399
19470 0.460558958930076
19480 0.459290789041779
19490 0.458240098995488
19500 0.458527016458681
19510 0.45959089221027
19520 0.460354497884691
19530 0.460113422048248
19540 0.459797660115704
19550 0.459323944726143
19560 0.459114935822629
19570 0.458684536529714
19580 0.457585249546523
19590 0.455983609290427
19600 0.454903731416211
19610 0.455430507946421
19620 0.457386931867057
19630 0.459001412393962
19640 0.459566205141229
19650 0.459225625576133
19660 0.459894890147247
19670 0.461098183229017
19680 0.461936878938671
19690 0.461521151501216
19700 0.460585772560609
19710 0.460665705703622
19720 0.460256059303407
19730 0.460405593381043
19740 0.460007648823485
19750 0.460292068888804
19760 0.460641470963385
19770 0.460997270343579
19780 0.461606282587659
19790 0.462334798789456
19800 0.462192142645793
19810 0.461982358371227
19820 0.461829601268095
19830 0.462154766358148
19840 0.462455971451158
19850 0.463138430728965
19860 0.463601941001798
19870 0.464336195784262
19880 0.463964511305769
19890 0.464196532872726
19900 0.46375076879187
19910 0.46406186239242
19920 0.464279344975516
19930 0.464281433745553
19940 0.463715956541571
19950 0.461637168341629
19960 0.459642899183071
19970 0.458010513345103
19980 0.460042071711326
19990 0.461640872425614
20000 0.462205796042141
20010 0.461528892564709
20020 0.461141307503382
20030 0.460615529175742
20040 0.460409124708888
20050 0.460778149421806
20060 0.460903137502676
20070 0.461908385870837
20080 0.462039593424508
20090 0.462273187825439
20100 0.461539838869714
20110 0.460541903015906
20120 0.460121754454351
20130 0.460202304004606
20140 0.460739637976741
20150 0.460166349916994
20160 0.460205505417732
20170 0.460286308019325
20180 0.460307305265599
20190 0.459602396644355
20200 0.458307024639336
20210 0.458393729869032
20220 0.459902484332375
20230 0.460798604778756
20240 0.460639698993336
20250 0.459335614291931
20260 0.459265188809462
20270 0.459487448781182
20280 0.459247873726287
20290 0.458730221627002
20300 0.459724611511586
20310 0.461061988511765
20320 0.461622545619998
20330 0.460930214512971
20340 0.460271987526614
20350 0.460461008895995
20360 0.460510830901209
20370 0.460356327674496
20380 0.460478247126813
20390 0.461366594866398
20400 0.460549313234197
20410 0.459472722776514
20420 0.459084533621967
20430 0.459277605627979
20440 0.459276811044559
20450 0.459201121470576
20460 0.458729786456801
20470 0.459029697722354
20480 0.458984429617059
20490 0.458799260900943
20500 0.459063784022139
20510 0.458481916233178
20520 0.457773445265324
20530 0.457271927385467
20540 0.457958906507872
20550 0.458376587797933
20560 0.45924401102119
20570 0.459459797846772
20580 0.460390500656789
20590 0.46066657400158
20600 0.459892622366334
20610 0.459810514186751
20620 0.459617469860887
20630 0.460848645147248
20640 0.460869343942074
20650 0.460455353936801
20660 0.45981220523021
20670 0.45949553072467
20680 0.459349438420177
20690 0.458921767717143
20700 0.459817098699855
20710 0.460552608426602
20720 0.462684815882855
20730 0.463060641228063
20740 0.463196210823073
20750 0.463993190737064
20760 0.463947122092994
20770 0.462848760112813
20780 0.461167176611777
20790 0.461715176503112
20800 0.463160159803698
20810 0.464608361653271
20820 0.464837647066611
20830 0.465284968409089
20840 0.465840762507112
20850 0.464964220709189
20860 0.465351437534513
20870 0.465382639658519
20880 0.466385443360132
20890 0.464980158633292
20900 0.463231092764928
20910 0.462038307908758
20920 0.462513956418924
20930 0.463388342533492
20940 0.463711023408928
20950 0.462452783162516
20960 0.461915368358267
20970 0.462973538408031
20980 0.463891142503588
20990 0.463596977868429
21000 0.462622556722289
21010 0.462034423613783
21020 0.461594743119704
21030 0.460862219078675
21040 0.460194605313294
21050 0.461281906070078
21060 0.461550151262687
21070 0.461287221955751
21080 0.461305185275579
21090 0.461538220022338
21100 0.4619077837727
21110 0.460898336512985
21120 0.459718788655657
21130 0.459834348346672
21140 0.46079822332249
21150 0.460483725437544
21160 0.460639133914878
21170 0.460744959270244
21180 0.461346515772207
21190 0.462137492273319
21200 0.463053272958365
21210 0.46392762666804
21220 0.464552149306167
21230 0.463994525958849
21240 0.463903134194715
21250 0.465114488162228
21260 0.466591165215105
21270 0.466641362988508
21280 0.465654738325876
21290 0.465205235097119
21300 0.466419149329708
21310 0.467462699682722
21320 0.467351150221636
21330 0.466614563239582
21340 0.46543110785586
21350 0.466016381727124
21360 0.465706019358957
21370 0.465353064064473
21380 0.464816314205421
21390 0.463748467044293
21400 0.462533849928653
21410 0.461703306353753
21420 0.462148505243713
21430 0.462054637871127
21440 0.461800228266114
21450 0.460838096663067
21460 0.460819129333025
21470 0.461019904196558
21480 0.461389064966582
21490 0.462708774890843
21500 0.462333449564073
21510 0.461471981166357
21520 0.460048343343603
21530 0.459271667671467
21540 0.459001403036737
21550 0.459196399266818
21560 0.459727423490353
21570 0.458825855190844
21580 0.458043212229639
21590 0.458367253954252
21600 0.459144877701585
21610 0.459310501100726
21620 0.45833449053853
21630 0.458310019411728
21640 0.457901678194198
21650 0.456492006162831
21660 0.455136722732047
21670 0.455328101623477
21680 0.45569984044154
21690 0.454879806936499
21700 0.454056563978771
21710 0.453574908968786
21720 0.454361970088271
21730 0.454214342715139
21740 0.454256457949403
21750 0.453504653084697
21760 0.451529560913759
21770 0.449175672385328
21780 0.447337951231345
21790 0.445740456022829
21800 0.443961851811944
21810 0.442627665910752
21820 0.441726546138445
21830 0.440519082439691
21840 0.438657888479195
21850 0.435286307909054
21860 0.432654876711069
21870 0.429567252478592
21880 0.428091017623444
21890 0.425242000501969
21900 0.423692711937628
21910 0.420240627572915
21920 0.4181461962242
21930 0.415226090305945
21940 0.412703878622115
21950 0.409139119034952
21960 0.406485790621669
21970 0.403875615067252
21980 0.400264875308034
21990 0.396343687240988
22000 0.393569475409743
22010 0.390001384129981
22020 0.385904070432131
22030 0.381343444247786
22040 0.377906763719425
22050 0.375283757033984
22060 0.373409877234957
22070 0.371235210049166
22080 0.368977190199858
22090 0.365964098841589
22100 0.36373826166997
22110 0.362247869770417
22120 0.361883622444938
22130 0.361607238151214
22140 0.360755960148194
22150 0.35943694600309
22160 0.359101832264796
22170 0.359562122238741
22180 0.360175318256653
22190 0.360187986655459
22200 0.360422702799235
22210 0.360988937447636
22220 0.361113665741936
22230 0.362835046307109
22240 0.363807317044701
22250 0.364425079669228
22260 0.364148228318512
22270 0.3643554051491
22280 0.36504078781404
22290 0.366426524522151
22300 0.368118111741357
22310 0.36921206932988
22320 0.370039261251537
22330 0.371331194124761
22340 0.372771847337968
22350 0.373908772800901
22360 0.375320694612956
22370 0.375952844094365
22380 0.376412305222076
22390 0.3776253559276
22400 0.379408954147913
22410 0.379205064709418
22420 0.378057149814007
22430 0.377580417824986
22440 0.378765388136215
22450 0.380356896838499
22460 0.381562568687181
22470 0.381722451334042
22480 0.380660126694298
22490 0.380345921823969
22500 0.380692610435853
22510 0.382297841176518
22520 0.382196691078851
22530 0.38174483629721
22540 0.381502507195445
22550 0.382135335575191
22560 0.383190425841463
22570 0.383728547286751
22580 0.383879156113216
22590 0.384083280074495
22600 0.384796914233324
22610 0.385327010919402
22620 0.386597063250096
22630 0.387227256087487
22640 0.387182765656235
22650 0.387043706636435
22660 0.388605397380417
22670 0.389599785080519
22680 0.390310776101007
22690 0.391304344186442
22700 0.393119080061248
22710 0.395044827732565
22720 0.39710279502358
22730 0.398208403318795
22740 0.3988756950136
22750 0.399646836684008
22760 0.400574963555843
22770 0.401665999803031
22780 0.402357140261398
22790 0.402987477808834
22800 0.403100847374454
22810 0.403572612688049
22820 0.405331312638113
22830 0.407587577592045
22840 0.40946411342648
22850 0.409746587125981
22860 0.409997285095748
22870 0.41071869434702
22880 0.412185525068096
22890 0.413259559565161
22900 0.414046233271829
22910 0.414084201534374
22920 0.413940326145742
22930 0.414671117527778
22940 0.41679556326043
22950 0.418355426730565
22960 0.418443852353935
22970 0.418197531900744
22980 0.418171198790552
22990 0.41975683644318
23000 0.420758018558074
23010 0.420495502237974
23020 0.419345233061276
23030 0.418702998608577
23040 0.419191571621056
23050 0.419555280471669
23060 0.419233717163165
23070 0.418155691126191
23080 0.417419799435964
23090 0.417168781695329
23100 0.416455242568781
23110 0.414889677976904
23120 0.412360287087074
23130 0.408369692852228
23140 0.403870134631459
23150 0.398924974546884
23160 0.3951415544775
23170 0.390786118958396
23180 0.384930551193798
23190 0.377539750918177
23200 0.369436611771155
23210 0.361048054636975
23220 0.352827067845722
23230 0.343957453700132
23240 0.333386507602766
23250 0.322316493195585
23260 0.311793099998137
23270 0.301280076110174
23280 0.291265907923891
23290 0.280826963058879
23300 0.270268565145884
23310 0.258996965544997
23320 0.248977974975444
23330 0.239106989708515
23340 0.228793235144182
23350 0.217788465983709
23360 0.20717312988302
23370 0.197701900314901
23380 0.189109711993205
23390 0.18142152333114
23400 0.17457405463248
23410 0.168800961672611
23420 0.16426159955222
23430 0.160708785126033
23440 0.158250471995087
23450 0.156231969070256
23460 0.15494022922299
23470 0.154019076808354
23480 0.153767344701977
23490 0.153510541864055
23500 0.152819093341379
23510 0.151821695151003
23520 0.150254958997114
23530 0.148557851159078
23540 0.146233693750345
23550 0.143532418537986
23560 0.140056667379979
23570 0.135722787216008
23580 0.130835070670036
23590 0.125327033398523
23600 0.119443261619287
23610 0.11265320001538
23620 0.105281390464247
23630 0.0972066339385112
23640 0.089130442488588
23650 0.0810662046832487
23660 0.0729641932718021
23670 0.0649289405586548
23680 0.0570278629666534
23690 0.0495261146356868
23700 0.0426127810670357
23710 0.0364114391053505
23720 0.0309246799811877
23730 0.0261153125936927
23740 0.022110955201336
23750 0.0203083748900084
23760 0.0187365573829656
23770 0.0174839930193449
23780 0.0165572489088985
23790 0.0158986546315842
23800 0.0154694135682352
23810 0.0137928456588766
23820 0.0124419995908341
23830 0.0113209608774157
23840 0.0103282172810713
23850 0.00950481344276471
23860 0.00876871639218768
23870 0.00811215612670518
23880 0.00750600819908537
23890 0.00690397923684547
23900 0.00634104328023544
23910 0.00582073552986347
23920 0.0053439704465803
23930 0.00489314521868024
23940 0.0044543532966645
23950 0.00402715048211884
23960 0.00363523880426009
23970 0.00328656093470203
23980 0.00296865672167038
23990 0.00267026900127292
24000 0.00239048381654511
24010 0.00213019534752474
24020 0.00189542734249762
24030 0.00168291983254014
24040 0.00149140849313041
24050 0.00131242736303297
24060 0.00115252579553328
24070 0.00101036200504407
24080 0.000886148273554537
24090 0.000775146083857249
24100 0.000676610571543648
24110 0.000588205176003738
24120 0.000509899155722577
24130 0.000442325231765381
24140 0.000384397459525853
24150 0.000334341098452207
24160 0.000290650377063133
24170 0.000252158403479971
24180 0.000218953825535971
24190 0.000190261810072172
24200 0.000165794909802771
24210 0.000144784560647443
24220 0.000126831876254114
24230 0.000111202050733236
24240 9.7824547485464e-05
24250 8.65882051244856e-05
24260 7.67750766784308e-05
24270 6.81292509189691e-05
24280 6.04082190961566e-05
24290 5.37226280496505e-05
24300 4.79503589796204e-05
24310 4.28876080288783e-05
24320 3.84751079403949e-05
24330 3.44709706321731e-05
24340 3.09200536668497e-05
24350 2.77510872483452e-05
24360 2.49201663741745e-05
24370 2.23725076857195e-05
24380 2.00590378554266e-05
24390 1.79665839260347e-05
24400 1.60468472030137e-05
24410 1.43674684299497e-05
24420 1.28414922948617e-05
24430 1.14594962173855e-05
24440 1.01794122952143e-05
24450 9.01661034194406e-06
24460 7.97932052269585e-06
24470 7.05736271748815e-06
24480 6.2426322241917e-06
24490 5.497092768604e-06
24500 4.99151395918884e-06
24510 4.51572277906356e-06
24520 4.08482754508263e-06
24530 3.68701582108917e-06
24540 3.31968060275814e-06
24550 2.98343281094699e-06
24560 2.67898672022362e-06
24570 2.40657888003637e-06
24580 2.16490181488386e-06
24590 1.94392345722452e-06
24600 1.74137271729965e-06
24610 1.55430018660038e-06
24620 1.38862184856088e-06
24630 1.2430698172936e-06
24640 1.1148263645024e-06
24650 9.97334912526463e-07
24660 8.90235299225189e-07
24670 7.95072784529235e-07
24680 7.10258650149464e-07
24690 6.23367413446206e-07
24700 5.587201801914e-07
24710 4.90713173975442e-07
24720 4.39567493162272e-07
24730 3.86577471038646e-07
24740 3.48547011783165e-07
24750 3.06917589535997e-07
24760 2.75821815070295e-07
24770 2.42910532082532e-07
24780 2.18933024363801e-07
24790 1.93331657787042e-07
24800 1.71008408993945e-07
24810 1.55230441568334e-07
24820 1.38018669079291e-07
24830 1.22703772989835e-07
24840 1.09075577324176e-07
24850 9.94720796000142e-08
24860 8.88926286360991e-08
24870 7.94493068908566e-08
24880 7.10489887299291e-08
24890 6.50880140758184e-08
24900 5.84196473017021e-08
24910 5.25796269768559e-08
24920 4.73458760967169e-08
24930 4.26078977700295e-08
24940 3.83080872364578e-08
24950 3.45783230529934e-08
24960 3.12455309878275e-08
24970 2.83235811715274e-08
24980 2.56614046532354e-08
24990 2.32470385075822e-08
25000 2.10448115916489e-08
25010 1.90693170727418e-08
25020 1.73248298246656e-08
25030 1.57197401413041e-08
25040 1.42641916386563e-08
25050 1.29800150847832e-08
25060 1.18635350365578e-08
25070 1.08631903059772e-08
25080 9.9202555191548e-09
25090 9.0565855943449e-09
25100 8.2619272546856e-09
25110 7.56265970445653e-09
25120 6.93616057247536e-09
25130 6.36858698396689e-09
25140 5.838589141389e-09
25150 5.3503191692556e-09
25160 4.91082790865756e-09
25170 4.51241600010153e-09
25180 4.14628741169642e-09
25190 3.80390210884287e-09
25200 3.49162828877754e-09
25210 3.20452447340649e-09
25220 2.94673956152582e-09
25230 2.70742987562188e-09
25240 2.4892229053441e-09
25250 2.28304057696333e-09
25260 2.09495521360207e-09
25270 1.92440820760591e-09
25280 1.77138099719582e-09
25290 1.633178516152e-09
25300 1.50234904171962e-09
25310 1.37541682262535e-09
25320 1.26008082784223e-09
25330 1.15679361694898e-09
25340 1.06290581237389e-09
25350 9.7431536352801e-10
25360 8.93262862774653e-10
25370 8.16694294969733e-10
25380 7.47534589322081e-10
25390 6.83993575545499e-10
25400 6.2664241343593e-10
25410 5.72675150794943e-10
25420 5.23469938284004e-10
25430 4.77313239630598e-10
25440 4.35575931639298e-10
25450 3.96792480004067e-10
25460 3.60573467160172e-10
25470 3.26936521512466e-10
25480 2.97098841779964e-10
25490 2.70746965344726e-10
25500 2.46842615392802e-10
25510 2.23793441881809e-10
25520 2.02938334246911e-10
25530 1.8403955590189e-10
25540 1.66655544031465e-10
25550 1.5065083136576e-10
25560 1.36107281351703e-10
25570 1.22851962084358e-10
25580 1.10998439399942e-10
25590 1.00663276424119e-10
25600 9.12720060571437e-11
25610 8.23618689629813e-11
25620 7.4105808411768e-11
25630 6.66777421711059e-11
25640 6.01736031719104e-11
25650 5.43533756538861e-11
25660 4.90047626850645e-11
25670 4.41802839833152e-11
25680 3.98716053244654e-11
25690 3.59375644788302e-11
25700 3.23183650937924e-11
25710 2.89231663250227e-11
25720 2.60059278055026e-11
25730 2.3438335754657e-11
25740 2.11856205507055e-11
25750 1.90800811459301e-11
25760 1.72063297648229e-11
25770 1.54930789125952e-11
25780 1.39317369684093e-11
25790 1.25452434854468e-11
25800 1.12607456780061e-11
25810 1.01036456438034e-11
25820 9.08245523963259e-12
25830 8.15744583337626e-12
25840 7.30909541437232e-12
25850 6.56931336262284e-12
25860 5.89934328648962e-12
25870 5.27187283085973e-12
25880 4.68484146041881e-12
25890 4.18562096538759e-12
25900 3.75843278083111e-12
25910 3.3755683039594e-12
25920 3.01649886007463e-12
25930 2.6936757322826e-12
25940 2.40099169527961e-12
25950 2.13265202572004e-12
25960 1.89506557874357e-12
25970 1.68903687650997e-12
25980 1.50750716714512e-12
