"wave" "response"
5504.00024414063 5.96855775284773e-13
5514.00024414063 6.46620198851914e-13
5524.00024414063 6.37461561409955e-13
5534.00024414063 5.2586629501477e-13
5544.00024414063 1.96630222818179e-12
5554.00024414063 1.1969260177793e-12
5564.00024414063 2.62331536834286e-12
5574.00024414062 1.02481463296995e-12
5584.00024414062 2.25988229405117e-12
5594.00024414062 1.00220617597181e-12
5604.00024414062 2.19069155232254e-12
5614.00024414062 1.75578438462095e-12
5624.00024414062 7.31654521831808e-13
5634.00024414062 5.83450671614088e-13
5644.00024414062 1.68730073226936e-12
5654.00024414062 1.13318467026124e-12
5664.00024414062 2.01237459969959e-12
5674.00024414062 1.98825590784998e-12
5684.00024414062 1.42753367887052e-12
5694.00024414062 8.33755835652799e-13
5704.00024414062 8.09243009723535e-15
5714.00024414062 7.5316682260326e-16
5724.00024414062 5.33511834587141e-13
5734.00024414062 8.29976775253796e-13
5744.00024414062 2.16096466719217e-13
5754.00024414062 9.2685741082573e-13
5764.00024414062 3.73021621368233e-13
5774.00024414062 2.02278807276178e-15
5784.00024414062 3.91894971876866e-12
5794.00024414062 2.68891727382507e-15
5804.00024414062 5.04214676758441e-12
5814.00024414062 6.41902347819837e-12
5824.00024414062 3.48245462886496e-12
5834.00024414062 2.40933917780246e-12
5844.00024414062 4.5975579969278e-12
5854.00024414062 1.93547645728603e-11
5864.00024414062 1.87768581830899e-12
5874.00024414062 3.53071374567542e-12
5884.00024414062 3.23977204667101e-11
5894.00024414062 5.3767316183912e-12
5904.00024414062 2.28722898245801e-11
5914.00024414062 7.54006147681082e-12
5924.00024414062 6.63317312307835e-12
5934.00024414062 2.34734177098252e-12
5944.00024414062 3.93045100275149e-13
5954.00024414062 2.42306253536242e-13
5964.00024414062 2.55903590826213e-12
5974.00024414062 3.0341625606208e-12
5984.00024414062 6.7411350075883e-12
5994.00024414062 2.03483212709701e-13
6004.00024414062 2.25673762971733e-12
6014.00024414062 4.68503533948395e-12
6024.00024414062 3.89656834462299e-12
6034.00024414062 8.19326918993489e-12
6044.00024414062 1.25657871616262e-12
6054.00024414062 4.51024417188591e-12
6064.00024414062 1.63653123610823e-11
6074.00024414062 8.14315743413752e-12
6084.00024414062 1.41830080686141e-11
6094.00024414062 1.19314682934384e-11
6104.00024414062 8.44371602387035e-14
6114.00024414062 6.98350060105037e-12
6124.00024414062 9.12707805497993e-12
6134.00024414062 8.90619489399669e-12
6144.00024414062 5.20983349826233e-15
6154.00024414062 2.6738242843453e-12
6164.00024414062 2.15512199848879e-12
6174.00024414062 1.3571422157875e-12
6184.00024414062 1.8422087557178e-12
6194.00024414062 1.28305605133222e-12
6204.00024414062 4.08433708917964e-12
6214.00024414062 6.75398408670453e-12
6224.00024414062 2.06626587676798e-13
6234.00024414062 4.8462552692249e-14
6244.00024414062 3.59884035137382e-12
6254.00024414062 3.99476078397996e-13
6264.00024414062 1.59398162781609e-11
6274.00024414062 1.04133315081025e-14
6284.00024414062 7.42174283490322e-12
6294.00024414062 5.70082736871308e-12
6304.00024414062 7.27336996588222e-12
6314.00024414062 1.35463557535395e-11
6324.00024414062 5.39573327759633e-11
6334.00024414062 4.0214936064698e-11
6344.00024414062 3.74363326962931e-14
6354.00024414062 2.91029356964174e-14
6364.00024414062 2.31772848442623e-14
6374.00024414062 2.0406606481228e-11
6384.00024414062 5.22673569552507e-12
6394.00024414062 2.13083101968371e-11
6404.00024414062 6.27260587015765e-12
6414.00024414062 9.09868589586781e-12
6424.00024414062 1.14373026285882e-11
6434.00024414062 1.61458568280646e-11
6444.00024414062 1.49821051290465e-11
6454.00024414062 1.55231033245588e-11
6464.00024414062 2.64700775462711e-12
6474.00024414062 3.78394746872745e-11
6484.00024414062 8.48068342903087e-13
6494.00024414062 4.55736192034665e-12
6504.00024414062 6.73329885363895e-12
6514.00024414062 1.49823115389532e-11
6524.00024414062 1.02687412578029e-12
6534.00024414062 8.48243741501417e-12
6544.00024414062 9.83062954595428e-12
6554.00024414062 4.26362981403125e-12
6564.00024414062 8.47432350883122e-12
6574.00024414062 3.03468112882159e-12
6584.00024414062 1.31738309028785e-14
6594.00024414062 3.80578326019188e-11
6604.00024414062 1.59625268561432e-11
6614.00024414062 1.7398286621554e-11
6624.00024414062 2.65631839414783e-11
6634.00024414062 3.33082050090845e-11
6644.00024414062 2.03520373286019e-11
6654.00024414062 6.75271322033948e-12
6664.00024414062 1.64598853737244e-11
6674.00024414062 1.8040162933098e-11
6684.00024414062 7.45101756931254e-12
6694.00024414062 1.47844839874985e-11
6704.00024414062 9.77804124381451e-12
6714.00024414063 9.61955146328879e-12
6724.00024414063 3.03816930081979e-11
6734.00024414063 9.79771178936781e-12
6744.00024414063 3.21105764052716e-11
6754.00024414063 2.0425518971759e-11
6764.00024414063 2.13852231754817e-11
6774.00024414063 1.42305073544594e-11
6784.00024414063 3.126841920282e-11
6794.00024414063 1.28503442596899e-11
6804.00024414063 2.62012849347747e-11
6814.00024414063 3.50044790000169e-11
6824.00024414062 2.35450087062831e-11
6834.00024414062 2.44118550933822e-11
6844.00024414062 2.27348355709964e-11
6854.00024414062 2.72082127569505e-11
6864.00024414062 5.1788400870084e-12
6874.00024414062 4.36718802022416e-11
6884.00024414062 3.84690230536646e-11
6894.00024414062 2.86745362300971e-11
6904.00024414062 4.40316047808914e-11
6914.00024414062 4.83299179622511e-11
6924.00024414062 3.64425558912665e-11
6934.00024414062 5.2666680936334e-11
6944.00024414062 7.8910867584153e-11
6954.00024414062 4.23478050066021e-11
6964.00024414062 8.52537122651431e-11
6974.00024414062 8.35630674268332e-11
6984.00024414062 9.20818590586551e-11
6994.00024414062 8.91016045933843e-11
7004.00024414062 1.10295717645602e-10
7014.00024414062 1.16159697742316e-10
7024.00024414062 1.62634404474588e-10
7034.00024414062 1.80963277111791e-10
7044.00024414062 2.49142999171954e-10
7054.00024414062 3.77126413787182e-10
7064.00024414062 5.36571834773266e-10
7074.00024414062 8.38427089024979e-10
7084.00024414062 1.32294434816893e-09
7094.00024414062 2.07092499634975e-09
7104.00024414062 3.14453427159808e-09
7114.00024414062 4.24510283600837e-09
7124.00024414062 5.26343984343156e-09
7134.00024414062 6.22933976838173e-09
7144.00024414062 5.90721468621669e-09
7154.00024414062 6.51185624790882e-09
7164.00024414062 5.69046794652804e-09
7174.00024414062 4.51113458270571e-09
7184.00024414062 3.31518198814867e-09
7194.00024414062 2.30417252563294e-09
7204.00024414062 1.51764648874323e-09
7214.00024414062 1.081864493589e-09
7224.00024414062 6.39373289754659e-10
7234.00024414062 3.41073495532124e-10
7244.00024414062 2.58594898194547e-10
7254.00024414062 1.64623150872413e-10
7264.00024414062 1.03659707360661e-10
7274.00024414062 8.65079358120975e-11
7284.00024414062 6.00464030525893e-11
7294.00024414062 1.97386210413137e-11
7304.00024414062 3.57647528957376e-11
7314.00024414062 2.27800219391608e-11
7324.00024414062 3.5699866772219e-11
7334.00024414062 2.60969047583252e-11
7344.00024414062 2.95217098044689e-11
7354.00024414062 3.11578849988779e-11
7364.00024414062 3.38837296976855e-11
7374.00024414062 2.99097704090688e-11
7384.00024414062 6.4147509608007e-11
7394.00024414062 8.57222713688987e-11
7404.00024414062 1.15630250170106e-10
7414.00024414062 1.60351897616957e-10
7424.00024414062 2.21721354284593e-10
7434.00024414062 3.74618826689732e-10
7444.00024414062 3.71304803198645e-10
7454.00024414062 3.82034887015059e-10
7464.00024414062 1.07915454759886e-10
7474.00024414062 3.3285837029747e-10
7484.00024414062 1.99948997353946e-10
7494.00024414062 3.10243334798373e-10
7504.00024414062 1.57808496938078e-10
7514.00024414062 1.74949950620365e-10
7524.00024414062 5.30172094976423e-10
7534.00024414062 3.87025592861699e-10
7544.00024414062 7.78235579756161e-10
7554.00024414062 1.5295284495236e-09
7564.00024414062 8.84163423477548e-10
7574.00024414062 2.54026013448569e-10
7584.00024414062 1.19757528978744e-10
7594.00024414062 9.44462981329364e-11
7604.00024414062 5.05555459791763e-11
7614.00024414062 2.41166625101799e-11
7624.00024414062 6.41498213673021e-12
7634.00024414062 2.30449682465077e-11
7644.00024414062 1.19268649138222e-11
7654.00024414062 6.10663258604203e-12
7664.00024414062 4.58525218897476e-12
7674.00024414062 3.7225865377379e-12
7684.00024414062 2.31516659207459e-12
7694.00024414062 3.18993148737634e-12
7704.00024414062 1.79563665353243e-12
7714.00024414062 2.15249680596618e-12
7724.00024414062 5.70341907189709e-13
7734.00024414062 1.41840740455066e-12
7744.00024414062 6.15868926500999e-13
7754.00024414062 1.7830941067534e-12
7764.00024414062 1.72184042369954e-12
7774.00024414062 2.45823602974985e-12
7784.00024414062 1.64937959137509e-12
7794.00024414062 3.06384876623199e-12
7804.00024414062 7.81502560966228e-12
7814.00024414062 5.25387187922429e-12
7824.00024414062 5.35191718819517e-12
7834.00024414062 2.92542494367306e-12
7844.00024414062 9.65674276662800e-12
7854.00024414062 3.84262294371737e-12
7864.00024414062 7.56343134393017e-12
7874.00024414062 1.1884729101007e-11
7884.00024414062 7.26466021019192e-12
7894.00024414062 1.44726444396438e-11
7904.00024414062 2.27485013431587e-11
7914.00024414062 1.79300907460458e-11
7924.00024414062 1.50700917991357e-11
7934.00024414062 2.55968104813504e-11
7944.00024414062 1.53885052853533e-11
7954.00024414062 2.3910399446859e-11
7964.00024414063 0
7974.00024414063 2.90496537952688e-11
7984.00024414063 3.32785460956008e-10
7994.00024414063 1.95344324461062e-10
8004.00024414063 2.36334340506186e-09
8014.00024414063 2.19571950951958e-09
8024.00024414063 2.17267445780479e-09
8034.00024414063 2.47154696839646e-09
8044.00024414063 1.4710395512574e-09
8054.00024414063 2.06863233219425e-10
8064.00024414063 3.14411613847067e-10
8074.00024414062 1.2795459118193e-09
8084.00024414062 2.03593121912326e-09
8094.00024414062 1.38828982440128e-09
8104.00024414062 8.47508602466119e-10
8114.00024414062 1.14522323760716e-09
8124.00024414062 1.63010224439722e-09
8134.00024414062 2.11417742429069e-09
8144.00024414062 2.07496064030281e-09
8154.00024414062 1.56192871285669e-09
8164.00024414062 1.13032409132184e-09
8174.00024414062 1.17302815523794e-09
8184.00024414062 1.06404654184937e-09
8194.00024414062 1.26690731485973e-09
8204.00024414062 9.10606396771304e-10
8214.00024414062 9.41710451859127e-10
8224.00024414062 1.08034092738538e-09
8234.00024414062 1.65487290763811e-10
8244.00024414062 0
8254.00024414062 4.32982017194084e-10
8264.00024414062 1.17528250508789e-09
8274.00024414062 8.96228775102207e-10
8284.00024414062 4.4392357100673e-10
8294.00024414062 2.13838259345614e-10
8304.00024414062 4.55415020133535e-10
8314.00024414062 1.32826955924476e-09
8324.00024414062 1.12261824783161e-09
8334.00024414062 4.38861400037144e-10
8344.00024414062 9.02986651804959e-10
8354.00024414062 9.77612992081464e-10
8364.00024414062 5.83316226452392e-10
8374.00024414062 1.02251659358859e-09
8384.00024414062 1.17674571447227e-09
8394.00024414062 4.97867243167277e-10
8404.00024414062 2.8121132332678e-10
8414.00024414062 1.80855771945698e-10
8424.00024414062 6.34229553922659e-10
8434.00024414062 8.85372345316902e-10
8444.00024414062 3.04247293231852e-10
8454.00024414062 3.29505027124038e-10
8464.00024414062 3.71153059995365e-10
8474.00024414062 6.04843579215758e-10
8484.00024414062 7.40150115022212e-10
8494.00024414062 4.63514906653688e-10
8504.00024414062 5.10438497930021e-10
8514.00024414062 6.25620100922216e-10
8524.00024414062 9.72778474012766e-10
8534.00024414062 1.00946059661764e-09
8544.00024414062 7.55045216510702e-10
8554.00024414062 5.87947515045787e-10
8564.00024414062 3.6318612542353e-10
8574.00024414062 3.09441728395906e-10
8584.00024414062 7.35881517812197e-10
8594.00024414062 5.68731372314583e-10
8604.00024414062 7.90161115061225e-10
8614.00024414062 5.43750884454454e-10
8624.00024414062 2.07991271934749e-10
8634.00024414062 4.94913508020562e-10
8644.00024414062 1.00992542600735e-09
8654.00024414062 7.13580477117316e-10
8664.00024414062 6.40321840569409e-10
8674.00024414062 5.74037917972751e-10
8684.00024414062 6.78521657069024e-10
8694.00024414062 1.01749269579387e-09
8704.00024414062 8.78874638927166e-10
8714.00024414062 9.08902309639847e-10
8724.00024414062 9.90247271043085e-10
8734.00024414062 1.03375786579151e-09
8744.00024414062 8.85851463777247e-10
8754.00024414062 9.05922916454521e-10
8764.00024414062 1.19378191039584e-09
8774.00024414062 1.11184138166313e-09
8784.00024414062 1.01158962800054e-09
8794.00024414062 1.15590150356923e-09
8804.00024414062 7.71048475131159e-10
8814.00024414062 6.90606614894619e-10
8824.00024414062 7.80160627519618e-10
8834.00024414062 8.98968610260158e-10
8844.00024414062 7.65688340315423e-10
8854.00024414062 5.42274261347579e-10
8864.00024414062 6.47031306671625e-10
8874.00024414062 7.48189803791288e-10
8884.00024414062 6.46786326581476e-10
8894.00024414062 6.97015330805545e-10
8904.00024414062 8.68894904791944e-10
8914.00024414062 8.06728307031171e-10
8924.00024414062 1.01182507797084e-09
8934.00024414062 8.73572064163741e-10
8944.00024414062 1.28439170745139e-09
8954.00024414062 9.6844663483736e-10
8964.00024414062 1.18997475460276e-09
8974.00024414062 1.35027626354781e-09
8984.00024414062 1.27905702086049e-09
8994.00024414062 1.07087489121436e-09
9004.00024414062 1.27989168754073e-09
9014.00024414062 1.4339795951315e-09
9024.00024414062 1.5846766350844e-09
9034.00024414062 1.37842453039822e-09
9044.00024414062 8.28958752896181e-10
9054.00024414062 1.19044424375684e-09
9064.00024414062 8.76797498655324e-10
9074.00024414062 8.14008719326412e-10
9084.00024414062 1.00537950430929e-09
9094.00024414062 1.16476549792189e-09
9104.00024414062 1.11473903608126e-09
9114.00024414062 8.09629273584567e-10
9124.00024414062 8.87388627717148e-10
9134.00024414062 1.12250193454958e-09
9144.00024414062 9.67250980006693e-10
9154.00024414062 6.64770860072115e-10
9164.00024414062 5.34560580467224e-10
9174.00024414062 3.02886728900632e-10
9184.00024414062 3.45288017336165e-10
9194.00024414062 4.90063231560574e-10
9204.00024414062 3.81002401307994e-10
9214.00024414062 2.583168519527e-10
9224.00024414062 3.81824614670065e-10
9234.00024414062 4.57411230316283e-10
9244.00024414062 5.09402159553688e-10
9254.00024414062 5.32363786418293e-10
9264.00024414062 6.39818032927235e-10
9274.00024414062 6.43460267506694e-10
9284.00024414062 7.0956941034431e-10
9294.00024414062 1.31908662151019e-09
9304.00024414062 1.5362568614404e-09
9314.00024414062 2.06666620381721e-09
9324.00024414062 2.54415602084545e-09
9334.00024414062 2.66180613852161e-09
9344.00024414062 2.84173600844539e-09
9354.00024414062 2.83239018273226e-09
9364.00024414062 2.22734477313403e-09
9374.00024414062 1.97684552242728e-09
9384.00024414062 1.82196654722131e-09
9394.00024414062 1.85544712521144e-09
9404.00024414062 1.38008604319765e-09
9414.00024414062 7.01463408419685e-10
9424.00024414062 4.1922714363807e-10
9434.00024414062 4.84655532720839e-10
9444.00024414062 8.44312204871932e-10
9454.00024414062 9.38366958084327e-10
9464.00024414062 4.61283026273027e-10
9474.00024414062 9.5183940959561e-10
9484.00024414062 7.71303601755834e-10
9494.00024414062 4.28473141803563e-10
9504.00024414062 1.08225040908575e-09
9514.00024414062 1.01555844661544e-09
9524.00024414062 7.39072613408299e-10
9534.00024414062 6.7905644131708e-10
9544.00024414062 8.93719992004922e-10
9554.00024414062 1.02912051609269e-09
9564.00024414062 1.02810011642809e-09
9574.00024414062 1.02426056125928e-09
9584.00024414062 9.06254482170124e-10
9594.00024414062 8.5669802148039e-10
9604.00024414062 7.53017040806488e-10
9614.00024414062 9.87569676963892e-10
9624.00024414062 7.762397168794e-10
9634.00024414062 7.73978835733292e-10
9644.00024414062 9.3663957679564e-10
9654.00024414062 9.93764447669632e-10
9664.00024414062 8.91388638665117e-10
9674.00024414062 1.16668055605815e-09
9684.00024414062 1.07712055541118e-09
9694.00024414062 9.16313294710896e-10
9704.00024414062 1.33649031547946e-09
9714.00024414062 6.66356548073722e-10
9724.00024414062 3.13132055915355e-09
9734.00024414062 1.88849160319985e-09
9744.00024414062 2.86810433954953e-09
9754.00024414062 3.8291307620108e-09
9764.00024414062 5.50757831047894e-09
9774.00024414062 6.6183472191225e-09
9784.00024414062 7.95516614273447e-09
9794.00024414062 8.40978578506645e-09
9804.00024414062 9.61950636728637e-09
9814.00024414062 2.03429847950902e-08
9824.00024414062 1.93876616515126e-08
9834.00024414062 2.44902129122329e-08
9844.00024414062 2.752757967966e-08
9854.00024414062 3.95768677912602e-08
9864.00024414062 5.05581038794019e-08
9874.00024414062 5.02007909058645e-08
9884.00024414062 7.16596541867099e-08
9894.00024414062 7.40637128142227e-08
9904.00024414062 8.7668012696849e-08
9914.00024414062 9.40535892306813e-08
9924.00024414062 1.31219727401624e-07
9934.00024414062 1.19765660915933e-07
9944.00024414062 1.3767351275634e-07
9954.00024414062 1.14177060453802e-07
9964.00024414062 1.48053213702663e-07
9974.00024414062 1.78388115229953e-07
9984.00024414062 9.97080726154462e-08
9994.00024414062 1.5791656111534e-07
10004.0002441406 1.75502304477989e-07
10014.0002441406 4.77316111149047e-07
10024.0002441406 7.49900465946867e-07
10034.0002441406 3.02636075387845e-07
10044.0002441406 4.54811557043145e-07
10054.0002441406 6.0808738303352e-07
10064.0002441406 2.89778025959132e-07
10074.0002441406 1.06257914753471e-06
10084.0002441406 1.72590284557192e-07
10094.0002441406 1.3137142157842e-06
10104.0002441406 1.36239833486886e-06
10114.0002441406 5.04157135407314e-07
10124.0002441406 5.76795474657394e-07
10134.0002441406 3.9732979840128e-07
10144.0002441406 2.26881437579167e-07
10154.0002441406 3.59023057091101e-07
10164.0002441406 7.8273580404166e-07
10174.0002441406 1.05303115567525e-06
10184.0002441406 4.24092356319479e-07
10194.0002441406 3.67056921768641e-08
10204.0002441406 6.56889856854418e-07
10214.0002441406 1.33435317337184e-06
10224.0002441406 1.38294515088737e-06
10234.0002441406 1.07841634510825e-07
10244.0002441406 1.29839908431185e-06
10254.0002441406 5.57327212074776e-07
10264.0002441406 7.4092756088726e-08
10274.0002441406 5.82430393209348e-07
10284.0002441406 2.64542113654927e-07
10294.0002441406 1.20814692957477e-06
10304.0002441406 5.73167379510075e-07
10314.0002441406 3.27197162819189e-07
10324.0002441406 1.10488183447327e-06
10334.0002441406 5.2702252914857e-07
10344.0002441406 2.42699818131271e-07
10354.0002441406 8.86248921390988e-07
10364.0002441406 1.39450003921617e-06
10374.0002441406 5.65537504842136e-07
10384.0002441406 4.86821041417671e-07
10394.0002441406 4.60102584666883e-07
10404.0002441406 3.10026074368547e-11
10414.0002441406 1.63830990807071e-06
10424.0002441406 7.80029790309884e-07
10434.0002441406 1.13134078812643e-06
10444.0002441406 9.29065756267628e-07
10454.0002441406 2.40926256045793e-07
10464.0002441406 9.05626358474968e-07
10474.0002441406 5.35594142803417e-07
10484.0002441406 8.11016379790893e-07
10494.0002441406 3.53242709798813e-07
10504.0002441406 7.30395633192731e-07
10514.0002441406 1.39493398347677e-06
10524.0002441406 3.16904810735113e-07
10534.0002441406 1.14356824379308e-06
10544.0002441406 1.14489728639434e-06
10554.0002441406 1.62491919743002e-07
10564.0002441406 6.13396797546572e-07
10574.0002441406 9.10117021795296e-08
10584.0002441406 3.83813251387047e-07
10594.0002441406 8.24791589254408e-07
10604.0002441406 4.67627946937625e-07
10614.0002441406 2.26194904853698e-07
10624.0002441406 4.31665321183204e-07
10634.0002441406 3.5275605862938e-07
10644.0002441406 1.3703206372426e-06
10654.0002441406 2.6568657767444e-07
10664.0002441406 4.34152262826009e-07
10674.0002441406 8.08007909947894e-08
10684.0002441406 9.02413907712095e-07
10694.0002441406 2.40629137879952e-07
10704.0002441406 1.55529883387813e-07
10714.0002441406 6.13135139912396e-07
10724.0002441406 1.52462588253046e-07
10734.0002441406 3.10757747895087e-07
10744.0002441406 1.41330981570263e-06
10754.0002441406 1.39769624123877e-06
10764.0002441406 4.23916884627822e-07
10774.0002441406 7.3137369980135e-07
10784.0002441406 7.44563880144137e-07
10794.0002441406 1.04775628701892e-06
10804.0002441406 7.15434026479551e-07
10814.0002441406 2.47573153866008e-07
10824.0002441406 9.10010938226588e-07
10834.0002441406 1.22553038212337e-07
10844.0002441406 2.40064425041673e-07
10854.0002441406 6.20479878754476e-07
10864.0002441406 3.82141293865644e-07
10874.0002441406 7.59218549354047e-07
10884.0002441406 5.54139903087231e-07
10894.0002441406 4.69306137289672e-07
10904.0002441406 1.22539281957917e-07
10914.0002441406 4.62839006629903e-07
10924.0002441406 1.0237140302617e-06
10934.0002441406 3.23863652018845e-07
10944.0002441406 2.99373168796551e-07
10954.0002441406 5.97769345593724e-07
10964.0002441406 9.07281746021278e-07
10974.0002441406 2.63327878921123e-07
10984.0002441406 5.80889374901741e-07
10994.0002441406 2.37610508525952e-07
11004.0002441406 4.5751873211643e-07
11014.0002441406 4.49749257496908e-07
11024.0002441406 2.20939851074898e-08
11034.0002441406 6.3772112743578e-07
11044.0002441406 3.93522694481101e-07
11054.0002441406 1.12967374854907e-06
11064.0002441406 3.14508562157544e-07
11074.0002441406 5.83958400833302e-07
11084.0002441406 3.09442540351634e-07
11094.0002441406 1.59149913087582e-07
11104.0002441406 3.533020429747e-07
11114.0002441406 5.74437380871648e-07
11124.0002441406 6.1813514297119e-07
11134.0002441406 2.04032569827419e-07
11144.0002441406 9.49786785473723e-07
11154.0002441406 6.19242214232292e-07
11164.0002441406 9.10627749997824e-08
11174.0002441406 4.14450915052957e-07
11184.0002441406 4.40215898344629e-07
11194.0002441406 1.4015828267004e-06
11204.0002441406 3.40380523083891e-08
11214.0002441406 2.39018791576822e-07
11224.0002441406 1.00245569724281e-06
11234.0002441406 2.31753936217319e-07
11244.0002441406 9.63345120930555e-07
11254.0002441406 1.81136171179593e-07
11264.0002441406 7.48638552430943e-07
11274.0002441406 2.95862726923286e-07
11284.0002441406 5.44235470949501e-07
11294.0002441406 9.34298332018288e-07
11304.0002441406 4.79669341068301e-07
11314.0002441406 3.48516483690715e-11
11324.0002441406 3.79629742598331e-07
11334.0002441406 1.2169301713342e-06
11344.0002441406 5.36418329149245e-07
11354.0002441406 2.87218015786424e-07
11364.0002441406 5.7093282396692e-07
11374.0002441406 1.28450498373276e-07
11384.0002441406 7.57251831099306e-07
11394.0002441406 2.41000132957274e-07
11404.0002441406 6.16964010099519e-07
11414.0002441406 2.42963491811106e-07
11424.0002441406 5.47062481802652e-07
11434.0002441406 1.03620093186518e-07
11444.0002441406 7.71446590921772e-07
11454.0002441406 6.74544720162763e-07
11464.0002441406 4.15518429073117e-08
11474.0002441406 7.3909971031428e-07
11484.0002441406 4.99712431680728e-07
11494.0002441406 2.74218642341763e-07
11504.0002441406 4.45630677964402e-07
11514.0002441406 3.65782902854832e-07
11524.0002441406 3.28342938645213e-07
11534.0002441406 1.27346582844386e-07
11544.0002441406 6.58408779541468e-07
11554.0002441406 3.60796794326802e-11
11564.0002441406 4.89473995492339e-07
11574.0002441406 3.92723908448867e-07
11584.0002441406 3.66538935418514e-07
11594.0002441406 2.40499249811397e-07
11604.0002441406 6.78708516852931e-08
11614.0002441406 3.79063936440622e-07
11624.0002441406 4.11381988325138e-07
11634.0002441406 4.03567283119811e-07
11644.0002441406 4.52702556071035e-08
11654.0002441406 7.61306175919233e-07
11664.0002441406 4.21573001839541e-07
11674.0002441406 1.34096210242036e-06
11684.0002441406 1.19863948285433e-08
11694.0002441406 5.53446728589516e-07
11704.0002441406 8.70768010920473e-07
11714.0002441406 2.5255583872962e-07
11724.0002441406 1.6423423818431e-07
11734.0002441406 1.00405156878219e-06
11744.0002441406 4.88185467024061e-07
11754.0002441406 1.05440429188245e-06
11764.0002441406 1.25941639001183e-06
11774.0002441406 8.01068304609339e-07
11784.0002441406 1.35819757808405e-07
11794.0002441406 5.52135453664253e-07
11804.0002441406 5.14712276076781e-07
11814.0002441406 1.68524405578107e-08
11824.0002441406 2.49976748011462e-07
11834.0002441406 5.79768704273802e-07
11844.0002441406 5.55203290242428e-07
11854.0002441406 4.70645310723761e-07
11864.0002441406 1.32423036553967e-06
11874.0002441406 8.12253918737022e-08
11884.0002441406 5.30756636998859e-07
11894.0002441406 2.99567374040197e-07
11904.0002441406 4.7418116883257e-07
11914.0002441406 2.56321311990003e-07
11924.0002441406 6.27245198198849e-07
11934.0002441406 1.33610271061434e-07
11944.0002441406 2.94387063087359e-07
11954.0002441406 3.79752953721881e-07
11964.0002441406 2.03740393601341e-08
11974.0002441406 2.64301720976785e-07
11984.0002441406 3.04720471169032e-07
11994.0002441406 5.90346421784815e-07
12004.0002441406 5.09884429703292e-08
12014.0002441406 5.07111549392569e-07
12024.0002441406 2.07841851636022e-07
12034.0002441406 1.50619828400632e-07
12044.0002441406 2.66986074217603e-07
12054.0002441406 5.89846017739276e-07
12064.0002441406 6.96020658946632e-07
12074.0002441406 3.99915400396679e-07
12084.0002441406 3.03823905243914e-07
12094.0002441406 7.25611782152541e-07
12104.0002441406 1.1708858925623e-07
12114.0002441406 6.98393301640776e-07
12124.0002441406 3.47483254875649e-07
12134.0002441406 4.61946282591169e-07
12144.0002441406 2.21327813163835e-07
12154.0002441406 8.22084101856748e-08
12164.0002441406 3.56474334719992e-11
12174.0002441406 3.30880623779342e-07
12184.0002441406 7.29161105016631e-07
12194.0002441406 4.40511792608287e-08
12204.0002441406 2.55591663295312e-07
12214.0002441406 2.65279475829526e-07
12224.0002441406 6.05430837490957e-07
12234.0002441406 4.29694734504944e-07
12244.0002441406 5.69590380891243e-07
12254.0002441406 2.06540245652011e-07
12264.0002441406 8.1217351399941e-07
12274.0002441406 6.48837808966141e-07
12284.0002441406 1.02941446353609e-06
12294.0002441406 6.81587344476538e-08
12304.0002441406 7.73005869257999e-08
12314.0002441406 9.92945710338694e-07
12324.0002441406 2.00139753566944e-07
12334.0002441406 5.8232449102928e-08
12344.0002441406 1.83683384425519e-07
12354.0002441406 1.46665823231687e-07
12364.0002441406 5.66594459095199e-07
12374.0002441406 1.22586621707653e-06
12384.0002441406 3.79373570057581e-11
12394.0002441406 5.34336494262292e-08
12404.0002441406 1.86500574332574e-07
12414.0002441406 4.66860345491019e-07
12424.0002441406 8.99051125063257e-07
12434.0002441406 1.17430543738841e-07
12444.0002441406 3.82543514825992e-07
12454.0002441406 6.33581316554502e-07
12464.0002441406 6.63286772995448e-08
12474.0002441406 4.8973561338459e-07
12484.0002441406 2.2122828872457e-07
12494.0002441406 3.13326346311421e-07
12504.0002441406 4.86913500262199e-07
12514.0002441406 1.23171206682236e-06
12524.0002441406 6.49820256188899e-07
12534.0002441406 2.65205587138935e-07
12544.0002441406 3.81736430007295e-07
12554.0002441406 1.65287033791869e-07
12564.0002441406 5.92287057682182e-07
12574.0002441406 6.63980540387242e-09
12584.0002441406 3.5326537096399e-07
12594.0002441406 3.75894285094537e-07
12604.0002441406 3.54308058804039e-07
12614.0002441406 7.99044480747164e-07
12624.0002441406 1.43197920763556e-07
12634.0002441406 1.2335952808034e-06
12644.0002441406 8.77359099785678e-07
12654.0002441406 3.54695398039877e-07
12664.0002441406 5.94720156852314e-07
12674.0002441406 3.83354041109536e-11
12684.0002441406 7.88132405427989e-07
12694.0002441406 7.60775874847686e-07
12704.0002441406 4.44874016929458e-08
12714.0002441406 1.23286806841206e-07
12724.0002441406 5.43130582116021e-08
12734.0002441406 8.38773420292115e-07
12744.0002441406 4.60466255138362e-07
12754.0002441406 7.06705451183711e-07
12764.0002441406 1.22215552274827e-07
12774.0002441406 4.22408484708658e-07
12784.0002441406 4.60458794031287e-07
12794.0002441406 5.54544338321473e-07
12804.0002441406 2.92567688019277e-07
12814.0002441406 1.07980974504237e-06
12824.0002441406 1.30797933969673e-07
12834.0002441406 5.48846803793667e-07
12844.0002441406 1.25636183232934e-06
12854.0002441406 4.83316956669606e-07
12864.0002441406 1.01205910316623e-07
12874.0002441406 4.54285347602066e-07
12884.0002441406 8.52800113951256e-07
12894.0002441406 5.30788321421799e-07
12904.0002441406 1.15925555032063e-06
12914.0002441406 6.36221033657971e-07
12924.0002441406 3.75959510112955e-07
12934.0002441406 2.03188737443391e-07
12944.0002441406 1.18825733380526e-06
12954.0002441406 4.05989959306088e-08
12964.0002441406 4.94705844528036e-07
12974.0002441406 5.48939828060417e-07
12984.0002441406 1.6894221944059e-07
12994.0002441406 4.32590127610777e-07
13004.0002441406 2.68642658203582e-07
13014.0002441406 5.73613964912013e-07
13024.0002441406 8.89811776677152e-07
13034.0002441406 4.87858617089185e-07
13044.0002441406 4.26469899279437e-07
13054.0002441406 5.76095321934929e-07
13064.0002441406 7.85260740432436e-07
13074.0002441406 5.93585740820359e-07
13084.0002441406 7.10033419375795e-07
13094.0002441406 5.76504728827833e-07
13104.0002441406 4.06757330016995e-07
13114.0002441406 2.02100981915447e-08
13124.0002441406 3.9602053039221e-07
13134.0002441406 3.43911056679965e-07
13144.0002441406 3.14832454485246e-07
13154.0002441406 7.8574066900286e-07
13164.0002441406 2.57902432070587e-07
13174.0002441406 8.06641352068607e-07
13184.0002441406 8.32972317935453e-07
13194.0002441406 2.29719454738334e-07
13204.0002441406 2.88955133889463e-07
13214.0002441406 2.58061740026183e-07
13224.0002441406 3.80571226133842e-07
13234.0002441406 4.48749406629945e-07
13244.0002441406 9.28912866995479e-08
13254.0002441406 1.4161665141443e-07
13264.0002441406 2.10483571273908e-07
13274.0002441406 4.10034167474036e-07
13284.0002441406 1.70857478063408e-07
13294.0002441406 1.25129529045474e-06
13304.0002441406 4.34217400494095e-07
13314.0002441406 5.82801054721104e-07
13324.0002441406 5.45660787141591e-07
13334.0002441406 6.92825440641463e-07
13344.0002441406 3.29653288080245e-07
13354.0002441406 2.98580559162681e-07
13364.0002441406 9.20138116641579e-07
13374.0002441406 6.88410612658575e-07
13384.0002441406 2.02928965578515e-07
13394.0002441406 8.37131994575544e-07
13404.0002441406 2.26378530459632e-07
13414.0002441406 1.29973169611945e-07
13424.0002441406 2.93390070774061e-07
13434.0002441406 2.6214718201563e-07
13444.0002441406 8.85641448252298e-07
13454.0002441406 3.54214167778762e-07
13464.0002441406 3.59837672734267e-07
13474.0002441406 7.28977279536627e-07
13484.0002441406 6.35822835526196e-07
13494.0002441406 7.7047309600839e-07
13504.0002441406 8.83045881333491e-07
13514.0002441406 2.30986833598827e-07
13524.0002441406 1.80212223113832e-07
13534.0002441406 1.12434267257211e-06
13544.0002441406 4.00395235598344e-11
13554.0002441406 8.47812353065925e-07
13564.0002441406 1.61077062196918e-07
13574.0002441406 5.87625229257221e-07
13584.0002441406 4.45807866170535e-07
13594.0002441406 4.41032580020467e-07
13604.0002441406 1.45488232265535e-07
13614.0002441406 5.77942688716646e-07
13624.0002441406 1.13303861734264e-06
13634.0002441406 6.34842154913046e-07
13644.0002441406 7.70761489996848e-07
13654.0002441406 1.33376557034728e-07
13664.0002441406 8.12975690596321e-07
13674.0002441406 1.36180314896131e-06
13684.0002441406 2.76665217752105e-07
13694.0002441406 2.72314573836007e-07
13704.0002441406 4.52340959425037e-07
13714.0002441406 7.26768255522899e-07
13724.0002441406 5.43309591868389e-07
13734.0002441406 1.27311998281355e-06
13744.0002441406 6.77472705778263e-07
13754.0002441406 1.04169452027976e-06
13764.0002441406 4.98186154476077e-07
13774.0002441406 1.05415760007563e-06
13784.0002441406 9.08641095245477e-07
13794.0002441406 1.30696513429009e-07
13804.0002441406 1.00493888994555e-06
13814.0002441406 2.96084651266266e-07
13824.0002441406 1.17691168677038e-06
13834.0002441406 3.11848685603308e-07
13844.0002441406 3.53892483396908e-07
13854.0002441406 3.52067495445168e-07
13864.0002441406 4.76341250685397e-07
13874.0002441406 1.26326723618267e-06
13884.0002441406 6.13552832302222e-07
13894.0002441406 3.1993782342333e-07
13904.0002441406 1.8249024367122e-06
13914.0002441406 8.7202118732159e-07
13924.0002441406 3.30407471026974e-07
13934.0002441406 6.19637331717837e-07
13944.0002441406 4.64890048805764e-07
13954.0002441406 1.52287713632434e-06
13964.0002441406 9.90656910803985e-07
13974.0002441406 8.85072465682149e-07
13984.0002441406 4.33018558924282e-07
13994.0002441406 8.80857194049887e-07
14004.0002441406 2.22910818948863e-07
14014.0002441406 5.22738799505909e-07
14024.0002441406 6.41330467411157e-07
14034.0002441406 7.8085236312573e-07
14044.0002441406 7.39764618149359e-07
14054.0002441406 1.05673019617136e-06
14064.0002441406 3.32823540230376e-07
14074.0002441406 7.68933989115518e-07
14084.0002441406 5.17083418321894e-07
14094.0002441406 6.85852258257802e-08
14104.0002441406 8.39858442259961e-07
14114.0002441406 3.27134700405486e-07
14124.0002441406 1.08089861680539e-06
14134.0002441406 4.03610593953774e-07
14144.0002441406 7.88894568673277e-07
14154.0002441406 5.98031692428148e-07
14164.0002441406 1.96145129980146e-07
14174.0002441406 4.11287460762927e-07
14184.0002441406 5.62092374445319e-07
14194.0002441406 6.23626725745556e-07
14204.0002441406 2.3653197846296e-07
14214.0002441406 1.03445230366133e-06
14224.0002441406 7.80650068217125e-07
14234.0002441406 9.80102289745923e-07
14244.0002441406 1.05267995964487e-07
14254.0002441406 1.62682076475502e-06
14264.0002441406 5.60801061296095e-07
14274.0002441406 8.94913062662689e-07
14284.0002441406 7.18586594567192e-07
14294.0002441406 4.77732487421638e-07
14304.0002441406 7.84177330513471e-07
14314.0002441406 4.83958225880585e-07
14324.0002441406 1.3064178216683e-06
14334.0002441406 7.21663286398888e-07
14344.0002441406 4.54402975413956e-07
14354.0002441406 7.26997494868738e-07
14364.0002441406 5.46010586806011e-07
14374.0002441406 7.75704885867453e-07
14384.0002441406 9.58429025838621e-07
14394.0002441406 6.62426166665676e-07
14404.0002441406 7.84088450924373e-07
14414.0002441406 1.45143577562332e-06
14424.0002441406 7.1204320358722e-07
14434.0002441406 1.74213116361089e-06
14444.0002441406 1.65995872948619e-06
14454.0002441406 1.87096329640464e-06
14464.0002441406 1.2043644233549e-06
14474.0002441406 1.61632998195784e-06
14484.0002441406 1.97268345334322e-06
14494.0002441406 1.52015877453367e-06
14504.0002441406 2.16296514773373e-06
14514.0002441406 2.09416535110187e-06
14524.0002441406 2.11770103721334e-06
14534.0002441406 2.41111968328544e-06
14544.0002441406 2.03806213438983e-06
14554.0002441406 2.78536463040356e-06
14564.0002441406 2.92614743662427e-06
14574.0002441406 3.42717675820648e-06
14584.0002441406 3.43697181612111e-06
14594.0002441406 3.3764797692572e-06
14604.0002441406 4.53675000776246e-06
14614.0002441406 5.08307809579836e-06
14624.0002441406 5.44642532459436e-06
14634.0002441406 6.35512103177574e-06
14644.0002441406 6.90537097677521e-06
14654.0002441406 7.7029259241519e-06
14664.0002441406 1.02283450982468e-05
14674.0002441406 9.5663273389111e-06
14684.0002441406 1.214765913677e-05
14694.0002441406 1.31272691139031e-05
14704.0002441406 1.42570261124062e-05
14714.0002441406 1.77653091981136e-05
14724.0002441406 2.02051184454589e-05
14734.0002441406 2.26928528788874e-05
14744.0002441406 2.56344282487269e-05
14754.0002441406 2.91554364778789e-05
14764.0002441406 3.18822463607699e-05
14774.0002441406 3.66894054392344e-05
14784.0002441406 4.04101373031134e-05
14794.0002441406 4.71999392725933e-05
14804.0002441406 5.18593159348689e-05
14814.0002441406 5.67869109756346e-05
14824.0002441406 6.59727298181131e-05
14834.0002441406 7.17489612919899e-05
14844.0002441406 8.14586126546952e-05
14854.0002441406 9.09838034696074e-05
14864.0002441406 0.000102336232891842
14874.0002441406 0.000116138446381655
14884.0002441406 0.000128315338360991
14894.0002441406 0.000147810167973473
14904.0002441406 0.000168444355998156
14914.0002441406 0.000191469960675017
14924.0002441406 0.000219297522125126
14934.0002441406 0.000248875389668609
14944.0002441406 0.000293703024783686
14954.0002441406 0.000325009105970945
14964.0002441406 0.000380621031112973
14974.0002441406 0.000443225303770271
14984.0002441406 0.000522948529320521
14994.0002441406 0.000603056037887391
15004.0002441406 0.000715260461004133
15014.0002441406 0.000832130133721079
15024.0002441406 0.000969801901173936
15034.0002441406 0.00114224271457311
15044.0002441406 0.00132873421762936
15054.0002441406 0.0015833083419443
15064.0002441406 0.00185945907047246
15074.0002441406 0.00219918263732033
15084.0002441406 0.00254137720082135
15094.0002441406 0.00297084863021342
15104.0002441406 0.00346745111287599
15114.0002441406 0.00414274947572737
15124.0002441406 0.00471195187600973
15134.0002441406 0.00560916995412903
15144.0002441406 0.0062813208008654
15154.0002441406 0.00755463831785873
15164.0002441406 0.0088067222591105
15174.0002441406 0.0102329915966995
15184.0002441406 0.0117856063216444
15194.0002441406 0.0131214420196847
15204.0002441406 0.0145179919522918
15214.0002441406 0.0158666682220632
15224.0002441406 0.0177781390666701
15234.0002441406 0.0197056344123929
15244.0002441406 0.0212541530330907
15254.0002441406 0.0245095176205487
15264.0002441406 0.0270060109556724
15274.0002441406 0.0303247329932394
15284.0002441406 0.0346005150487783
15294.0002441406 0.0392474116866424
15304.0002441406 0.0449767920013193
15314.0002441406 0.051197397777827
15324.0002441406 0.0588592040624197
15334.0002441406 0.0683276007264474
15344.0002441406 0.0773236537031489
15354.0002441406 0.0916875944750768
15364.0002441406 0.103961524178231
15374.0002441406 0.117798340587634
15384.0002441406 0.142640801195659
15394.0002441406 0.161559355480475
15404.0002441406 0.185972147787263
15414.0002441406 0.212023170641096
15424.0002441406 0.239511431569677
15434.0002441406 0.264222714645914
15444.0002441406 0.29109641721158
15454.0002441406 0.317571249877513
15464.0002441406 0.335973963004348
15474.0002441406 0.354919453352171
15484.0002441406 0.369832386122903
15494.0002441406 0.379255779212818
15504.0002441406 0.385963579909531
15514.0002441406 0.38953506560063
15524.0002441406 0.39561490853845
15534.0002441406 0.39608271367368
15544.0002441406 0.399995000211947
15554.0002441406 0.404089772821471
15564.0002441406 0.404914624030343
15574.0002441406 0.404477325202424
15584.0002441406 0.400530652021371
15594.0002441406 0.411946992412854
15604.0002441406 0.406976211353916
15614.0002441406 0.40864806250922
15624.0002441406 0.415755327949487
15634.0002441406 0.417727332875686
15644.0002441406 0.411065772843409
15654.0002441406 0.416226958145016
15664.0002441406 0.413210115757697
15674.0002441406 0.416200893448699
15684.0002441406 0.415706196423259
15694.0002441406 0.41788843108892
15704.0002441406 0.415644160633373
15714.0002441406 0.416849823015515
15724.0002441406 0.420177133161576
15734.0002441406 0.412136817044547
15744.0002441406 0.420429388942732
15754.0002441406 0.427600775773515
15764.0002441406 0.4224257002731
15774.0002441406 0.420791117478996
15784.0002441406 0.417872951742038
15794.0002441406 0.41925968809776
15804.0002441406 0.436455072986528
15814.0002441406 0.421712160548179
15824.0002441406 0.434625030451008
15834.0002441406 0.425988402035354
15844.0002441406 0.424031826660524
15854.0002441406 0.431460540756092
15864.0002441406 0.425972402949352
15874.0002441406 0.430759121201099
15884.0002441406 0.424694111166329
15894.0002441406 0.427325396147557
15904.0002441406 0.427449691351194
15914.0002441406 0.427482059538317
15924.0002441406 0.423335889600193
15934.0002441406 0.427210236468862
15944.0002441406 0.423405582736849
15954.0002441406 0.423166457783028
15964.0002441406 0.42247166920296
15974.0002441406 0.425695857509622
15984.0002441406 0.420574196900686
15994.0002441406 0.42179209605522
16004.0002441406 0.422108193974363
16014.0002441406 0.423694445760715
16024.0002441406 0.424566776090284
16034.0002441406 0.423254631367261
16044.0002441406 0.425515855806757
16054.0002441406 0.427373837684759
16064.0002441406 0.419994656021384
16074.0002441406 0.419662497616312
16084.0002441406 0.42213301878186
16094.0002441406 0.42373539978957
16104.0002441406 0.420414373279519
16114.0002441406 0.422866499244818
16124.0002441406 0.41790749639852
16134.0002441406 0.418801002305707
16144.0002441406 0.41319600095569
16154.0002441406 0.426536704850674
16164.0002441406 0.413636836626673
16174.0002441406 0.421538620908523
16184.0002441406 0.414536827333528
16194.0002441406 0.417078098194741
16204.0002441406 0.422468194082573
16214.0002441406 0.418710592581054
16224.0002441406 0.415205762371691
16234.0002441406 0.418148708086753
16244.0002441406 0.419082102767609
16254.0002441406 0.410802376537174
16264.0002441406 0.432085828152288
16274.0002441406 0.420059285168317
16284.0002441406 0.422830956776865
16294.0002441406 0.422229777983087
16304.0002441406 0.423772253940491
16314.0002441406 0.416499655234541
16324.0002441406 0.424661908131012
16334.0002441406 0.422357029114506
16344.0002441406 0.418719554406105
16354.0002441406 0.429670958838438
16364.0002441406 0.430240061709619
16374.0002441406 0.42496591261477
16384.0002441406 0.427449301711666
16394.0002441406 0.429541895352718
16404.0002441406 0.43023886850255
16414.0002441406 0.43123702948173
16424.0002441406 0.431825217665729
16434.0002441406 0.428538207798968
16444.0002441406 0.434871579079112
16454.0002441406 0.433931714420905
16464.0002441406 0.430104189228546
16474.0002441406 0.430960498730835
16484.0002441406 0.434645058584231
16494.0002441406 0.435310136239794
16504.0002441406 0.434991249312277
16514.0002441406 0.441374681504367
16524.0002441406 0.433096286872694
16534.0002441406 0.429621680922227
16544.0002441406 0.436252170616528
16554.0002441406 0.432784573774175
16564.0002441406 0.431236963940808
16574.0002441406 0.432908218659776
16584.0002441406 0.428836946900258
16594.0002441406 0.436744161792263
16604.0002441406 0.434895046762717
16614.0002441406 0.430719932427586
16624.0002441406 0.430746416949
16634.0002441406 0.428187565967345
16644.0002441406 0.431458033450297
16654.0002441406 0.428364048083991
16664.0002441406 0.427457780685975
16674.0002441406 0.430828925365945
16684.0002441406 0.428297475917715
16694.0002441406 0.428329840868286
16704.0002441406 0.426087002093016
16714.0002441406 0.42370602091112
16724.0002441406 0.422751437581196
16734.0002441406 0.427424860277542
16744.0002441406 0.427738934812604
16754.0002441406 0.428538204883001
16764.0002441406 0.433196905242457
16774.0002441406 0.426744231178877
16784.0002441406 0.43037019483648
16794.0002441406 0.433897232313536
16804.0002441406 0.431666789407857
16814.0002441406 0.428596841003478
16824.0002441406 0.428734454712191
16834.0002441406 0.43922864182425
16844.0002441406 0.4356119127928
16854.0002441406 0.435586277998058
16864.0002441406 0.429806869458987
16874.0002441406 0.434920234610427
16884.0002441406 0.432050040521988
16894.0002441406 0.428008060968951
16904.0002441406 0.427277987980553
16914.0002441406 0.43589496315791
16924.0002441406 0.434610381747269
16934.0002441406 0.431671647555421
16944.0002441406 0.426656285000926
16954.0002441406 0.437690516582075
16964.0002441406 0.425798219267057
16974.0002441406 0.425913065039883
16984.0002441406 0.425791977343077
16994.0002441406 0.418437593863532
17004.0002441406 0.414765659400341
17014.0002441406 0.411355722733865
17024.0002441406 0.403274462422174
17034.0002441406 0.393057480485885
17044.0002441406 0.381189776561468
17054.0002441406 0.369627326537124
17064.0002441406 0.354511344221421
17074.0002441406 0.340873592368357
17084.0002441406 0.31981820813418
17094.0002441406 0.29811173755092
17104.0002441406 0.276074790557304
17114.0002441406 0.254677060099174
17124.0002441406 0.225835941288097
17134.0002441406 0.21788107405149
17144.0002441406 0.189386930522082
17154.0002441406 0.17014446100801
17164.0002441406 0.151826254510845
17174.0002441406 0.134082206146783
17184.0002441406 0.117017767276848
17194.0002441406 0.105647647095741
17204.0002441406 0.0930359741760364
17214.0002441406 0.082165856819748
17224.0002441406 0.0718887958550964
17234.0002441406 0.0642464680621209
17244.0002441406 0.0570616573456778
17254.0002441406 0.0495320740004472
17264.0002441406 0.0465711397092762
17274.0002441406 0.0415118844911845
17284.0002441406 0.0373026925871124
17294.0002441406 0.033329618706011
17304.0002441406 0.0310547595249508
17314.0002441406 0.0274505497331224
17324.0002441406 0.0245144870772158
17334.0002441406 0.0213288197125765
17344.0002441406 0.0182280478582716
17354.0002441406 0.0155655555959774
17364.0002441406 0.0133661130942729
17374.0002441406 0.011076613109882
17384.0002441406 0.00994342216125813
17394.0002441406 0.00838773164348274
17404.0002441406 0.00736746559355179
17414.0002441406 0.00619020332389409
17424.0002441406 0.0054018287298096
17434.0002441406 0.00463937621491783
17444.0002441406 0.00389698863981935
17454.0002441406 0.00342625368361138
17464.0002441406 0.00303788730754377
17474.0002441406 0.00269137005605531
17484.0002441406 0.00231830848805059
17494.0002441406 0.0020402229103636
17504.0002441406 0.00178203070212714
17514.0002441406 0.00158070128163099
17524.0002441406 0.00139124055664881
17534.0002441406 0.00122317006655309
17544.0002441406 0.00111622954057232
17554.0002441406 0.000964292544199506
17564.0002441406 0.00086143084754629
17574.0002441406 0.000792819309562513
17584.0002441406 0.000709095037993086
17594.0002441406 0.000640650418751119
17604.0002441406 0.000563791530060808
17614.0002441406 0.000515083614299223
17624.0002441406 0.000461809115146116
17634.0002441406 0.000413744706385415
17644.0002441406 0.000376611356094118
17654.0002441406 0.000350920715172817
17664.0002441406 0.000321790889951601
17674.0002441406 0.000291567729853916
17684.0002441406 0.000266737296490275
17694.0002441406 0.000244040339828579
17704.0002441406 0.000219047856890758
17714.0002441406 0.000203316672337744
17724.0002441406 0.000190749631917545
17734.0002441406 0.00017334519122889
17744.0002441406 0.000163185700562232
17754.0002441406 0.000143420471939411
17764.0002441406 0.000140412316763407
17774.0002441406 0.000123064694408981
17784.0002441406 0.000116376964912372
17794.0002441406 0.000109000737692896
17804.0002441406 9.95296626006468e-05
17814.0002441406 9.56181618510354e-05
17824.0002441406 8.62380268536066e-05
17834.0002441406 8.01120969810403e-05
17844.0002441406 7.47414825163415e-05
17854.0002441406 6.81462677222396e-05
17864.0002441406 6.6853750414622e-05
17874.0002441406 5.85431093939001e-05
17884.0002441406 5.60201547677824e-05
17894.0002441406 5.18834925696101e-05
17904.0002441406 4.8712133744768e-05
17914.0002441406 4.40934709952184e-05
17924.0002441406 4.19732389993152e-05
17934.0002441406 4.12090761697918e-05
17944.0002441406 3.74198857814829e-05
17954.0002441406 3.26023225657057e-05
17964.0002441406 3.28711963172118e-05
17974.0002441406 3.17367248898713e-05
17984.0002441406 2.89449527573423e-05
17994.0002441406 2.68646259348638e-05
18004.0002441406 2.52646457252438e-05
18014.0002441406 2.60320962002352e-05
18024.0002441406 2.07794685996911e-05
18034.0002441406 1.85431736565459e-05
18044.0002441406 2.0523583080395e-05
18054.0002441406 1.8667952662203e-05
18064.0002441406 1.52486475788838e-05
18074.0002441406 1.7918953905606e-05
18084.0002441406 1.80898442173185e-05
18094.0002441406 1.36149435809859e-05
18104.0002441406 1.53680213954435e-05
18114.0002441406 1.46566375133555e-05
18124.0002441406 1.46179398948378e-05
18134.0002441406 1.18065796843661e-05
18144.0002441406 1.03896142743084e-05
18154.0002441406 1.42774188587475e-05
18164.0002441406 9.54464963938025e-06
18174.0002441406 1.25054181612709e-05
18184.0002441406 1.08101724161833e-05
18194.0002441406 7.06283014296529e-06
18204.0002441406 9.0379227863135e-06
18214.0002441406 1.0298392677789e-05
18224.0002441406 6.33148210502461e-06
18234.0002441406 7.96493686438532e-06
18244.0002441406 9.73279607997871e-06
18254.0002441406 6.99750351273941e-06
18264.0002441406 5.8061360197544e-06
18274.0002441406 5.32992684402528e-06
18284.0002441406 7.63213599703963e-06
18294.0002441406 7.3054054289874e-06
18304.0002441406 2.72956861605317e-06
18314.0002441406 7.39962724798434e-06
18324.0002441406 9.25512152644327e-06
18334.0002441406 5.90796087963314e-06
18344.0002441406 2.05809379014419e-06
18354.0002441406 7.41900737824688e-06
18364.0002441406 4.40373920058715e-06
18374.0002441406 5.52063903660232e-06
18384.0002441406 8.42252723954616e-06
18394.0002441406 5.68668139909338e-06
18404.0002441406 6.35742268154384e-06
18414.0002441406 3.33281993394036e-06
18424.0002441406 9.14596060726793e-06
18434.0002441406 5.09066926154093e-06
18444.0002441406 5.21521829233964e-06
18454.0002441406 1.03596260129004e-05
18464.0002441406 1.1068937618521e-06
18474.0002441406 6.19298435399009e-06
18484.0002441406 5.78223194335536e-06
18494.0002441406 4.21175758387517e-06
18504.0002441406 3.49805665352696e-06
18514.0002441406 2.90495379835544e-06
18524.0002441406 6.9774510062965e-06
18534.0002441406 4.3996308323309e-06
18544.0002441406 1.18153521652578e-06
18554.0002441406 2.67809017571417e-06
18564.0002441406 5.59910760751295e-06
18574.0002441406 5.24371542692956e-06
18584.0002441406 1.58704585011102e-06
18594.0002441406 6.8783694066655e-06
18604.0002441406 5.99910216624e-06
18614.0002441406 3.19922659063607e-06
18624.0002441406 4.36652835701871e-06
18634.0002441406 3.70927508905801e-06
18644.0002441406 2.70754806212273e-06
18654.0002441406 2.48911789141019e-06
18664.0002441406 7.37672448305002e-06
18674.0002441406 4.64136122569194e-06
18684.0002441406 2.56590364866801e-06
18694.0002441406 6.37320595834939e-06
18704.0002441406 5.4322724329049e-06
18714.0002441406 3.35909059086064e-06
18724.0002441406 5.20751667941106e-06
18734.0002441406 1.81666829576384e-06
18744.0002441406 4.73242352175978e-06
18754.0002441406 6.72652599068075e-06
18764.0002441406 3.57979358497756e-06
18774.0002441406 6.31342441641119e-06
18784.0002441406 5.96144454796029e-06
18794.0002441406 1.97656529060373e-06
18804.0002441406 4.17377449256912e-06
18814.0002441406 2.51739560687433e-06
18824.0002441406 1.48789951121375e-06
18834.0002441406 3.29755543277443e-06
18844.0002441406 4.68216822215523e-06
18854.0002441406 7.61395489468137e-07
18864.0002441406 3.0050141689923e-06
18874.0002441406 3.94743553611453e-06
18884.0002441406 1.39124076454125e-06
18894.0002441406 3.06062376595351e-06
18904.0002441406 5.46931624323057e-06
18914.0002441406 3.15637865096499e-06
18924.0002441406 1.44436680473717e-06
18934.0002441406 2.02989427756802e-06
18944.0002441406 5.67066229739689e-06
18954.0002441406 4.551998033478e-06
18964.0002441406 3.85235653988134e-06
18974.0002441406 5.13709002656291e-08
18984.0002441406 2.51269698248667e-06
18994.0002441406 5.18127720003808e-06
19004.0002441406 3.31175051983442e-06
19014.0002441406 2.8413384541466e-06
19024.0002441406 1.74300278029201e-06
19034.0002441406 3.11766049475409e-06
19044.0002441406 2.80136507404072e-06
19054.0002441406 4.55061789184829e-06
19064.0002441406 3.36955684876982e-06
19074.0002441406 2.77889726930201e-06
19084.0002441406 3.50116729060256e-06
19094.0002441406 1.0367157767341e-06
19104.0002441406 5.62679919725265e-08
19114.0002441406 1.00485828378635e-05
19124.0002441406 5.94177112936815e-07
19134.0002441406 2.74225571929949e-06
19144.0002441406 2.05126111793764e-06
19154.0002441406 6.36054192817077e-06
19164.0002441406 9.07945059945179e-07
19174.0002441406 2.99741744957949e-06
19184.0002441406 4.49031484604028e-06
19194.0002441406 2.17603401384125e-06
19204.0002441406 2.36578667501925e-06
19214.0002441406 3.10645108601549e-06
19224.0002441406 3.9572827952332e-06
19234.0002441406 3.71772351924125e-06
19244.0002441406 1.46559035961633e-06
19254.0002441406 1.41439984645254e-06
19264.0002441406 9.21375495700199e-07
19274.0002441406 1.34195747458342e-06
19284.0002441406 2.82465052930796e-06
19294.0002441406 7.1847636003372e-07
19304.0002441406 3.05547293955251e-06
19314.0002441406 1.95646911956288e-06
19324.0002441406 1.81540900994439e-06
19334.0002441406 2.30289512796993e-06
19344.0002441406 7.14287017444814e-07
19354.0002441406 3.38445210032955e-06
19364.0002441406 1.7316249054014e-06
19374.0002441406 8.95787754766921e-07
19384.0002441406 2.16834481222303e-06
19394.0002441406 2.1416904613131e-07
19404.0002441406 2.15235869267001e-06
19414.0002441406 4.52549516809358e-06
19424.0002441406 4.75248039601125e-08
19434.0002441406 3.16694254810808e-07
19444.0002441406 2.78243644065201e-06
19454.0002441406 3.40408815848608e-06
19464.0002441406 1.14952034891807e-06
19474.0002441406 2.6429966541792e-06
19484.0002441406 1.22373791783446e-06
19494.0002441406 1.6721789712148e-06
19504.0002441406 2.85922593480706e-06
19514.0002441406 3.50256286413608e-06
19524.0002441406 4.49728656890022e-07
19534.0002441406 3.44977287361684e-06
19544.0002441406 2.81408586978704e-06
19554.0002441406 1.6625094374898e-07
19564.0002441406 6.23010350238401e-06
19574.0002441406 1.82146981973421e-06
19584.0002441406 2.00360919118378e-07
19594.0002441406 1.11714501424752e-06
19604.0002441406 2.768705571252e-06
19614.0002441406 1.59006169730348e-06
19624.0002441406 2.71903793547132e-06
19634.0002441406 3.4748032681029e-06
19644.0002441406 4.59430205093846e-11
19654.0002441406 1.62093897190547e-06
19664.0002441406 8.78476897800874e-07
19674.0002441406 3.87318481833257e-06
19684.0002441406 2.58351754869463e-07
19694.0002441406 3.89987669133393e-06
19704.0002441406 6.04240667274451e-07
19714.0002441406 7.54361871743049e-06
19724.0002441406 4.27847750732598e-06
19734.0002441406 2.4459906668829e-07
19744.0002441406 1.92978055166664e-06
19754.0002441406 2.02342139492943e-07
19764.0002441406 2.73700049265512e-06
19774.0002441406 6.50542290004918e-06
19784.0002441406 3.05066796514401e-06
19794.0002441406 2.61475970801373e-06
19804.0002441406 1.04001380901389e-06
19814.0002441406 2.45757602685217e-07
19824.0002441406 2.91981568481414e-06
19834.0002441406 5.48744551083269e-07
19844.0002441406 4.8722362960792e-07
19854.0002441406 4.32097685902522e-06
19864.0002441406 2.28105416994509e-06
19874.0002441406 4.64187522646273e-11
19884.0002441406 5.03016500144898e-06
19894.0002441406 3.74519709725546e-06
19904.0002441406 3.94217245709725e-06
19914.0002441406 6.91985104448949e-08
19924.0002441406 4.19416699304426e-06
19934.0002441406 2.83875083716155e-06
19944.0002441406 3.39268738341816e-06
19954.0002441406 1.32007378354792e-06
19964.0002441406 1.91512597629269e-06
19974.0002441406 2.2429578275039e-06
19984.0002441406 5.00614320594813e-06
19994.0002441406 1.44330017180454e-06
20004.0002441406 3.76289951095525e-06
20014.0002441406 1.39279983527095e-06
20024.0002441406 3.07902313795156e-06
20034.0002441406 2.81450716065208e-06
20044.0002441406 3.58354059429158e-06
20054.0002441406 1.50702393828102e-06
20064.0002441406 4.09580158607763e-06
20074.0002441406 4.16610108126359e-06
20084.0002441406 4.62133142906397e-11
20094.0002441406 6.89022243344593e-07
20104.0002441406 2.18603744720763e-06
20114.0002441406 4.37630795220992e-06
20124.0002441406 1.34805385650528e-06
20134.0002441406 1.70155925825947e-06
20144.0002441406 4.60510308884544e-11
20154.0002441406 3.53792664494517e-06
20164.0002441406 5.04702294685109e-06
20174.0002441406 1.37287160637354e-06
20184.0002441406 8.00900043308953e-07
20194.0002441406 2.46522155327721e-06
20204.0002441406 4.5834173690609e-11
20214.0002441406 2.06461847669994e-06
20224.0002441406 4.33735834994502e-06
20234.0002441406 1.0276820514229e-06
20244.0002441406 2.65227815294191e-06
20254.0002441406 5.85110163043381e-06
20264.0002441406 2.47292262625074e-07
20274.0002441406 4.14781450469643e-06
20284.0002441406 4.3607692323002e-06
20294.0002441406 1.9398372812515e-06
20304.0002441406 5.91982800323019e-06
20314.0002441406 2.11465708784229e-06
20324.0002441406 2.03013611140002e-06
20334.0002441406 4.60666950897665e-11
20344.0002441406 2.29630712687982e-06
20354.0002441406 1.6926719377703e-06
20364.0002441406 4.6044905441609e-11
20374.0002441406 3.27150234353269e-07
20384.0002441406 5.18723860577585e-06
20394.0002441406 3.93292394423214e-06
20404.0002441406 2.94489381299504e-06
20414.0002441406 1.02139241669415e-06
20424.0002441406 1.58294650745778e-06
20434.0002441406 1.99866583197684e-06
20444.0002441406 2.79166863998118e-06
20454.0002441406 7.18820086145995e-07
20464.0002441406 4.54349772898631e-06
20474.0002441406 4.01197778386497e-06
20483.9990234375 3.22858042031225e-06
20493.9990234375 3.28729583270243e-06
20503.9990234375 4.55854218266694e-07
20513.9990234375 1.03535086606649e-06
20523.9990234375 2.89990181015358e-06
20533.9990234375 2.63034545817217e-06
20543.9990234375 4.5714468865182e-06
20553.9990234375 3.74096931204577e-06
20563.9990234375 4.59330329822068e-11
20573.9990234375 3.99356007879304e-06
20583.9990234375 4.60500925251522e-11
20593.9990234375 1.95773077645083e-06
20603.9990234375 6.44596389864599e-06
20613.9990234375 4.59733357146378e-11
20623.9990234375 2.88707745185283e-06
20633.9990234375 2.3673388141394e-06
20643.9990234375 6.49094084813084e-07
20653.9990234375 2.59571702110457e-06
20663.9990234375 5.99725256643099e-06
20673.9990234375 1.62622929570522e-06
20683.9990234375 6.6348076082195e-08
20693.9990234375 5.1544755403294e-06
20703.9990234375 1.14490916143497e-06
20713.9990234375 1.54054275465327e-06
20723.9990234375 7.03806685280876e-07
20733.9990234375 4.8758114791611e-06
20743.9990234375 6.04955484775408e-07
20753.9990234375 3.23570384303861e-06
20763.9990234375 7.45928177460693e-07
20773.9990234375 2.07326071260195e-06
20783.9990234375 7.27117723222221e-08
20793.9990234375 2.49706651171451e-06
20803.9990234375 2.7316696678523e-06
20813.9990234375 2.15152462106796e-06
20823.9990234375 7.9515559952636e-07
20833.9990234375 4.65507272376507e-11
20843.9990234375 2.97845908393349e-06
20853.9990234375 2.03992919972406e-06
20863.9990234375 5.39793481051323e-06
20873.9990234375 2.69874160732805e-07
20883.9990234375 1.78341370386975e-06
20893.9990234375 3.30038229551484e-06
20903.9990234375 6.07335303952149e-07
20913.9990234375 3.79178941073256e-06
20923.9990234375 2.47177189021308e-06
20933.9990234375 5.90134094770351e-07
20943.9990234375 4.80485606775277e-08
20953.9990234375 4.22928044325314e-06
20963.9990234375 2.87273944669432e-06
20973.9990234375 2.35357307853097e-06
20983.9990234375 6.36364522076192e-06
20993.9990234375 2.70129852918834e-08
21003.9990234375 5.55943736652613e-07
21013.9990234375 2.87823589731552e-06
21023.9990234375 6.33666779853269e-07
21033.9990234375 6.3346401632113e-06
21043.9990234375 2.6325692394422e-07
21053.9990234375 5.16227713192084e-06
21063.9990234375 4.61445039501067e-11
21073.9990234375 5.90697758712672e-06
21083.9990234375 4.61398474425617e-11
21093.9990234375 6.24905351147498e-06
21103.9990234375 6.6630254408384e-06
21113.9990234375 7.43280196222856e-06
21123.9990234375 4.59765051986352e-11
21133.9990234375 6.01532372976828e-07
21143.9990234375 1.11697210163886e-05
21153.9990234375 4.6054601929397e-11
21163.9990234375 4.60681484792702e-11
21173.9990234375 3.26182006568169e-07
21183.9990234375 6.7189499543317e-06
21193.9990234375 4.35856616389216e-06
21203.9990234375 2.09082333826526e-09
21213.9990234375 4.6417741192608e-11
21223.9990234375 7.86826540279296e-06
21233.9990234375 8.04744338555675e-06
21243.9990234375 1.02940156761579e-06
21253.9990234375 5.77914235938204e-07
21263.9990234375 4.02090384595879e-06
21273.9990234375 4.66246951700301e-11
21283.9990234375 3.48919401467015e-07
21293.9990234375 1.72496247029896e-06
21303.9990234375 3.67381068476657e-06
21313.9990234375 7.37006714443379e-06
21323.9990234375 7.94323337627858e-07
21333.9990234375 9.54631881908434e-07
21343.9990234375 8.05145021997148e-07
21353.9990234375 1.82051354938344e-06
21363.9990234375 4.6556491849761e-11
21373.9990234375 1.37192492880764e-05
21383.9990234375 5.32285439464225e-06
21393.9990234375 4.84998186790329e-06
21403.9990234375 2.97200121030879e-06
21413.9990234375 8.51331640012293e-06
21423.9990234375 5.84009218356448e-06
21433.9990234375 3.77813146500782e-07
21443.9990234375 4.61415487716949e-11
21453.9990234375 8.3740000311718e-06
21463.9990234375 5.52009048782159e-06
21473.9990234375 2.83209316478373e-06
21483.9990234375 1.51970358027488e-06
21493.9990234375 3.37803739335469e-06
21503.9990234375 4.99155998109542e-07
21513.9990234375 9.92842964707499e-07
21523.9990234375 5.0652744381323e-06
21533.9990234375 3.6035096902977e-06
21543.9990234375 2.05239198194268e-05
21553.9990234375 4.59408838487513e-11
21563.9990234375 6.92296901717517e-07
21573.9990234375 3.70236161850048e-06
21583.9990234375 2.2610592978055e-06
21593.9990234375 3.85521605411654e-06
21603.9990234375 5.17616488162106e-06
21613.9990234375 2.2009936122057e-06
21623.9990234375 1.82007916162099e-06
21633.9990234375 1.410355213617e-06
21643.9990234375 1.29947264205327e-06
21653.9990234375 5.87731027459187e-06
21663.9990234375 4.55213322308922e-11
21673.9990234375 6.35661628810574e-06
21683.9990234375 4.04153624839983e-07
21693.9990234375 4.39095552156398e-06
21703.9990234375 9.74012555662819e-08
21713.9990234375 5.2926415578335e-08
21723.9990234375 1.21803649843785e-06
21733.9990234375 6.89295487381923e-06
21743.9990234375 5.55459300218808e-07
21753.9990234375 1.69841732328833e-07
21763.9990234375 3.79871619268074e-06
21773.9990234375 5.08811390779259e-06
21783.9990234375 2.50128798079717e-06
21793.9990234375 1.46634482999287e-06
21803.9990234375 2.00927200096428e-06
21813.9990234375 5.8930595685737e-07
21823.9990234375 4.38095356418494e-06
21833.9990234375 6.51975020563675e-06
21843.9990234375 1.34114486198833e-06
21853.9990234375 4.34233922816645e-11
21863.9990234375 1.62501144217801e-06
21873.9990234375 7.47521434622296e-06
21883.9990234375 5.71857869155582e-06
21893.9990234375 7.46484984669076e-07
21903.9990234375 2.58195816190428e-06
21913.9990234375 8.15863075302034e-07
21923.9990234375 4.16979536424415e-11
21933.9990234375 5.25545152848201e-06
21943.9990234375 3.5150551302854e-06
21953.9990234375 4.70516393410588e-06
21963.9990234375 4.83566725385805e-06
21973.9990234375 7.70245087055049e-06
21983.9990234375 3.98696904672623e-11
21993.9990234375 4.92951155239956e-07
22003.9990234375 3.71225704894287e-07
22013.9990234375 5.29378936374824e-06
22023.9990234375 4.08032462612639e-06
22033.9990234375 7.2900647468903e-06
22043.9990234375 2.63570630050628e-06
22053.9990234375 9.1037162678618e-07
22063.9990234375 3.72540135399936e-11
22073.9990234375 2.16115294797676e-06
22083.9990234375 4.66585589527701e-06
22093.9990234375 5.21868694177775e-06
22103.9990234375 7.43849691440847e-08
22113.9990234375 6.40660610477445e-07
22123.9990234375 4.60002429573615e-08
22133.9990234375 2.76554567072818e-06
22143.9990234375 1.21437230928137e-07
22153.9990234375 3.59302954077676e-11
22163.9990234375 4.48211817030088e-06
22173.9990234375 1.98185768575526e-07
22183.9990234375 1.39842434002445e-06
22193.9990234375 6.55366746001559e-07
22203.9990234375 1.1859236472309e-05
22213.9990234375 4.74250431366359e-06
22223.9990234375 1.82661569419463e-06
22233.9990234375 3.63224451871028e-11
22243.9990234375 3.640547036905e-11
22253.9990234375 1.50847341269157e-06
22263.9990234375 7.32438791084384e-06
22273.9990234375 2.97913074974596e-06
22283.9990234375 1.43868055094385e-06
22293.9990234375 3.67102707025989e-11
22303.9990234375 6.03578011836224e-06
22313.9990234375 1.34447543005182e-05
22323.9990234375 1.16884245099008e-07
22333.9990234375 5.76824462130966e-07
22343.9990234375 6.49847122842249e-06
22353.9990234375 2.14838083393142e-06
22363.9990234375 3.75573474718311e-11
22373.9990234375 1.86729750523863e-06
22383.9990234375 1.19407018706044e-05
22393.9990234375 1.24293109759601e-05
22403.9990234375 5.88604153135482e-07
22413.9990234375 1.12761697205033e-05
22423.9990234375 9.73798418515895e-06
22433.9990234375 4.28379436042942e-06
22443.9990234375 3.79402001633827e-11
22453.9990234375 3.34675543312713e-06
22463.9990234375 1.32628399563212e-05
22473.9990234375 3.45745789917111e-06
22483.9990234375 1.48393938180814e-06
22493.9990234375 6.93518121794276e-06
22503.9990234375 4.30826652991978e-06
22513.9990234375 3.41873886729002e-06
22523.9990234375 1.11846487503803e-05
22533.9990234375 1.20007849057569e-05
22543.9990234375 3.81755943476586e-11
22553.9990234375 1.31802213594025e-05
22563.9990234375 1.43101688417575e-05
22573.9990234375 3.61695568015419e-06
22583.9990234375 4.23921021522308e-07
22593.9990234375 1.09239457773311e-05
22603.9990234375 1.92683066461505e-06
22613.9990234375 1.46167876538426e-05
22623.9990234375 3.2161712158335e-06
22633.9990234375 1.2966808623909e-05
22643.9990234375 1.03954897229844e-05
22653.9990234375 1.17790439214616e-05
22663.9990234375 3.42911817363136e-06
22673.9990234375 2.08422695031262e-06
22683.9990234375 1.52011229268704e-05
22693.9990234375 3.92029715191549e-11
22703.9990234375 5.28805232623397e-06
22713.9990234375 3.62029807038757e-06
22723.9990234375 2.33292748786183e-06
22733.9990234375 9.52727688364061e-06
22743.9990234375 3.57789564553842e-06
22753.9990234375 5.4765784812935e-07
22763.9990234375 1.824026007123e-05
22773.9990234375 1.25341465130855e-05
22783.9990234375 5.75107481905669e-06
22793.9990234375 1.92456479756793e-06
22803.9990234375 9.03962529003846e-06
22813.9990234375 7.57042342003338e-06
22823.9990234375 1.46337390634545e-06
22833.9990234375 1.01842672026131e-06
22843.9990234375 3.18679137243759e-07
22853.9990234375 1.48497283410671e-06
22863.9990234375 2.26036944184799e-06
22873.9990234375 3.03971436666527e-06
22883.9990234375 4.66781129716794e-07
22893.9990234375 7.96668734751972e-07
22903.9990234375 2.50656245330248e-06
22913.9990234375 6.95012730751785e-06
22923.9990234375 2.03404260655975e-06
22933.9990234375 6.09944698162754e-07
22943.9990234375 6.29232691058411e-07
22953.9990234375 4.22427328416527e-06
22963.9990234375 6.03152716396301e-07
22973.9990234375 1.78237411567871e-06
22983.9990234375 3.70537730063015e-06
22993.9990234375 5.22561553409636e-06
23003.9990234375 1.90989533900206e-06
23013.9990234375 4.48832365535336e-06
23023.9990234375 5.37951233799379e-06
23033.9990234375 1.10325433464708e-06
23043.9990234375 8.54307943148506e-07
23053.9990234375 5.21053163073079e-07
23063.9990234375 1.12560837149349e-06
23073.9990234375 3.60896055793764e-06
23083.9990234375 4.54602883299788e-06
23093.9990234375 1.72350202427597e-07
23103.9990234375 5.61378460159634e-06
23113.9990234375 3.94692023394198e-06
23123.9990234375 2.32467135555465e-06
23133.9990234375 4.0656917819563e-11
23143.9990234375 1.41113842072532e-06
23153.9990234375 4.61092542717454e-06
23163.9990234375 3.67503204011305e-06
23173.9990234375 2.33345718241636e-06
23183.9990234375 3.81973186410235e-11
23193.9990234375 2.95702882523822e-06
23203.9990234375 4.95286960386995e-06
23213.9990234375 3.57765191219703e-11
23223.9990234375 2.19837512713868e-06
23233.9990234375 3.65452170788462e-07
23243.9990234375 4.12773501280869e-07
23253.9990234375 1.34649454603608e-06
23263.9990234375 2.59961517797738e-06
23273.9990234375 2.08366279282506e-06
23283.9990234375 6.87232089380707e-07
23293.9990234375 2.22778300664364e-06
23303.9990234375 1.50971606880784e-06
23313.9990234375 1.0964298225041e-06
23323.9990234375 2.21781366422756e-07
23333.9990234375 1.44471600052073e-06
23343.9990234375 1.54935520281395e-06
23353.9990234375 1.7487780974293e-07
23363.9990234375 6.5220184123789e-07
23373.9990234375 1.47193273431726e-06
23383.9990234375 2.83544765491912e-06
23393.9990234375 3.67164770120645e-07
23403.9990234375 1.89488673537124e-06
23413.9990234375 8.35620961437975e-07
23423.9990234375 1.6137045415004e-06
23433.9990234375 1.59725669918585e-11
23443.9990234375 1.30509063208326e-06
23453.9990234375 7.20611269685136e-07
23463.9990234375 4.93826546285278e-07
23473.9990234375 4.10851585996053e-07
23483.9990234375 8.52494862676234e-07
23493.9990234375 1.73374915460974e-06
23503.9990234375 1.88193085437421e-06
23513.9990234375 6.02094128597983e-07
23523.9990234375 1.10114102033851e-06
23533.9990234375 1.19990836171472e-06
23543.9990234375 1.78127269527674e-06
23553.9990234375 2.06601159188036e-07
23563.9990234375 1.32402598492734e-06
23573.9990234375 2.75417494408673e-07
23583.9990234375 1.27801052802462e-06
23593.9990234375 6.24235339478582e-07
23603.9990234375 9.57489106237881e-07
23613.9990234375 5.65671027048568e-07
23623.9990234375 1.12052523754639e-06
23633.9990234375 6.38754143475632e-07
23643.9990234375 5.21345374204278e-07
23653.9990234375 1.02275578576584e-06
23663.9990234375 4.64925432788481e-07
23673.9990234375 4.11004294825225e-07
23683.9990234375 1.22222830987807e-07
23693.9990234375 1.9126580119845e-07
23703.9990234375 5.34728882058392e-07
23713.9990234375 1.8958993084391e-07
23723.9990234375 5.98687749366788e-07
23733.9990234375 2.45120987049645e-12
23743.9990234375 3.08360330657164e-07
23753.9990234375 1.10657058122972e-07
23763.9990234375 1.83181298897415e-07
23773.9990234375 2.80118162022133e-07
23783.9990234375 1.3811900269032e-07
23793.9990234375 2.94187042112699e-07
23803.9990234375 1.18752524166779e-07
23813.9990234375 1.54252114805123e-07
23823.9990234375 1.06379390621776e-07
23833.9990234375 3.89110101713932e-08
23843.9990234375 4.88136197150894e-08
23853.9990234375 2.23119837751346e-07
23863.9990234375 1.40047980366183e-07
23873.9990234375 1.0597189410992e-07
23883.9990234375 2.48010465171755e-08
23893.9990234375 1.99973423317189e-08
23903.9990234375 2.68764402435014e-08
23913.9990234375 1.76915613399269e-09
23923.9990234375 8.94260450454898e-09
23933.9990234375 2.25527960547402e-08
23943.9990234375 5.22583829066657e-09
23953.9990234375 8.88496957638451e-08
23963.9990234375 7.80868637570108e-09
23973.9990234375 7.28218192104731e-08
23983.9990234375 5.45251715967293e-08
23993.9990234375 6.82194017768331e-09
24003.9990234375 1.27356742613969e-08
24013.9990234375 2.05937269816661e-09
24023.9990234375 1.6478587934606e-08
24033.9990234375 5.65259734974129e-08
24043.9990234375 1.53987424138901e-08
24053.9990234375 1.45185350882289e-08
24063.9990234375 6.74923467779234e-09
24073.9990234375 6.43183049304938e-09
24083.9990234375 1.38990403267561e-08
24093.9990234375 1.21177613028279e-08
24103.9990234375 7.07356508476947e-09
24113.9990234375 4.27101149693549e-09
24123.9990234375 7.35880204592329e-09
24133.9990234375 7.48300395656823e-10
24143.9990234375 1.68270544032301e-09
24153.9990234375 2.89497873030452e-09
24163.9990234375 1.39600460594546e-09
24173.9990234375 2.5114395143688e-09
24183.9990234375 3.9564075679377e-09
24193.9990234375 2.94719139666957e-09
24203.9990234375 1.86812976797608e-09
24213.9990234375 1.42603447679878e-09
24223.9990234375 2.77885190734754e-10
24233.9990234375 5.51489528684171e-10
24243.9990234375 1.57399116839342e-09
24253.9990234375 4.74475723758932e-10
24263.9990234375 7.58200324167232e-10
24273.9990234375 1.19877552949554e-09
24283.9990234375 1.09968798529122e-09
24293.9990234375 1.19573366940355e-09
24303.9990234375 8.33981584603264e-10
24313.9990234375 2.64251905433908e-10
24323.9990234375 1.44414285693792e-09
24333.9990234375 3.3004622809457e-15
24343.9990234375 1.61866388564271e-10
24353.9990234375 5.77531849322069e-10
24363.9990234375 3.38502921870165e-10
24373.9990234375 8.10129886132564e-11
24383.9990234375 1.8870081208458e-10
24393.9990234375 4.89596666233341e-10
24403.9990234375 1.09290201634044e-10
24413.9990234375 1.86258536107714e-10
24423.9990234375 8.89389160812796e-11
24433.9990234375 1.74884780577454e-11
24443.9990234375 2.07506675125875e-10
24453.9990234375 1.17073915604179e-10
24463.9990234375 7.74352355517136e-11
24473.9990234375 2.21953525548682e-10
24483.9990234375 1.97572447963454e-10
24493.9990234375 6.27582335116189e-11
24503.9990234375 7.4471714354797e-11
24513.9990234375 2.7939527601544e-11
24523.9990234375 1.99835265977853e-11
24533.9990234375 1.27418734704453e-13
24543.9990234375 3.21702515691174e-11
24553.9990234375 8.66510674056167e-11
24563.9990234375 5.89009253120134e-11
24573.9990234375 2.7099358652209e-11
24583.9990234375 6.18254608917467e-11
24593.9990234375 1.89761043164956e-11
24603.9990234375 1.66402132652806e-16
24613.9990234375 1.37764962753482e-11
24623.9990234375 2.68794669990926e-11
24633.9990234375 2.82408552358886e-11
24643.9990234375 9.18330393598083e-12
24653.9990234375 2.31446317827823e-11
24663.9990234375 1.99528131531136e-11
24673.9990234375 7.60012329355798e-17
24683.9990234375 5.93013091120992e-12
24693.9990234375 1.3497639003523e-11
24703.9990234375 8.02099679428981e-12
24713.9990234375 3.78650551372082e-12
24723.9990234375 5.43313550560648e-13
24733.9990234375 1.11141611374131e-11
24743.9990234375 9.15844098357885e-13
24753.9990234375 5.53476006829353e-12
24763.9990234375 1.93661631664833e-12
24773.9990234375 8.44226091553716e-13
24783.9990234375 6.84589340339911e-12
24793.9990234375 4.74099957672775e-13
24803.9990234375 4.67968073865274e-12
24813.9990234375 5.30679690694405e-14
24823.9990234375 1.64402946326473e-12
24833.9990234375 1.1706355979812e-17
24843.9990234375 2.56053834800294e-12
24853.9990234375 5.72312815656758e-13
24863.9990234375 3.76453653720894e-13
24873.9990234375 3.37191896385828e-12
24883.9990234375 1.14140047481127e-12
24893.9990234375 1.34425838137334e-12
24903.9990234375 1.96187532017048e-13
24913.9990234375 2.13831632784315e-12
24923.9990234375 4.53910849774053e-18
24933.9990234375 6.23080034460498e-13
24943.9990234375 9.62549197624135e-13
24953.9990234375 4.06944640390183e-14
24963.9990234375 5.86260994351979e-13
24973.9990234375 3.71778401878983e-13
24983.9990234375 5.41616726703844e-13
24993.9990234375 1.76459798847893e-13
25003.9990234375 7.28872461322469e-13
25013.9990234375 7.84094484471813e-14
25023.9990234375 1.66643571423714e-18
25033.9990234375 5.20118948224007e-13
25043.9990234375 5.02727838776259e-13
25053.9990234375 1.25216208613412e-18
25063.9990234375 5.6113429136474e-13
25073.9990234375 1.28116493239365e-13
25083.9990234375 3.61019042635818e-14
25093.9990234375 3.69762720687495e-13
25103.9990234375 1.74242424646787e-13
25113.9990234375 1.68903484015683e-13
25123.9990234375 9.02815634541095e-14
25133.9990234375 2.73715928962632e-13
25143.9990234375 2.98854971536682e-14
25153.9990234375 7.42378729779121e-14
25163.9990234375 4.74760320138268e-19
25173.9990234375 2.83667935344265e-14
25183.9990234375 4.00595983471292e-19
25193.9990234375 3.12634797297915e-14
25203.9990234375 3.37397543706694e-19
25213.9990234375 5.24801131329721e-15
25223.9990234375 4.34469105785069e-14
25233.9990234375 4.47331702460554e-14
25243.9990234375 2.22081728711e-15
25253.9990234375 1.12198061495592e-14
25263.9990234375 5.9282652747903e-15
25273.9990234375 1.86174989459832e-19
25283.9990234375 6.02288306434795e-14
25293.9990234375 5.08859732591314e-14
25303.9990234375 8.068658074037e-14
25313.9990234375 3.61647957309741e-14
25323.9990234375 1.61486112068381e-14
25333.9990234375 1.03361442145142e-13
25343.9990234375 4.26089478464623e-14
25353.9990234375 1.85811461797047e-14
25363.9990234375 3.51539043396622e-14
25373.9990234375 6.37013844769732e-15
25383.9990234375 5.21999180174657e-15
25393.9990234375 4.37891285054689e-15
25403.9990234375 5.61796897344174e-15
25413.9990234375 5.52473246940587e-20
25423.9990234375 5.04505185601731e-20
25433.9990234375 6.88459166209184e-15
25443.9990234375 6.66212446137445e-15
25453.9990234375 1.52993259752067e-14
25463.9990234375 1.01193386776941e-15
25473.9990234375 6.52230306272971e-15
25483.9990234375 4.35626158338194e-15
25493.9990234375 8.41320338712967e-15
25503.9990234375 1.46548752436888e-15
25513.9990234375 1.11017881677771e-14
25523.9990234375 5.08378592294744e-17
25533.9990234375 3.09232396027653e-15
25543.9990234375 4.75509216389592e-15
25553.9990234375 1.50667694279915e-14
25563.9990234375 6.37511319079739e-15
25573.9990234375 5.92231834143314e-15
25583.9990234375 1.17282448742992e-14
25593.9990234375 8.70897774196256e-15
25603.9990234375 6.90283410582082e-15
25613.9990234375 1.97824105474757e-15
25623.9990234375 1.73421908915512e-15
25633.9990234375 5.04877500637267e-15
25643.9990234375 5.12568135493455e-15
25653.9990234375 7.79558027925073e-16
25663.9990234375 5.4645763133685e-16
25673.9990234375 6.95743191908624e-16
25683.9990234375 6.1726967430906e-15
25693.9990234375 1.40646932101773e-15
25703.9990234375 4.04026150073475e-16
25713.9990234375 2.02976315774534e-15
25723.9990234375 1.30192163713777e-15
25733.9990234375 4.89143774964592e-16
25743.9990234375 1.51626229598326e-15
25753.9990234375 1.72275058242201e-16
25763.9990234375 5.48464497767315e-16
25773.9990234375 4.82244387303538e-16
25783.9990234375 1.03330872705537e-15
25793.9990234375 3.93303997945918e-16
25803.9990234375 6.77794819846704e-16
25813.9990234375 2.75775235289413e-16
25823.9990234375 1.69347502157391e-16
25833.9990234375 5.96505411575686e-16
25843.9990234375 1.22090985639093e-16
25853.9990234375 1.87674576068097e-16
25863.9990234375 8.54164799381269e-17
25873.9990234375 2.61601117512676e-16
25883.9990234375 2.41455827133615e-16
25893.9990234375 8.58318371481086e-17
25903.9990234375 2.02650941414552e-17
25913.9990234375 1.03839839344467e-16
25923.9990234375 4.31459549549457e-17
25933.9990234375 1.83120914552552e-16
25943.9990234375 1.71092875303651e-17
25953.9990234375 6.28561198514642e-17
25963.9990234375 1.01533260089873e-16
25973.9990234375 1.52010372709974e-17
25983.9990234375 2.62746536524612e-17
25993.9990234375 2.86797013671119e-17
26003.9990234375 1.94390527129957e-17
