"wave" "response"
5505 5.84300231914167e-13
5515 6.38180236422284e-13
5525 8.23071465675917e-11
5535 2.42363236857317e-10
5545 8.95546818363329e-13
5555 9.16965487104478e-13
5565 4.25109252849747e-10
5575 9.39603426743814e-10
5585 8.41975932264191e-10
5595 8.9065511206073e-10
5605 3.53624646367144e-10
5615 1.5191295500311e-10
5625 3.14903057224949e-10
5635 1.54596353802221e-12
5645 1.73692191613725e-12
5655 1.93951169258342e-12
5665 2.1206474456406e-12
5675 4.26793264901877e-10
5685 2.39389161515395e-12
5695 2.49854013570479e-12
5705 7.10370559421094e-10
5715 3.94314176639687e-09
5725 2.26229055689953e-09
5735 4.29272735317896e-09
5745 5.18028782594722e-09
5755 4.59620481623531e-09
5765 4.88259381582053e-09
5775 2.97395523935709e-12
5785 3.08210008332814e-12
5795 3.25592860517442e-12
5805 3.52045028697742e-12
5815 1.70329120864003e-09
5825 2.6229546419748e-09
5835 7.45940507354827e-10
5845 5.3528061833125e-12
5855 1.41124566029949e-09
5865 4.90316466829552e-09
5875 1.34885171110643e-08
5885 1.14986814967277e-09
5895 7.54737204553551e-09
5905 4.02471754036198e-09
5915 4.04841616777389e-09
5925 5.06815467184341e-09
5935 9.02397196001798e-12
5945 9.249297993206e-12
5955 3.44428091311466e-09
5965 9.58877236892288e-12
5975 7.98849309994082e-10
5985 1.2422309533434e-08
5995 9.95665419528627e-12
6005 1.86009572514629e-08
6015 1.97952077899809e-09
6025 7.74005391423632e-09
6035 5.75227741053457e-09
6045 2.79400641051317e-09
6055 5.91307238409976e-09
6065 9.3485898756386e-09
6075 1.49845214232105e-08
6085 3.48964340765196e-09
6095 2.43062868513448e-09
6105 1.20787284638499e-11
6115 1.08822288465125e-08
6125 2.50201615915945e-09
6135 1.36521640802723e-08
6145 1.00589062586243e-08
6155 1.21136554835736e-08
6165 1.15793538569295e-08
6175 1.97589505104612e-08
6185 2.57128324373235e-08
6195 1.17429728653259e-08
6205 2.07468156406321e-08
6215 1.33162966528672e-08
6225 1.64333217655116e-08
6235 3.26611978859423e-08
6245 4.07814185894955e-08
6255 3.82506720218701e-09
6265 2.40652378093253e-08
6275 3.51903856134548e-08
6285 3.69662770685385e-08
6295 1.50602469490806e-11
6305 1.59668909751243e-08
6315 5.11166704385947e-08
6325 2.42150845445511e-08
6335 4.69940566969223e-08
6345 4.34286999392921e-08
6355 7.67591887180123e-08
6365 4.94373191569998e-08
6375 8.48685726939275e-08
6385 5.72240401529927e-08
6395 1.14301822344451e-07
6405 8.1757224193708e-08
6415 7.98556397703876e-08
6425 7.10113325924986e-08
6435 1.2563928140527e-07
6445 1.3786125212286e-07
6455 1.74486462216551e-07
6465 2.0850731969515e-07
6475 2.23348362099021e-07
6485 2.31074253126613e-07
6495 3.24669984023564e-07
6505 3.01078194836288e-07
6515 3.92226942341494e-07
6525 2.92507392773456e-07
6535 3.75752947948503e-07
6545 4.10394738316803e-07
6555 4.48136756394e-07
6565 5.09459989220644e-07
6575 5.04042829350715e-07
6585 5.8056053200079e-07
6595 5.52953563573507e-07
6605 5.6441053700452e-07
6615 5.72263594814905e-07
6625 5.49093248231807e-07
6635 5.63052757902927e-07
6645 6.00784951122316e-07
6655 6.9012503795919e-07
6665 8.27684798692538e-07
6675 8.71883303871532e-07
6685 9.66660655003064e-07
6695 1.03380994512026e-06
6705 1.00128742301697e-06
6715 1.06322136972252e-06
6725 1.070533705517e-06
6735 1.09836791120141e-06
6745 9.86513371961618e-07
6755 8.8243309883221e-07
6765 7.0082214095803e-07
6775 6.53427261265976e-07
6785 5.10563741180963e-07
6795 4.13577229660115e-07
6805 3.24703707977581e-07
6815 1.96554831644599e-07
6825 1.64267811072042e-07
6835 1.61089091639711e-07
6845 8.37475243619621e-08
6855 1.08496237828161e-07
6865 1.20291219606145e-07
6875 9.32987119465535e-08
6885 1.44043132625232e-07
6895 1.51684888532334e-07
6905 2.7086910740884e-07
6915 3.33692697986457e-07
6925 2.9186123764055e-07
6935 3.27366605661776e-07
6945 2.18634395189636e-07
6955 2.20412300654988e-07
6965 1.95609996747379e-07
6975 2.12996920383519e-07
6985 2.43924817265797e-07
6995 2.97671476321323e-07
7005 2.75722457114566e-07
7015 1.95991642545193e-07
7025 2.32969817047924e-07
7035 2.87022848037196e-07
7045 3.4082231207537e-07
7055 4.37215249115732e-07
7065 4.64147878096734e-07
7075 5.41218160033673e-07
7085 4.38537212677736e-07
7095 4.36932213528793e-07
7105 2.97960990927942e-07
7115 2.93900166340603e-07
7125 1.95071260578181e-07
7135 1.8816137156853e-07
7145 1.69906376526605e-07
7155 1.20047017470996e-07
7165 1.19045623496028e-07
7175 1.5397984424349e-07
7185 1.45516120245776e-07
7195 1.6680824324843e-07
7205 2.72388162714469e-07
7215 2.9023389847181e-07
7225 1.67032256844242e-07
7235 1.52404104874346e-07
7245 7.2582636988252e-08
7255 8.70878778214713e-08
7265 1.67609043866684e-08
7275 2.07018889015936e-09
7285 7.80151871877301e-09
7295 3.05530745970841e-08
7305 9.69799196401751e-08
7315 4.16488870438901e-08
7325 2.40926826408625e-11
7335 4.18009042163536e-08
7345 3.44120486612929e-08
7355 1.23986792478173e-08
7365 3.30547972358284e-08
7375 8.75618790109489e-09
7385 6.20043694742175e-08
7395 2.85275215949289e-09
7405 2.47944971304662e-11
7415 1.80662606518554e-08
7425 4.37152196482564e-08
7435 1.46219909442883e-08
7445 3.68865684856325e-08
7455 3.04189857460854e-08
7465 2.52891365157975e-11
7475 2.11946690970952e-08
7485 1.78086612752401e-08
7495 3.04488408772755e-08
7505 1.11544054405048e-07
7515 8.71799141457982e-09
7525 9.90007937385997e-08
7535 3.38738157532549e-08
7545 3.34124435145816e-08
7555 2.59254747064614e-11
7565 2.59794678332072e-11
7575 1.57735465303997e-08
7585 9.25659092815348e-08
7595 1.27190165632964e-08
7605 3.87070969381751e-08
7615 1.8703107882684e-08
7625 5.45901995438931e-08
7635 4.59137738078727e-08
7645 6.89151799803557e-08
7655 7.83207599876858e-08
7665 6.02603462889783e-08
7675 2.65881880323399e-11
7685 3.4108578795329e-08
7695 6.92086015715524e-08
7705 4.77373070682539e-09
7715 8.58813424813581e-09
7725 5.63046445022292e-08
7735 5.89106756077226e-08
7745 4.3770928740612e-08
7755 5.78816264247854e-08
7765 2.842359154931e-08
7775 8.95348081469777e-08
7785 2.71634723420603e-11
7795 2.09752229773397e-08
7805 5.3230525164616e-08
7815 4.9836235333278e-08
7825 1.37900384603914e-07
7835 1.98119532851499e-07
7845 3.09800524101963e-07
7855 1.26123887517803e-07
7865 2.28268233741944e-07
7875 1.42999055125661e-07
7885 1.27580071405242e-07
7895 1.06413621035068e-07
7905 9.63726678203679e-08
7915 1.33621298146307e-07
7925 3.08526653870229e-08
7935 1.57400620864819e-07
7945 6.21071385307379e-08
7955 1.97704912505599e-07
7965 5.64748465829727e-08
7975 7.1939425383695e-08
7985 2.42133710870752e-07
7995 3.0224355533232e-09
8005 4.78366598638144e-08
8015 2.70827063250963e-08
8025 5.46454175147659e-08
8035 6.95130368135928e-08
8045 7.16295222279738e-08
8055 3.99553880233655e-08
8065 6.59892588494932e-08
8075 2.08164177059555e-08
8085 5.37893621673899e-08
8095 3.9801409557133e-08
8105 3.0081362142665e-08
8115 5.17973443453667e-08
8125 2.74684970068549e-08
8135 6.42487866581202e-08
8145 1.04435247333694e-08
8155 7.28376051795122e-08
8165 4.92862330291014e-08
8175 7.00182952138883e-08
8185 1.04655150616161e-07
8195 4.85488303552615e-08
8205 4.57942120681228e-08
8215 5.73656048910447e-08
8225 8.47234569633038e-08
8235 5.15264955705329e-08
8245 9.63548575098566e-08
8255 9.87070800706483e-08
8265 3.76500512022445e-08
8275 5.23245434575025e-08
8285 6.64653673532178e-08
8295 9.30734771277164e-09
8305 3.47499748088298e-08
8315 7.49331975282468e-08
8325 7.49244496895265e-08
8335 6.31506715626648e-08
8345 5.86199637266124e-08
8355 6.73544138788836e-08
8365 1.1018950562087e-07
8375 1.25888806659415e-07
8385 1.49657282909957e-07
8395 8.82184474662932e-08
8405 6.4282310403754e-08
8415 1.24550463494021e-07
8425 1.38494984723106e-07
8435 9.82731669695483e-08
8445 3.85890109259691e-08
8455 7.99636495706839e-08
8465 1.09464480053905e-07
8475 1.02659501958038e-07
8485 1.34557361299641e-07
8495 7.39260936437947e-08
8505 1.16295084120303e-07
8515 1.4826867742985e-07
8525 9.63164750183987e-08
8535 1.12988070522514e-07
8545 1.3060674901396e-07
8555 9.59795709883891e-08
8565 5.19126516709371e-08
8575 1.77155135553008e-07
8585 1.50794772710691e-07
8595 1.43676413334689e-07
8605 1.11587991226082e-07
8615 6.11550099073795e-09
8625 1.14896565532683e-07
8635 2.1034116545074e-07
8645 1.82078443979526e-07
8655 1.50989498332714e-07
8665 9.27840811559648e-08
8675 8.02377671566182e-08
8685 5.28474462253888e-08
8695 7.78845913406174e-08
8705 3.05925647093856e-11
8715 7.3056387542957e-08
8725 3.07162100609287e-11
8735 3.0751276632777e-11
8745 3.07872552206777e-11
8755 8.45639339879361e-08
8765 3.08640009788286e-11
8775 1.04276285671616e-07
8785 2.89301233562392e-07
8795 3.46705652869167e-07
8805 3.09991598141214e-11
8815 3.10067719483463e-11
8825 3.57532441604305e-07
8835 8.42966483360272e-08
8845 7.69229135178309e-08
8855 2.91508806450609e-07
8865 3.04067433219461e-07
8875 2.4183079258615e-07
8885 6.54780743215689e-07
8895 4.3752569336642e-07
8905 8.24967986242895e-09
8915 6.35345350073783e-07
8925 3.13916135778584e-11
8935 8.86673754132813e-07
8945 3.14637127693727e-11
8955 3.14631493786621e-11
8965 7.96535453352231e-07
8975 3.14436698292619e-11
8985 1.44322337537778e-06
8995 3.15447435116732e-11
9005 1.30616480229714e-07
9015 3.91955730846169e-08
9025 1.13949432328925e-07
9035 2.01178659670982e-08
9045 7.3596670254016e-08
9055 3.04044992182903e-08
9065 8.50512097446652e-08
9075 1.35866752725589e-07
9085 1.36968837601676e-07
9095 9.56741655855741e-08
9105 5.9472070127259e-08
9115 9.7064089549416e-08
9125 1.18803769847722e-07
9135 1.82306376816411e-08
9145 1.12410474654525e-07
9155 1.88082735233081e-07
9165 8.15811340708739e-08
9175 1.30748454813546e-07
9185 8.28587677517522e-08
9195 1.31421572031913e-07
9205 1.16844831431413e-07
9215 7.09344214119051e-08
9225 1.57800281175465e-07
9235 1.14688520093086e-07
9245 1.21081355116764e-07
9255 1.69862591698606e-07
9265 1.17690862420094e-07
9275 1.59068982117837e-07
9285 1.46718923732507e-07
9295 7.68776883067488e-08
9305 1.80311179696874e-07
9315 2.42000091686168e-07
9325 2.44061487442285e-07
9335 1.25770374274486e-07
9345 2.1375992546296e-07
9355 2.47301452012388e-07
9365 1.47726854861676e-07
9375 2.15026458058699e-07
9385 2.26734168971663e-07
9395 2.42651029729626e-07
9405 1.99795623186323e-07
9415 2.48509160889617e-07
9425 1.61015826476278e-07
9435 1.81698159586111e-07
9445 1.52046148126116e-07
9455 2.16539918803826e-07
9465 2.06312874924172e-07
9475 1.56934020725401e-07
9485 1.14831712163506e-07
9495 2.28466258462543e-07
9505 2.37971345651222e-07
9515 2.32537459075672e-07
9525 1.48470420566051e-07
9535 2.54693456018711e-07
9545 2.24837626296345e-07
9555 2.52937928439257e-07
9565 3.07985068270964e-07
9575 2.33776055793016e-07
9585 2.3255359507297e-07
9595 2.54854278580626e-07
9605 3.37249418838448e-07
9615 2.70364631404162e-07
9625 2.00853867757453e-07
9635 2.24544516004681e-07
9645 2.40948276462083e-07
9655 1.39023802421758e-07
9665 2.15550018631931e-07
9675 2.04396059598962e-07
9685 2.63722143729107e-07
9695 2.26816443012301e-07
9705 1.83680394435443e-07
9715 3.1471558687492e-07
9725 2.71222374744209e-07
9735 2.46642846286749e-07
9745 2.78213880967557e-07
9755 3.15403096155696e-07
9765 2.19454369443916e-07
9775 2.22177698623697e-07
9785 2.7478919877705e-07
9795 2.27904391124778e-07
9805 1.77558695165428e-07
9815 1.13058672059523e-07
9825 2.15852965937296e-07
9835 1.92596273808266e-07
9845 2.24525688897725e-07
9855 1.39034406049283e-07
9865 1.59622225857046e-07
9875 1.91797192916328e-07
9885 2.24198758919228e-07
9895 2.91468871598005e-07
9905 1.42909067005947e-07
9915 2.41399039713552e-07
9925 2.96323248817904e-07
9935 2.48022091669133e-07
9945 1.97169947719961e-07
9955 2.14679564263351e-07
9965 2.29826320552011e-07
9975 2.58132855387129e-07
9985 2.55458058726352e-07
9995 2.34717861041028e-07
10005 2.45556922484827e-07
10015 5.41423165042455e-07
10025 2.61477411923925e-07
10035 2.21240929385259e-07
10045 3.86085645179307e-07
10055 2.11092480243844e-08
10065 1.53883035905385e-08
10075 1.07842539548109e-07
10085 9.89898223823635e-07
10095 3.7012762213122e-07
10105 2.76428292652527e-07
10115 1.20907557878551e-07
10125 8.8315349424478e-07
10135 1.30864386425028e-06
10145 8.03879622963535e-07
10155 3.26234618260045e-11
10165 3.26229888300190e-11
10175 2.58289063132498e-07
10185 1.00981745817984e-06
10195 3.26920716062488e-11
10205 1.06289691961444e-06
10215 2.51278813753549e-07
10225 2.67113700273368e-07
10235 3.13391629895349e-06
10245 8.12300437306639e-07
10255 1.36437351101975e-07
10265 1.59457604027486e-06
10275 3.68828023722763e-07
10285 1.39458072343134e-06
10295 3.30828852316457e-11
10305 3.3939584961558e-07
10315 5.45412479618282e-07
10325 2.34724144739045e-06
10335 3.33166380103506e-08
10345 3.51730602469106e-07
10355 4.55746017375607e-07
10365 2.38490377208713e-07
10375 5.75425550512756e-07
10385 8.58734265397118e-07
10395 3.35361086272357e-11
10405 3.97301726145242e-07
10415 3.35752233372411e-11
10425 1.71979415738702e-07
10435 9.52667444217714e-07
10445 2.68444456602028e-07
10455 5.45230881324246e-07
10465 7.05580440646696e-07
10475 1.21479803233792e-06
10485 1.10109022405724e-06
10495 3.96109245454313e-07
10505 6.08612795440087e-07
10515 7.41754146368434e-07
10525 4.42322862954534e-07
10535 1.0285536061124e-07
10545 1.1330328408199e-06
10555 1.29788373772146e-06
10565 3.21165893369429e-07
10575 4.77458132134539e-07
10585 1.28776102426679e-06
10595 1.25951987697308e-06
10605 1.69287002815012e-07
10615 4.05114377945225e-07
10625 7.05624324880973e-07
10635 2.46673261057713e-06
10645 4.76539196994302e-07
10655 2.81300835300519e-07
10665 6.21320511009583e-07
10675 1.1160207978978e-06
10685 5.87195920618018e-07
10695 1.44833888414966e-06
10705 2.32529486783833e-06
10715 6.97155753603229e-07
10725 1.75094707755144e-07
10735 9.78204123762457e-07
10745 2.74593902568623e-07
10755 1.25163277179325e-06
10765 1.47642296395795e-06
10775 1.08705307636409e-06
10785 3.49403682673397e-11
10795 2.79573671675962e-07
10805 1.28819413094831e-06
10815 1.41383460757968e-06
10825 5.59995772937318e-08
10835 6.50918054215792e-07
10845 7.97838941957839e-07
10855 5.29762888596716e-07
10865 1.0043761221565e-06
10875 6.12280331571372e-07
10885 1.04080139440001e-06
10895 5.26091462855222e-07
10905 2.05647513972202e-07
10915 1.19310904073527e-06
10925 6.32726639394316e-07
10935 7.1130344612519e-08
10945 3.16427356930599e-07
10955 9.83997849404763e-07
10965 7.79251924015687e-07
10975 1.65217023507039e-06
10985 4.2557261232476e-07
10995 6.64283246596821e-08
11005 1.1241259305652e-06
11015 1.14505578337976e-06
11025 4.78724472872491e-07
11035 6.79415687430095e-08
11045 9.00289026171709e-07
11055 1.67231388714121e-06
11065 5.499071976209e-07
11075 1.05955859518214e-06
11085 1.70863669892227e-06
11095 4.98291004878415e-07
11105 9.9538908747057e-07
11115 7.6563253302918e-07
11125 2.86138779812085e-07
11135 1.13957976151834e-06
11145 7.58330848211138e-07
11155 8.72679581436503e-07
11165 3.45140389524189e-07
11175 2.08740714552604e-06
11185 1.91352405791002e-07
11195 4.573444043513e-07
11205 3.15109646685756e-07
11215 3.33197509951486e-07
11225 6.76719381343062e-07
11235 1.39084557474915e-06
11245 7.48620064186676e-07
11255 4.68165849662376e-07
11265 1.40999526597018e-06
11275 2.01284512475677e-07
11285 2.78825355012197e-07
11295 4.87033956985343e-07
11305 2.66102311250335e-07
11315 5.32151329334721e-07
11325 6.09110891628841e-07
11335 7.69217919354503e-07
11345 4.83316130769268e-07
11355 3.70092327573465e-11
11365 1.03782626796502e-06
11375 3.1429608640235e-07
11385 7.04385374473918e-07
11395 2.2981734850692e-07
11405 1.12080683514548e-06
11415 3.14055189551857e-07
11425 1.65122731933193e-06
11435 9.49703524917091e-08
11445 8.37935305715524e-07
11455 1.18519622896259e-08
11465 3.77329128892103e-11
11475 1.89865636731396e-07
11485 1.01597911753279e-06
11495 1.31916845559859e-07
11505 3.79195428508912e-11
11515 6.07465999255296e-07
11525 8.31353344727208e-07
11535 9.58073016481458e-07
11545 1.12482197152568e-06
11555 9.40104075679384e-08
11565 7.91642594799996e-07
11575 6.09155022166202e-07
11585 3.67930882409254e-07
11595 2.66098270891181e-07
11605 7.19455364443319e-07
11615 5.14972008851172e-07
11625 1.95775924534618e-08
11635 2.56045043489719e-07
11645 3.83307518184302e-11
11655 3.3993842299649e-07
11665 8.57449088503814e-07
11675 4.93820010308728e-07
11685 7.16711572104471e-07
11695 1.11704877830949e-06
11705 2.51689128608655e-07
11715 7.96282658238468e-07
11725 1.08942105805908e-06
11735 9.85714720327169e-07
11745 4.18654872305645e-07
11755 5.80466221184208e-07
11765 3.62900973956533e-08
11775 7.71630148186384e-08
11785 7.80933211175118e-07
11795 6.39590030492571e-07
11805 1.00563523177427e-06
11815 3.83337097786632e-11
11825 1.91290518513506e-07
11835 1.09460657944087e-06
11845 6.20425956992802e-07
11855 6.27137665430024e-07
11865 2.97421171931419e-07
11875 5.62638236917349e-07
11885 2.17940880967579e-07
11895 3.39133816980384e-07
11905 6.63182003248373e-08
11915 5.89187619708408e-07
11925 5.29819988443841e-07
11935 3.7188540869876e-07
11945 1.83798949285609e-07
11955 5.50488143111584e-07
11965 3.47380470812775e-07
11975 3.84397780529722e-11
11985 3.01301206081791e-07
11995 1.58780691950127e-06
12005 8.59827371672459e-07
12015 3.86613842214497e-11
12025 2.65964771307098e-07
12035 1.14856113874553e-07
12045 2.58700469093315e-07
12055 8.59180121060313e-07
12065 9.79899353416463e-07
12075 6.12222560718159e-07
12085 6.13063691987272e-07
12095 5.42586508003915e-07
12105 1.51941988295942e-06
12115 1.57388295087752e-07
12125 7.43749476780967e-07
12135 8.05195780304284e-07
12145 2.4202784129344e-07
12155 8.59207412065397e-07
12165 1.99993984565496e-07
12175 9.47075956387755e-07
12185 2.89175105049493e-07
12195 7.12031626865649e-08
12205 2.49153099097342e-07
12215 6.39550881518175e-07
12225 2.16502105656635e-07
12235 3.15974999883451e-07
12245 2.16394826470148e-07
12255 3.96037604357701e-11
12265 2.11500192853087e-06
12275 1.29763607564826e-07
12285 2.18410755809138e-07
12295 3.96947194089639e-11
12305 9.20594068644706e-07
12315 3.437761978472e-07
12325 8.62943622270616e-07
12335 3.97607899522426e-11
12345 1.0149673826071e-06
12355 5.9014893103277e-07
12365 7.23863444437119e-07
12375 4.23676352679013e-07
12385 5.79023292126765e-08
12395 4.45402896261234e-07
12405 1.15123375665956e-06
12415 1.92945685374728e-07
12425 6.50625675165352e-07
12435 1.88849029520642e-07
12445 6.59341103803256e-07
12455 4.20556188054662e-07
12465 2.91504825848346e-08
12475 9.08332635553797e-07
12485 8.32857777382979e-07
12495 3.31910995964763e-07
12505 2.16224778417836e-07
12515 5.4981592224517e-07
12525 3.46787616175196e-07
12535 1.22187401297539e-07
12545 3.73527719732615e-07
12555 4.36053154974605e-07
12565 1.1917662137493e-06
12575 3.04262360257015e-07
12585 4.01264677485829e-11
12595 1.70955689356409e-06
12605 3.08630316623659e-07
12615 4.01451378078421e-11
12625 1.43350852797811e-06
12635 2.38518223353632e-07
12645 7.32929171480102e-07
12655 3.03968956461154e-07
12665 4.08464820781402e-07
12675 1.04954274976049e-06
12685 1.52934878671932e-07
12695 1.21015067749143e-06
12705 2.75763781989541e-07
12715 4.00140411528737e-11
12725 1.65330308649424e-07
12735 3.99817016009116e-11
12745 4.45158696734192e-07
12755 1.32783322287944e-06
12765 1.13373046976944e-07
12775 4.83115019804206e-07
12785 3.4171218794465e-07
12795 4.84718504972345e-07
12805 5.11770885886548e-07
12815 3.71887900444094e-07
12825 3.09173438943403e-07
12835 4.03963893364305e-08
12845 1.41737805806841e-06
12855 4.78331214256757e-07
12865 9.54082363669586e-08
12875 5.81830584556245e-07
12885 2.46991922731432e-07
12895 1.51608355079537e-06
12905 1.67654683697373e-07
12915 7.18082943607071e-07
12925 2.915198707387e-07
12935 5.44594553623688e-07
12945 1.24761486063331e-06
12955 1.21915853319675e-07
12965 8.92221354081574e-07
12975 1.84290466973912e-06
12985 1.66588108927766e-07
12995 5.41616756590023e-07
13005 7.38705999385905e-07
13015 7.54723234496382e-07
13025 1.3705214895167e-06
13035 6.3111579723673e-07
13045 9.61145275897724e-07
13055 4.40185874161743e-07
13065 6.69166695846985e-07
13075 2.28180819540732e-07
13085 1.28487125426888e-06
13095 1.94847701662329e-06
13105 6.97862337416807e-08
13115 6.64086700664345e-07
13125 1.22877538817326e-07
13135 8.12993353902674e-07
13145 8.81591989367908e-07
13155 2.40371200819332e-07
13165 1.08815245840405e-07
13175 9.42365168146383e-07
13185 1.29628354988519e-06
13195 1.23590028701051e-06
13205 9.55309703312241e-07
13215 7.90522534908867e-07
13225 1.31035268767146e-06
13235 1.25668290602819e-06
13245 1.02719677841459e-06
13255 1.0647721257151e-06
13265 4.12913945472045e-11
13275 2.07472691885262e-06
13285 5.16239992748964e-07
13295 9.04304583123326e-07
13305 1.23748650846543e-06
13315 6.41236410277925e-07
13325 6.92165232652053e-07
13335 9.65547602872693e-07
13345 3.65413661658676e-07
13355 1.41607576596081e-07
13365 4.27369266925658e-07
13375 7.78702948937191e-07
13385 9.677793284736e-07
13395 1.57208981379304e-06
13405 1.34914092573269e-06
13415 1.18645703301413e-06
13425 1.28524299391086e-06
13435 1.05093386846989e-06
13445 6.89699398582281e-07
13455 6.01028204399728e-07
13465 1.04691808329921e-06
13475 1.83441993797975e-07
13485 1.08709773895205e-06
13495 3.49250126488094e-07
13505 2.14465047675498e-07
13515 1.83118232338656e-06
13525 4.91837875723832e-07
13535 6.33558370330278e-07
13545 5.25582332244848e-07
13555 7.42063201822516e-07
13565 6.82671420841417e-07
13575 1.06405090328148e-06
13585 4.11429512753509e-07
13595 9.03627448073702e-07
13605 1.2323966289046e-06
13615 2.81973400341765e-07
13625 9.3763700937421e-07
13635 5.3932169754182e-07
13645 8.4034515125443e-08
13655 1.13057670878326e-06
13665 2.05223017010038e-07
13675 4.822023398736e-07
13685 7.29463670442598e-07
13695 4.4038268432237e-07
13705 8.46882728926127e-07
13715 5.61590227536429e-08
13725 5.36485489190587e-07
13735 4.2604977797605e-07
13745 7.4007988675315e-08
13755 2.49066622502118e-07
13765 6.3440843020447e-07
13775 2.26555348465273e-06
13785 1.80471956633845e-07
13795 3.00053382738642e-07
13805 1.15691985010106e-06
13815 2.35013796934131e-07
13825 1.03342707716049e-06
13835 4.19797133183871e-11
13845 1.93811786872778e-06
13855 1.00007229424355e-06
13865 4.96969311013307e-07
13875 6.02276049839381e-07
13885 6.59255177197534e-07
13895 7.16620412203915e-07
13905 8.15283778851109e-07
13915 4.34473411152847e-07
13925 7.22559208801643e-07
13935 1.53829543356703e-06
13945 4.92147146020541e-07
13955 2.34271714534101e-07
13965 8.20911536186876e-07
13975 1.86552367225068e-06
13985 4.2308507683481e-11
13995 9.66621502299467e-08
14005 2.09581419129783e-06
14015 1.1838159361891e-07
14025 1.13883563673554e-06
14035 1.32931135136035e-06
14045 7.21268648889489e-07
14055 1.19471711804544e-06
14065 1.82947102348845e-07
14075 3.46722235919467e-07
14085 1.77976384770632e-06
14095 2.03334607158381e-06
14105 2.4426183586562e-07
14115 7.51777103586881e-07
14125 1.07811118518252e-06
14135 5.12525847695662e-07
14145 2.67219885112353e-07
14155 2.70334702810057e-06
14165 6.66898321796359e-07
14175 3.90897809232117e-07
14185 1.16280634719739e-06
14195 6.37594866067618e-07
14205 2.05309790792036e-08
14215 1.16461422388332e-06
14225 1.86368644313363e-06
14235 2.70371149452567e-07
14245 2.65741398516702e-07
14255 6.08025994827965e-07
14265 6.98978791886387e-07
14275 7.57708689562262e-07
14285 3.20999205531807e-08
14295 1.32162078322159e-07
14305 1.04492186543074e-06
14315 9.06006363931865e-07
14325 1.06972200210031e-06
14335 9.7147282662632e-07
14345 2.18195759720235e-06
14355 4.34198038288032e-11
14365 5.25335621849924e-07
14375 1.341375835746e-07
14385 9.10118103588259e-07
14395 3.44823123406825e-07
14405 5.23458949930617e-07
14415 8.82592975268469e-07
14425 3.36179724839764e-07
14435 2.54895971647184e-07
14445 2.43705414282423e-07
14455 3.98287416071953e-07
14465 1.14577127220579e-06
14475 7.96862709989655e-07
14485 5.39424555578543e-07
14495 1.35212629492432e-06
14505 1.17567761945779e-06
14515 7.2341716992721e-08
14525 4.37198639029642e-11
14535 3.08712692905169e-07
14545 1.03826879219732e-06
14555 7.28050350551873e-07
14565 3.04918534077355e-07
14575 6.55969287246339e-07
14585 4.37728875523799e-11
14595 2.01341756315975e-06
14605 7.44021986182235e-07
14615 7.00077214891378e-07
14625 6.95766414773533e-07
14635 9.2272311039885e-07
14645 4.38450550879123e-11
14655 1.15099572411934e-06
14665 4.38698341595183e-11
14675 1.5114629354555e-06
14685 1.0766224326814e-06
14695 1.47194908682631e-06
14705 7.84224218111041e-07
14715 1.19645980778349e-06
14725 2.4489471451681e-07
14735 6.6313741785405e-07
14745 6.66144839737512e-07
14755 7.3830215503679e-07
14765 9.33878809573354e-07
14775 1.08150550951174e-06
14785 1.49219034800931e-06
14795 4.40077866608599e-11
14805 6.73722774328744e-07
14815 6.12343916982315e-07
14825 1.39197545267457e-06
14835 1.0052587246753e-07
14845 1.78094085288562e-06
14855 4.38014031744348e-07
14865 7.10357763056326e-07
14875 1.37224559716425e-06
14885 1.70897513406945e-07
14895 1.66350473035902e-06
14905 1.11487712238355e-06
14915 9.03619366368583e-07
14925 1.44341846118442e-06
14935 6.11671193011282e-07
14945 1.07130690471018e-06
14955 1.72887210394612e-06
14965 5.57449519770999e-07
14975 3.72153102447197e-07
14985 1.96962389439776e-06
14995 5.46114894926113e-07
15005 2.48085955024848e-06
15015 9.05999917078748e-07
15025 1.4464966830582e-06
15035 1.96305544663952e-06
15045 2.12802196571906e-06
15055 4.45543094034132e-11
15065 9.36521060908197e-07
15075 1.81254031454021e-06
15085 1.39093133880761e-08
15095 1.08456440134579e-06
15105 1.03165566222456e-06
15115 6.70302029283106e-07
15125 1.98208125639462e-06
15135 1.56120054241168e-06
15145 7.55631649245683e-07
15155 1.76448277495601e-06
15165 4.48394523447129e-11
15175 1.41827791382615e-07
15185 1.2554185676624e-06
15195 4.3358583047405e-08
15205 3.61425606433905e-07
15215 1.67047597527215e-06
15225 5.10429378938071e-07
15235 1.82576284345779e-06
15245 6.96072171319702e-07
15255 1.06211464821989e-06
15265 1.49065132444878e-06
15275 8.50968703329629e-07
15285 5.58153865156209e-07
15295 5.4073597243009e-07
15305 1.45758058296789e-06
15315 1.39948228834218e-06
15325 1.01345091113234e-06
15335 9.40475208001188e-08
15345 1.35673856003799e-06
15355 1.19396937437894e-06
15365 6.38670231711344e-07
15375 1.8677065135728e-07
15385 1.81656385800453e-08
15395 1.49160010016498e-06
15405 1.90830186364638e-06
15415 3.70965031100154e-07
15425 3.07604242433682e-07
15435 1.17016658812778e-06
15445 4.5210503073974e-11
15455 6.13153824075965e-07
15465 7.56135850671525e-07
15475 2.16134713576842e-06
15485 9.71955987148831e-08
15495 5.98442707325072e-07
15505 1.51438029526704e-06
15515 8.7160190432695e-07
15525 5.60401213599061e-07
15535 2.46308254475928e-06
15545 6.6390188900812e-07
15555 1.21008318269332e-06
15565 4.02819246035184e-07
15575 4.51629960286766e-11
15585 1.38560016594586e-06
15595 2.44932153347056e-06
15605 9.17205495067296e-08
15615 1.0210469145993e-06
15625 1.1151289701146e-06
15635 2.257652517633e-06
15645 2.12088757283151e-07
15655 1.3978755732023e-06
15665 1.43429568361317e-06
15675 4.51845846794625e-11
15685 3.85920736463264e-08
15695 7.65096991755361e-07
15705 1.73737200023047e-06
15715 4.52621995592502e-11
15725 1.00555220708388e-06
15735 5.18869009250084e-07
15745 3.67233272950645e-08
15755 1.40934091906174e-07
15765 1.16463225415438e-06
15775 3.89959435006571e-07
15785 1.57173181301786e-06
15795 3.25433119313893e-07
15805 1.60743050987014e-06
15815 5.3161480863802e-07
15825 1.07417030656466e-06
15835 1.64811072461168e-06
15845 3.18743207935337e-07
15855 2.01204175753888e-06
15865 1.06069764159056e-06
15875 2.08173043157418e-06
15885 1.14699939925755e-06
15895 4.40167986042879e-07
15905 1.71800047797759e-06
15915 3.68913838120894e-07
15925 1.08787015538702e-06
15935 5.03803083721073e-07
15945 1.20623147849304e-06
15955 4.38305609720366e-07
15965 3.65387865526483e-07
15975 1.15056368176264e-06
15985 8.409449846687e-07
15995 6.139215178437e-07
16005 5.16107988421601e-07
16015 7.51815488558284e-07
16025 4.46339807905504e-07
16035 9.74226450852665e-07
16045 1.92318642039077e-06
16055 3.71951687287366e-08
16065 9.04677645063353e-07
16075 1.31573668175784e-06
16085 2.89197244873359e-07
16095 1.29926625868016e-06
16105 1.27537441870191e-06
16115 1.02574781019038e-06
16125 2.76733844210399e-06
16135 1.1829381890518e-06
16145 2.09977024779341e-06
16155 1.20919850526033e-06
16165 2.42364103853904e-06
16175 2.42918795667882e-06
16185 2.45735436547591e-06
16195 1.08576017182239e-06
16205 2.79033440313637e-06
16215 1.35365958027813e-06
16225 3.04502766844356e-06
16235 3.8032064500077e-06
16245 3.58154459678205e-06
16255 5.16425799809728e-06
16265 5.06850099283601e-06
16275 3.93092599779276e-06
16285 6.09442834946392e-06
16295 7.5449057699877e-06
16305 7.68579063975839e-06
16315 8.33268778059574e-06
16325 7.22994161676347e-06
16335 9.4305755435959e-06
16345 8.65158412387181e-06
16355 1.09854302606464e-05
16365 1.1341783203652e-05
16375 1.23066920228116e-05
16385 1.40612700242415e-05
16395 1.5053293111907e-05
16405 1.33359850116485e-05
16415 1.69971716250794e-05
16425 1.6845007010762e-05
16435 1.93838194590679e-05
16445 2.04078450497231e-05
16455 2.28886683354808e-05
16465 2.3973451039746e-05
16475 2.48135806458904e-05
16485 2.48923495385749e-05
16495 2.72385276073919e-05
16505 2.81885751692796e-05
16515 3.08127502771017e-05
16525 3.32121891467068e-05
16535 3.79534244906869e-05
16545 4.12077356866377e-05
16555 4.04841509850119e-05
16565 4.48669567466584e-05
16575 5.25166671134971e-05
16585 5.66788187507168e-05
16595 6.23998274520844e-05
16605 7.11570297328567e-05
16615 7.93322259976903e-05
16625 8.99597587605837e-05
16635 0.000102956571400942
16645 0.000117112217491812
16655 0.00013604522162979
16665 0.000154757118319475
16675 0.000183777750430531
16685 0.000210980385510709
16695 0.000242927523774762
16705 0.000281265193820356
16715 0.000321684185130331
16725 0.000367690037846314
16735 0.000417570116910512
16745 0.000480810553662919
16755 0.0005516576446912
16765 0.000625304586481161
16775 0.00070269205309659
16785 0.000771042505153738
16795 0.000877687425809128
16805 0.000982865603258968
16815 0.00110000591375609
16825 0.00122595943188798
16835 0.001352544052656
16845 0.00150209366332857
16855 0.00164358297540276
16865 0.0018363213233581
16875 0.00201369116621713
16885 0.00222074099749606
16895 0.00252219886516868
16905 0.00277285078126044
16915 0.00313272526784835
16925 0.00349518515392173
16935 0.0039809931340869
16945 0.00458172179656672
16955 0.0051435295142347
16965 0.0060054820987131
16975 0.00719199814886052
16985 0.00851189051222482
16995 0.0103263834972716
17005 0.0120533194221912
17015 0.0146533583226075
17025 0.0178354625552099
17035 0.0211905892981908
17045 0.023869680379828
17055 0.0262473079267303
17065 0.0292494089053583
17075 0.0321796319697865
17085 0.0363072272300134
17095 0.0416701213905254
17105 0.044897893328582
17115 0.0528267753726109
17125 0.0590536992758696
17135 0.069842822638102
17145 0.0790211078746447
17155 0.0955015092135052
17165 0.112162441820895
17175 0.133101782268031
17185 0.159437796304319
17195 0.178116243131065
17205 0.208445059091132
17215 0.237599384402362
17225 0.268928986935987
17235 0.293685490541922
17245 0.310341994226104
17255 0.334573321634524
17265 0.342755840915903
17275 0.348326346911615
17285 0.357373591309975
17295 0.363065513470738
17305 0.362642336376676
17315 0.377633423385711
17325 0.380426972869449
17335 0.386372836881085
17345 0.393893361473257
17355 0.401281219804211
17365 0.409347030519321
17375 0.421755973181376
17385 0.422061660708152
17395 0.429471766644271
17405 0.437357688130854
17415 0.437034757967496
17425 0.448255054567662
17435 0.452292172219916
17445 0.445252235152292
17455 0.454452822219637
17465 0.45238167841561
17475 0.450164552829239
17485 0.44969681327586
17495 0.442969648648252
17505 0.462351876617572
17515 0.451229042689221
17525 0.453344226630856
17535 0.451370517352332
17545 0.452953107806253
17555 0.452981910285966
17565 0.46152469688491
17575 0.45877463205724
17585 0.460731440479752
17595 0.457200348520985
17605 0.460771716691873
17615 0.465157378326809
17625 0.464317100917948
17635 0.463556952775476
17645 0.456338568581019
17655 0.461830183637244
17665 0.468839049069424
17675 0.466449627233454
17685 0.465610517501951
17695 0.458286495558641
17705 0.462380578541767
17715 0.468097313803921
17725 0.46164514869819
17735 0.455396989276196
17745 0.460009048833822
17755 0.458994730357204
17765 0.453591881344038
17775 0.465212463124796
17785 0.450507138376693
17795 0.460206409272179
17805 0.458611346140285
17815 0.454189172971269
17825 0.450902381019384
17835 0.455080389070806
17845 0.456905672412944
17855 0.452636354891009
17865 0.445744762265014
17875 0.447306536501788
17885 0.453258195416501
17895 0.444164341908219
17905 0.444299747603471
17915 0.442774485781529
17925 0.444561381546186
17935 0.444548356171626
17945 0.435623592072755
17955 0.445471063970462
17965 0.442702938451885
17975 0.438577829664077
17985 0.437318779253872
17995 0.443451811579693
18005 0.443406399448981
18015 0.442914511982037
18025 0.448962781804356
18035 0.44574781331215
18045 0.438181099401182
18055 0.44357837840044
18065 0.451329008779763
18075 0.460818231978711
18085 0.453467057926853
18095 0.456375597533495
18105 0.459530807562947
18115 0.460646552348432
18125 0.455517404654343
18135 0.464869985511466
18145 0.456633070438771
18155 0.464653015131586
18165 0.466570917360168
18175 0.468024715364491
18185 0.463837629579456
18195 0.476407319404062
18205 0.468253878302633
18215 0.467988176106192
18225 0.469417743108924
18235 0.471916742586518
18245 0.469308143989385
18255 0.468834312831786
18265 0.474977856817195
18275 0.468656435708363
18285 0.468645010121777
18295 0.466861447828664
18305 0.465615702846456
18315 0.480940402216195
18325 0.466981458441776
18335 0.464154523356749
18345 0.473099452666931
18355 0.464037262002838
18365 0.468461409378351
18375 0.467537513431867
18385 0.461520919750293
18395 0.463898103284375
18405 0.465698674025759
18415 0.460041588937201
18425 0.460922898852896
18435 0.466138714251728
18445 0.456618820705892
18455 0.461163223928989
18465 0.450297750837543
18475 0.460688937939279
18485 0.453467568393874
18495 0.455082666124324
18505 0.453869753105427
18515 0.451646422790358
18525 0.44928861092115
18535 0.45032606557695
18545 0.445352685203747
18555 0.446756148638359
18565 0.450762253365182
18575 0.448729913118113
18585 0.450504679580339
18595 0.451921640671218
18605 0.448980140322066
18615 0.449085441894931
18625 0.449339492651095
18635 0.448580994507129
18645 0.453552337547056
18655 0.453155434935533
18665 0.457280200179022
18675 0.458185373457264
18685 0.460103286008388
18695 0.46289536437629
18705 0.464870898054557
18715 0.460111327197965
18725 0.466136500602979
18735 0.4685438681308
18745 0.474305779136491
18755 0.476056356879566
18765 0.465944672313892
18775 0.478461129137764
18785 0.471398976692517
18795 0.475324737198625
18805 0.472407934688266
18815 0.475174833600767
18825 0.474531050893527
18835 0.474176436876769
18845 0.47719162049327
18855 0.473237719886865
18865 0.473065781848871
18875 0.479012273945448
18885 0.471950246060491
18895 0.474515852543324
18905 0.470739639862474
18915 0.469975281951006
18925 0.477165992331167
18935 0.46760105003903
18945 0.468221070767502
18955 0.469605485913132
18965 0.466761208432286
18975 0.470819593827559
18985 0.465269346185022
18995 0.460365638209532
19005 0.463428152038881
19015 0.464048945685845
19025 0.460396793574091
19035 0.453273521041117
19045 0.462479463834824
19055 0.454581499493612
19065 0.457831235957223
19075 0.451978392967746
19085 0.461007986412905
19095 0.459293121019894
19105 0.453530845328217
19115 0.459560684628975
19125 0.452926193074478
19135 0.454163936577706
19145 0.452614032033396
19155 0.457018063085548
19165 0.460098592419771
19175 0.45682096805307
19185 0.454993817262821
19195 0.45999910937982
19205 0.453850828754217
19215 0.465252954740584
19225 0.459991098635499
19235 0.461240639643135
19245 0.461686968528464
19255 0.467016856287652
19265 0.464531500053919
19275 0.468876298412367
19285 0.470277244532835
19295 0.475350208108381
19305 0.468926160513603
19315 0.476964135945904
19325 0.463362705094204
19335 0.478072608203694
19345 0.479144821129753
19355 0.468848325033917
19365 0.475921788607484
19375 0.469225985958895
19385 0.478805075765698
19395 0.475800247518783
19405 0.471729553218993
19415 0.475326727658593
19425 0.468752219061057
19435 0.480353743384868
19445 0.476015241528418
19455 0.481865332134768
19465 0.477673446623179
19475 0.474183208848212
19485 0.479107715742163
19495 0.476310113762397
19505 0.471802941796926
19515 0.480954909703199
19525 0.474093989208091
19535 0.464262221337487
19545 0.469847075416937
19555 0.45861448665156
19565 0.452233052711505
19575 0.438806755550685
19585 0.420035664597968
19595 0.409166608142688
19605 0.386805143741812
19615 0.373047497944831
19625 0.358610170548218
19635 0.334732774861237
19645 0.310775785147684
19655 0.287485994785141
19665 0.267737132012792
19675 0.241144342094042
19685 0.223135657196792
19695 0.200026662624835
19705 0.180717647181524
19715 0.162997887193033
19725 0.146501717228015
19735 0.133421904003333
19745 0.118496832779531
19755 0.10672750599401
19765 0.0999712447325843
19775 0.0877443012164019
19785 0.0814095136707215
19795 0.0734207090379871
19805 0.0664604096756602
19815 0.0597689844797297
19825 0.053854157835894
19835 0.0470321276814172
19845 0.0427920046322595
19855 0.03754683710784
19865 0.0325932638052104
19875 0.0278343526831187
19885 0.0253715100735759
19895 0.0214159283698846
19905 0.0194251761293801
19915 0.0166631055178021
19925 0.0146093748916841
19935 0.012712376448921
19945 0.0110545773976017
19955 0.00969293804916019
19965 0.00821356529463228
19975 0.00756430225395476
19985 0.00635155545669365
19995 0.00568867323222849
20005 0.00499291046550692
20015 0.00448583714247715
20025 0.00386664456925384
20035 0.00344186725876913
20045 0.00307781559455598
20055 0.00272609778618965
20065 0.00239902011279546
20075 0.00214844722192751
20085 0.00189193634390864
20095 0.00173942104528442
20105 0.00152822848043038
20115 0.00139419008140478
20125 0.00125347470035736
20135 0.00111894673438451
20145 0.0010150263925803
20155 0.000897208178446799
20165 0.000850710828438997
20175 0.000773950867983655
20185 0.000690183703051298
20195 0.000621739638223607
20205 0.000582180049009797
20215 0.000524476666639311
20225 0.000485473105075939
20235 0.000447489778314472
20245 0.000413385325607605
20255 0.000370131792808396
20265 0.000349424933078039
20275 0.00032018185075992
20285 0.000301036024377007
20295 0.000280576676825638
20305 0.000263408210824565
20315 0.000238466530109539
20325 0.000232300193394035
20335 0.000211357971315268
20345 0.000198303875097898
20355 0.000181416758489757
20365 0.000175546804067379
20375 0.000159160101297373
20385 0.000147879946013846
20395 0.00014011715102803
20405 0.000138279491161475
20415 0.000131056908645278
20425 0.000121177952993954
20435 0.000113520705002711
20445 0.000109603463336045
20455 9.61026944826862e-05
20465 8.9330080074453e-05
20475 8.40901551199403e-05
20485 8.35284603511052e-05
20495 7.08354781867558e-05
20505 7.17176951359731e-05
20515 6.89359278144552e-05
20525 5.95505502365194e-05
20535 5.47109751390886e-05
20545 5.87958003676028e-05
20555 4.75789315862751e-05
20565 5.17052353660927e-05
20575 5.02212201008695e-05
20585 3.2959556653413e-05
20595 3.73091569673787e-05
20605 3.99803394993316e-05
20615 3.59137246440134e-05
20625 3.80215539920283e-05
20635 3.5896064104971e-05
20645 1.62953399686249e-05
20655 3.10043299782618e-05
20665 2.8951913777701e-05
20675 2.40109285524314e-05
20685 1.7558789684429e-05
20695 2.15209871284115e-05
20705 2.20655764091302e-05
20715 2.09064003559564e-05
20725 1.11846496212968e-05
20735 1.42865309435425e-05
20745 1.02062788980719e-05
20755 1.21358847805192e-05
20765 3.56765695806568e-06
20775 1.62730045557848e-05
20785 1.78654373044176e-05
20795 1.22284599735707e-05
20805 3.31580090434203e-06
20815 1.0291024319373e-05
20825 9.75702952559664e-06
20835 1.10423713156447e-05
20845 8.03657038272807e-06
20855 8.71282151014529e-06
20865 8.68462769669242e-06
20875 1.7138778357592e-06
20885 3.93692540931361e-06
20895 1.4357009528985e-05
20905 5.4907656185054e-06
20915 6.249060893713e-06
20925 1.8237989341313e-06
20935 9.38403442504191e-06
20945 3.41274060283669e-06
20955 2.73448830222042e-06
20965 6.07642239281329e-06
20975 5.70128391961963e-06
20985 4.94976099443849e-11
20995 9.30781302003776e-06
21005 2.27227344110847e-06
21015 2.54148515042523e-06
21025 3.50236767899451e-06
21035 1.02576234990969e-05
21045 7.79676647502284e-06
21055 3.41616708388748e-06
21065 5.73115314024313e-06
21075 1.84548780712376e-06
21085 3.51331035143212e-06
21095 3.93783940480215e-06
21105 5.9045353910175e-06
21115 1.16538260419515e-05
21125 7.63312014041961e-07
21135 8.21043253680725e-07
21145 8.09455281813397e-06
21155 5.34847155139332e-06
21165 5.15339173005897e-06
21175 5.70162721386196e-06
21185 7.29493412550596e-07
21195 6.65025234795933e-06
21205 5.81125727137488e-06
21215 4.1317097774742e-06
21225 8.58576636250395e-06
21235 9.14478936598851e-07
21245 6.15836831001017e-06
21255 1.01651549377741e-05
21265 4.92379687346445e-06
21275 4.48926987470692e-06
21285 4.96668664380489e-11
21295 4.49431060060757e-06
21305 8.54757565289913e-06
21315 1.09264672441375e-05
21325 1.41734826982798e-05
21335 4.97358934298650e-11
21345 3.15021519930228e-06
21355 2.93452540590563e-06
21365 6.07319573380641e-06
21375 3.66099304197579e-06
21385 3.03440983427992e-06
21395 8.1001507139073e-06
21405 1.93231824783051e-06
21415 2.3101669966332e-07
21425 3.18713450784819e-06
21435 2.45291733749015e-06
21445 4.98216211610767e-06
21455 4.98834009697237e-11
21465 1.90233474510411e-06
21475 5.05818928527004e-07
21485 5.19433651589021e-06
21495 3.99357908863679e-07
21505 4.68174707059374e-06
21515 4.99565463160773e-11
21525 3.69767235547537e-06
21535 1.67151575749245e-06
21545 1.29228833628727e-06
21555 7.37934454220009e-06
21565 1.7605654880729e-06
21575 6.51844907655092e-07
21585 4.66927012011461e-06
21595 1.33582831054167e-06
21605 4.94026643376875e-06
21615 7.89572237284331e-06
21625 1.71152440725026e-06
21635 6.56218727632318e-06
21645 1.05643029983377e-06
21655 9.83016860962602e-07
21665 4.98186282298061e-11
21675 1.20046599416322e-05
21685 1.41309085833368e-05
21695 3.07212617941952e-07
21705 5.74119700323307e-06
21715 2.54674393820734e-06
21725 1.55493972198974e-06
21735 8.09108052376367e-06
21745 5.36001513765953e-06
21755 1.59041722542067e-06
21765 2.08092740199603e-06
21775 2.66520563599451e-06
21785 4.18594605738096e-06
21795 4.96464901488001e-11
21805 3.33967406759751e-06
21815 5.5591476029994e-06
21825 4.61843506674164e-06
21835 2.04000211284035e-06
21845 3.33048937443838e-06
21855 1.59810966754891e-06
21865 4.67842356898151e-06
21875 4.72948523928872e-06
21885 6.66467035794374e-06
21895 9.29563188789954e-07
21905 2.37815479186776e-06
21915 1.96658065444416e-06
21925 2.76858276621291e-06
21935 4.96775890848775e-11
21945 4.28848958179707e-06
21955 5.77532240899387e-06
21965 6.52958190627976e-06
21975 1.16205705178334e-05
21985 4.97661929678581e-11
21995 1.20949685348584e-05
22005 2.31841126022042e-06
22015 8.71706157026189e-06
22025 1.14632147625539e-05
22035 4.97649080689315e-11
22045 3.90616739955111e-06
22055 5.40272236816438e-06
22065 8.30442379846932e-06
22075 4.30735694582223e-07
22085 4.83060499812638e-06
22095 1.64525725141911e-06
22105 8.36588501272211e-06
22115 5.26955873835119e-06
22125 2.0801290516643e-06
22135 5.7342170194118e-06
22145 4.25530664370966e-06
22155 2.54698635962524e-05
22165 4.95258480374253e-11
22175 1.12817546006338e-05
22185 1.00672384786094e-05
22195 1.68292574723066e-05
22205 4.15614692054291e-06
22215 6.62686334870662e-06
22225 7.41210517291853e-06
22235 1.73272481965952e-06
22245 2.36935687704859e-06
22255 1.08177353371822e-05
22265 6.19569925901611e-06
22275 1.32532319984598e-05
22285 4.89606593678654e-11
22295 4.0253125551694e-06
22305 3.40739795874323e-06
22315 4.91280304490529e-11
22325 4.94882041327679e-06
22335 7.0890008047598e-06
22345 5.58309807758036e-06
22355 9.96742274927834e-06
22365 5.61259692465569e-06
22375 5.99540109352975e-06
22385 9.38979664031323e-06
22395 4.95471752649769e-11
22405 2.37455846039749e-05
22415 6.5594034416235e-06
22425 1.10722306039547e-05
22435 6.54999928872087e-08
22445 1.0025107004002e-05
22455 4.95392358845336e-11
22465 1.36612107084127e-05
22475 2.72210124983303e-06
22485 5.8581147728522e-06
22495 1.07946713396832e-05
22505 6.48638207601699e-06
22515 1.30795950368086e-05
22525 1.0123925921217e-05
22535 9.06154412436269e-06
22545 5.01069862947178e-06
22555 1.01113904590367e-06
22565 9.04418754218218e-07
22575 5.17095875841093e-06
22585 8.23998517343258e-06
22595 8.72705560512967e-07
22605 1.381930848518e-05
22615 1.94508876086741e-06
22625 7.68125855464283e-06
22635 4.84757999018900e-11
22645 1.35131465473266e-05
22655 2.8944358778476e-07
22665 1.3362039132131e-05
22675 4.46006283402351e-07
22685 2.06443308114795e-06
22695 8.76057896959882e-06
22705 4.52757216468467e-06
22715 3.14376884568839e-06
22725 3.85714442267144e-06
22735 5.59990308745043e-06
22745 3.57968218752172e-06
22755 1.18631688558644e-05
22765 4.88523324058014e-11
22775 2.12170400235585e-06
22785 3.69053733811706e-06
22795 4.88683852928587e-11
22805 7.28007420423576e-06
22815 3.16614136752058e-06
22825 3.9248580363279e-06
22835 3.5248892903336e-06
22845 5.44320027373451e-06
22855 2.52668544721417e-07
22865 4.62588681408194e-07
22875 3.75237565521591e-07
22885 3.94005967846002e-06
22895 2.97999251648427e-06
22905 4.64848307611555e-06
22915 4.87809514924332e-11
22925 5.41298953913274e-06
22935 7.76680184480462e-07
22945 4.87012339401233e-11
22955 1.79204063957975e-06
22965 3.21110786590266e-07
22975 1.81245318451531e-06
22985 3.8119028003798e-07
22995 4.83990931411342e-11
23005 1.26322734473489e-06
23015 5.58158293595588e-06
23025 1.97429906761974e-06
23035 4.79288338929623e-11
23045 7.58258931597088e-07
23055 1.44195458944434e-06
23065 2.50762575348257e-07
23075 3.0192286632217e-06
23085 4.69752919555179e-11
23095 4.31157362950104e-07
23105 5.83810753741006e-06
23115 1.48996308863067e-06
23125 1.68693501505156e-06
23135 2.11841946504799e-06
23145 1.26754582669066e-06
23155 4.66228424389397e-07
23165 4.37491340363299e-11
23175 1.89792246990137e-06
23185 4.23496749935603e-11
23195 1.03095464289372e-06
23205 2.53500971335201e-06
23215 7.95900371840441e-07
23225 3.39608807170984e-07
23235 4.43655979121683e-07
23245 1.03990102383861e-06
23255 1.13115991502393e-06
23265 1.35638157609049e-06
23275 2.30769067807313e-06
23285 3.17678780082161e-11
23295 3.06055518657737e-11
23305 1.38495980907534e-06
23315 7.41566296279115e-07
23325 2.67937365211459e-07
23335 2.58759447867257e-11
23345 1.42713689124295e-06
23355 9.85557301133386e-07
23365 2.17810142106729e-06
23375 2.14821706148839e-11
23385 2.05760900410499e-11
23395 1.57081128218294e-06
23405 8.62074558403954e-07
23415 8.15808389296629e-07
23425 1.31033846219931e-06
23435 7.63851056031098e-07
23445 4.0511180594726e-07
23455 1.70476622868294e-06
23465 7.14685674237539e-08
23475 2.68696083535088e-06
23485 2.46471997344102e-06
23495 1.70043617930321e-11
23505 6.19436346514441e-07
23515 7.80340317165065e-07
23525 8.96860879020085e-07
23535 5.44614209985915e-07
23545 1.36190354060049e-06
23555 1.51352876170066e-07
23565 1.91433036712386e-07
23575 4.99346102659391e-07
23585 5.86204077545297e-07
23595 7.63203756519633e-08
23605 3.12428933255558e-07
23615 5.04726388069153e-07
23625 2.17830891277996e-07
23635 8.55935424235365e-07
23645 9.36625818101223e-12
23655 3.73786266193103e-07
23665 7.56303044405877e-12
23675 9.44370391126179e-08
23685 9.16607161505033e-08
23695 1.54479223572388e-07
23705 3.46110524591863e-07
23715 2.9071795338945e-07
23725 3.12993837689137e-12
23735 1.64020334921064e-07
23745 5.70031718477319e-08
23755 5.33807187257249e-08
23765 6.72068727141417e-08
23775 3.83884645694884e-08
23785 1.23607306827728e-08
23795 1.099367563666e-07
23805 1.44070154147217e-07
23815 1.03502291759706e-07
23825 1.31421590019024e-12
23835 2.32568967938733e-07
23845 9.30189832187974e-09
23855 1.74273951636121e-07
23865 3.99191052045695e-08
23875 1.0770688367729e-07
23885 2.25423382374458e-08
23895 7.52215476300579e-09
23905 2.41896162664547e-08
23915 3.17460551867788e-08
23925 5.52372495829187e-08
23935 1.92111288088793e-08
23945 9.02403985350979e-09
23955 2.05615480743513e-08
23965 5.12078885667602e-08
23975 3.56266176017734e-13
23985 3.20530152077449e-13
23995 2.73225087983338e-08
24005 1.20077654101786e-08
24015 1.52197889613239e-09
24025 1.76665083868533e-08
24035 2.76195565085511e-09
24045 1.59816533579335e-13
24055 2.07275096937526e-08
24065 1.36719903675309e-08
24075 9.51780474863449e-10
24085 6.28829147269215e-09
24095 3.69218473419475e-09
24105 7.35376070486507e-09
24115 7.19719655209599e-09
24125 4.33804854462837e-10
24135 2.02857400212919e-09
24145 5.87919045370139e-10
24155 3.61088661040313e-14
24165 1.7854408168313e-10
24175 6.5580479282631e-10
24185 2.03690067843138e-09
24195 3.8637250710373e-09
24205 1.8104021063248e-14
24215 1.58651612659864e-14
24225 1.22865345575076e-10
24235 9.29876374265597e-10
24245 1.02149344707414e-10
24255 8.50784974757726e-10
24265 2.8750074056851e-09
24275 7.60085334734585e-15
24285 1.91938052653602e-11
24295 8.80504554526172e-11
24305 8.05974265217978e-10
24315 4.89163633883486e-15
24325 4.33950750185255e-10
24335 4.75394114704002e-11
24345 3.56671940519571e-15
24355 3.2129985977746e-15
24365 3.58679844260049e-10
24375 1.89862227246232e-10
24385 1.88644823944821e-10
24395 2.10646993578292e-15
24405 2.25804657302545e-10
24415 3.23372917062808e-10
24425 1.51640457956197e-15
24435 5.74341823184238e-11
24445 4.85946327528902e-11
24455 1.07370547427921e-15
24465 1.35655999031313e-10
24475 2.81407096415428e-10
24485 4.09176818745115e-11
24495 6.67145047875348e-16
24505 1.10159373985706e-10
24515 5.51325919292995e-16
24525 5.82047551495349e-11
24535 1.77760594226718e-11
24545 6.18074156515289e-11
24555 3.6851025455931e-16
24565 1.53669876583701e-11
24575 7.74900672447891e-12
24585 2.68429759610337e-16
24595 2.03975200144265e-11
24605 6.731190912621e-11
24615 1.46749254450701e-11
24625 1.99131995955535e-11
24635 1.55584179808088e-16
24645 4.75204861685019e-11
24655 8.55100208578038e-12
24665 5.05054957507458e-12
24675 5.59836717375268e-12
24685 1.78737268871213e-11
24695 6.31163434706036e-12
24705 1.61092669957051e-11
24715 4.35770601254096e-12
24725 1.28965040789645e-12
24735 4.06976589833826e-12
24745 5.3306062030097e-12
24755 3.92878827460681e-17
24765 5.59876813279442e-12
24775 1.31443492919946e-12
24785 1.13722989867222e-12
24795 9.96651912721258e-13
24805 3.5208247702369e-12
24815 1.21324361302046e-12
24825 1.79385287401646e-17
24835 9.79136056726864e-13
24845 1.00319257047535e-12
24855 5.13444098903463e-12
24865 1.16995031044242e-17
24875 5.99752953507856e-13
24885 1.4492545966563e-12
24895 8.67229915340482e-18
24905 2.04496564238491e-13
24915 9.73665966578171e-13
24925 3.78978853284904e-13
24935 1.86388673569426e-12
24945 3.94883572020952e-13
24955 5.8233904085796e-13
24965 2.53340251139109e-13
24975 3.85991107447646e-18
24985 7.68190887776416e-13
24995 2.53642119169904e-14
25005 3.66756502673977e-13
25015 2.6414215895226e-18
25025 5.18982557349605e-13
25035 5.22243785468984e-13
25045 4.32983205112805e-14
25055 1.00347454354567e-13
25065 2.4901048653644e-13
25075 6.06084996657033e-13
25085 1.40421554543388e-18
25095 7.84850102094171e-13
25105 1.17971490711535e-18
25115 2.7776195174771e-13
25125 3.14197313788321e-14
25135 8.30028977694059e-14
25145 3.20106995440637e-14
25155 7.70258935581289e-19
25165 3.38052348897015e-13
25175 6.51252224814418e-19
25185 5.99062935503241e-19
25195 1.06990613613194e-13
25205 5.07161806394057e-19
25215 4.70032543514948e-14
25225 4.29293565351303e-19
25235 3.94864200228135e-19
25245 1.5889126581366e-13
25255 9.57216788543034e-14
25265 3.07591535633252e-19
25275 2.82924697852874e-19
25285 1.52898076117305e-14
25295 4.51849278880056e-14
25305 2.19828244431457e-19
25315 3.64076935227404e-14
25325 3.50216997329215e-15
25335 9.29045239312817e-14
25345 3.33251791378832e-14
25355 1.43331788222959e-19
25365 1.31399220307507e-19
25375 1.86356012427048e-14
25385 6.64195645419875e-15
25395 1.00918664328648e-19
25405 6.68246155559694e-15
25415 5.30535150715208e-15
25425 1.06964380085816e-14
25435 4.58548848114111e-15
25445 5.3191265287882e-15
25455 3.29901048716606e-15
25465 2.38871949697157e-14
25475 4.86648854842536e-20
25485 4.43071875042262e-20
25495 1.60633042324925e-14
25505 4.77321989748595e-15
25515 4.85191820337804e-15
25525 3.01197882181145e-20
25535 2.72916636797048e-20
25545 2.4716232735127e-20
25555 3.04143055953272e-15
25565 2.77629531088175e-15
25575 7.09904214620543e-15
25585 4.90032060757666e-15
25595 1.49463543869334e-20
25605 1.65952377336907e-16
25615 1.95967659566123e-15
25625 1.09932601672049e-20
25635 6.85954914051637e-16
25645 2.32977408198392e-15
25655 5.58158723944352e-15
25665 7.25926890461405e-21
25675 7.29743222319683e-16
25685 2.29402381073346e-15
25695 3.60558915219867e-16
25705 4.76842010984501e-21
25715 2.62203830619683e-15
25725 2.51088028609755e-16
25735 7.0509222052506e-16
25745 3.11863377938224e-21
25755 1.20798889454663e-15
25765 3.6983211627986e-16
25775 2.26256030849867e-21
25785 2.03216740478078e-21
25795 1.84158021114394e-15
25805 1.63834866210417e-21
25815 1.52997035612905e-16
25825 1.31788124316785e-21
25835 1.17905353629976e-21
25845 9.44090227019561e-16
25855 9.42421748822356e-22
25865 2.87180601410136e-17
25875 6.42011358269981e-17
25885 5.82627958770626e-16
25895 6.00084830164958e-22
25905 3.1679761897178e-16
25915 4.77896884524174e-22
25925 4.26199369249062e-22
25935 3.79914635629203e-22
25945 3.38290065431962e-22
25955 3.01064189029394e-22
25965 1.41911313203937e-16
25975 2.58703922199556e-17
25985 2.11820716401218e-22
25995 1.88147457837942e-22
26005 1.27374326827933e-16
