"wave" "response"
49900 0
50000 1.4663e-11
50100 9.0248e-12
50200 5.8687e-12
50300 1.8544e-12
50400 4.9693e-12
50500 8.6894e-11
50600 1.5672e-10
50700 1.0752e-11
50800 2.2526e-11
50900 9.479e-12
51000 9.0778e-11
51100 4.5217e-08
51200 4.453e-08
51300 4.7911e-08
51400 3.4158e-08
51500 3.4895e-08
51600 3.2278e-08
51700 3.0016e-08
51800 2.7814e-08
51900 4.1524e-08
52000 3.9789e-08
52100 3.066e-08
52200 2.6267e-08
52300 2.6903e-08
52400 2.8205e-08
52500 4.1719e-08
52600 3.4557e-08
52700 3.5231e-08
52800 3.8575e-08
52900 4.3744e-08
53000 3.5143e-08
53100 4.7065e-08
53200 5.057e-08
53300 5.3088e-08
53400 4.8e-08
53500 4.9825e-08
53600 3.2628e-08
53700 3.7712e-08
53800 4.6339e-08
53900 4.7606e-08
54000 4.7143e-08
54100 4.7684e-08
54200 3.6894e-08
54300 3.3689e-08
54400 4.5674e-08
54500 5.6571e-08
54600 5.5389e-08
54700 6.2687e-08
54800 6.467e-08
54900 6.326e-08
55000 6.3611e-08
55100 6.4525e-08
55200 6.5523e-08
55300 6.5988e-08
55400 6.5597e-08
55500 6.6007e-08
55600 6.6309e-08
55700 6.652e-08
55800 6.6778e-08
55900 6.6014e-08
56000 6.5828e-08
56100 6.5391e-08
56200 6.7034e-08
56300 6.7237e-08
56400 6.5676e-08
56500 6.5104e-08
56600 6.4408e-08
56700 6.4438e-08
56800 6.3223e-08
56900 6.1405e-08
57000 6.1118e-08
57100 6.3087e-08
57200 6.1964e-08
57300 6.1987e-08
57400 6.4241e-08
57500 6.6483e-08
57600 6.7898e-08
57700 6.8377e-08
57800 6.7249e-08
57900 6.9872e-08
58000 7.07e-08
58100 7.2247e-08
58200 7.562e-08
58300 7.6336e-08
58400 7.5947e-08
58500 7.7638e-08
58600 7.6063e-08
58700 7.6656e-08
58800 7.7639e-08
58900 8.0477e-08
59000 7.8739e-08
59100 7.8677e-08
59200 7.883e-08
59300 8.1922e-08
59400 8.2647e-08
59500 8.4667e-08
59600 8.6389e-08
59700 8.906e-08
59800 8.7309e-08
59900 9e-08
60000 8.8431e-08
60100 8.9271e-08
60200 9.1868e-08
60300 9.2736e-08
60400 9.7086e-08
60500 9.7267e-08
60600 9.3816e-08
60700 9.8128e-08
60800 9.7379e-08
60900 1.0349e-07
61000 1.0757e-07
61100 1.1328e-07
61200 1.2203e-07
61300 1.4272e-07
61400 1.6712e-07
61500 2.0972e-07
61600 2.5935e-07
61700 3.4034e-07
61800 4.5669e-07
61900 6.36e-07
62000 8.8459e-07
62100 1.1146e-06
62200 1.2608e-06
62300 1.6967e-06
62400 1.3172e-06
62500 1.9018e-06
62600 1.6173e-06
62700 1.6395e-06
62800 2.0495e-06
62900 1.2056e-06
63000 1.4699e-06
63100 1.1242e-06
63200 6.5435e-07
63300 8.5853e-07
63400 1.6348e-06
63500 1.0078e-06
63600 6.5556e-09
63700 2.2121e-07
63800 6.094e-09
63900 1.5256e-06
64000 1.841e-06
64100 1.37e-06
64200 1.1914e-06
64300 2.0688e-06
64400 1.3806e-08
64500 3.8945e-07
64600 4.4271e-09
64700 6.2035e-07
64800 3.5808e-07
64900 1.9716e-07
65000 1.355e-07
65100 1.5307e-06
65200 4.3565e-06
65300 3.374e-06
65400 6.2856e-07
65500 2.8559e-07
65600 5.1934e-08
65700 6.2095e-11
65800 4.9091e-11
65900 3.9118e-11
66000 3.2428e-11
66100 3.0214e-11
66200 3.2276e-11
66300 7.0872e-08
66400 4.3514e-08
66500 5.5701e-11
66600 6.6894e-11
66700 7.4759e-11
66800 8.0272e-11
66900 8.4027e-11
67000 1.625e-07
67100 7.5417e-11
67200 6.358e-11
67300 1.3542e-07
67400 3.5369e-06
67500 4.3346e-07
67600 3.2703e-06
67700 3.1658e-06
67800 8.6854e-07
67900 5.1038e-06
68000 1.3324e-06
68100 6.9118e-06
68200 1.3127e-05
68300 9.9112e-06
68400 1.2513e-05
68500 9.3876e-06
68600 2.6929e-06
68700 2.9106e-06
68800 1.1123e-05
68900 1.4646e-05
69000 1.9871e-05
69100 3.5476e-06
69200 1.9302e-05
69300 3.5008e-06
69400 3.4659e-06
69500 3.4617e-06
69600 3.5045e-06
69700 3.7609e-06
69800 1.3091e-05
69900 3.9305e-06
70000 3.474e-06
70100 1.2674e-05
70200 7.2267e-09
70300 9.4838e-09
70400 6.0139e-07
70500 1.602e-08
70600 2.7214e-06
70700 2.7206e-08
70800 3.516e-08
70900 4.5483e-08
71000 5.006e-06
71100 7.6225e-08
71200 9.9885e-08
71300 1.3149e-07
71400 1.7376e-07
71500 2.3452e-07
71600 1.1762e-05
71700 4.406e-07
71800 6.1607e-07
71900 8.6767e-07
72000 2.8062e-05
72100 0.0017202
72200 0.0016953
72300 0.0021202
72400 0.0022305
72500 0.0020557
72600 0.0021601
72700 0.0019177
72800 0.0011553
72900 0.0016445
73000 0.0026889
73100 0.0033714
73200 0.0035918
73300 0.0035219
73400 0.0037744
73500 0.003684
73600 0.0033351
73700 0.0033336
73800 0.0031728
73900 0.0033791
74000 0.0036603
74100 0.0042789
74200 0.0054307
74300 0.0071141
74400 0.0092516
74500 0.01171
74600 0.014421
74700 0.017429
74800 0.021233
74900 0.026207
75000 0.033257
75100 0.043132
75200 0.056946
75300 0.075682
75400 0.1001
75500 0.12979
75600 0.16432
75700 0.20006
75800 0.23102
75900 0.25482
76000 0.26893
76100 0.27304
76200 0.2685
76300 0.25881
76400 0.24657
76500 0.23555
76600 0.22577
76700 0.21849
76800 0.21245
76900 0.20893
77000 0.20793
77100 0.2082
77200 0.20847
77300 0.21001
77400 0.21156
77500 0.21183
77600 0.21338
77700 0.21494
77800 0.21778
77900 0.2219
78000 0.22604
78100 0.23019
78200 0.23435
78300 0.23852
78400 0.24269
78500 0.24559
78600 0.24849
78700 0.2501
78800 0.25172
78900 0.25333
79000 0.25626
79100 0.25788
79200 0.26082
79300 0.26637
79400 0.27063
79500 0.27621
79600 0.28311
79700 0.29134
79800 0.29959
79900 0.30654
80000 0.31219
80100 0.31654
80200 0.3209
80300 0.32394
80400 0.32699
80500 0.32872
80600 0.32913
80700 0.33087
80800 0.33128
80900 0.33435
81000 0.3361
81100 0.33651
81200 0.33693
81300 0.33601
81400 0.33374
81500 0.33146
81600 0.32784
81700 0.32421
81800 0.32191
81900 0.32095
82000 0.31865
82100 0.31768
82200 0.31536
82300 0.31439
82400 0.31342
82500 0.31108
82600 0.30738
82700 0.3023
82800 0.29721
82900 0.29211
83000 0.2911
83100 0.29145
83200 0.2918
83300 0.29352
83400 0.29387
83500 0.29285
83600 0.29183
83700 0.29218
83800 0.2939
83900 0.29702
84000 0.30014
84100 0.30188
84200 0.30501
84300 0.30815
84400 0.3113
84500 0.31445
84600 0.319
84700 0.32356
84800 0.32813
84900 0.33271
85000 0.3373
85100 0.3419
85200 0.34511
85300 0.34832
85400 0.35154
85500 0.35477
85600 0.35801
85700 0.35984
85800 0.36167
85900 0.36209
86000 0.36109
86100 0.3601
86200 0.3591
86300 0.35809
86400 0.35566
86500 0.35465
86600 0.35363
86700 0.35261
86800 0.35159
86900 0.34913
87000 0.3481
87100 0.34563
87200 0.3446
87300 0.34355
87400 0.33963
87500 0.33281
87600 0.31733
87700 0.29025
87800 0.253
87900 0.2171
88000 0.19706
88100 0.20309
88200 0.22801
88300 0.26171
88400 0.29112
88500 0.31185
88600 0.32387
88700 0.33154
88800 0.3363
88900 0.34107
89000 0.34585
89100 0.35064
89200 0.35397
89300 0.35731
89400 0.35918
89500 0.35958
89600 0.36146
89700 0.36334
89800 0.36374
89900 0.36563
90000 0.36603
90100 0.36496
90200 0.36388
90300 0.36279
90400 0.36171
90500 0.36062
90600 0.36102
90700 0.36291
90800 0.36331
90900 0.3652
91000 0.3671
91100 0.37051
91200 0.37091
91300 0.37282
91400 0.37323
91500 0.37213
91600 0.37103
91700 0.36842
91800 0.36731
91900 0.36468
92000 0.36356
92100 0.36396
92200 0.36284
92300 0.36323
92400 0.3621
92500 0.36249
92600 0.35984
92700 0.36023
92800 0.35909
92900 0.35947
93000 0.36139
93100 0.36178
93200 0.3637
93300 0.36409
93400 0.36448
93500 0.36641
93600 0.3668
93700 0.36565
93800 0.36604
93900 0.36643
94000 0.36837
94100 0.36876
94200 0.37071
94300 0.3711
94400 0.37305
94500 0.375
94600 0.37695
94700 0.37891
94800 0.38243
94900 0.38596
95000 0.3895
95100 0.39304
95200 0.39502
95300 0.39544
95400 0.39585
95500 0.39469
95600 0.39196
95700 0.39079
95800 0.38805
95900 0.38529
96000 0.38253
96100 0.37977
96200 0.37858
96300 0.37739
96400 0.37778
96500 0.37976
96600 0.38174
96700 0.38532
96800 0.38731
96900 0.39091
97000 0.39291
97100 0.39331
97200 0.39372
97300 0.39412
97400 0.39292
97500 0.39172
97600 0.39212
97700 0.39252
97800 0.39293
97900 0.39494
98000 0.39696
98100 0.39898
98200 0.401
98300 0.40303
98400 0.40506
98500 0.40709
98600 0.40913
98700 0.41117
98800 0.41321
98900 0.41526
99000 0.41894
99100 0.42263
99200 0.42795
99300 0.43165
99400 0.437
99500 0.44071
99600 0.44444
99700 0.44817
99800 0.45026
99900 0.454
1e+05 0.4561
100100 0.45985
100200 0.46526
100300 0.46903
100400 0.47446
100500 0.48155
100600 0.48866
100700 0.49577
100800 0.50124
100900 0.50839
101000 0.51554
101100 0.52105
101200 0.52656
101300 0.53209
101400 0.53595
101500 0.53982
101600 0.5437
101700 0.54758
101800 0.54812
101900 0.54866
102000 0.54752
102100 0.54469
102200 0.54186
102300 0.53902
102400 0.53618
102500 0.53501
102600 0.53216
102700 0.5276
102800 0.52473
102900 0.52016
103000 0.51727
103100 0.51268
103200 0.51148
103300 0.51027
103400 0.50907
103500 0.50956
103600 0.51005
103700 0.51054
103800 0.51104
103900 0.50982
104000 0.5086
104100 0.50737
104200 0.50614
104300 0.50491
104400 0.50196
104500 0.50244
104600 0.5012
104700 0.50167
104800 0.50215
104900 0.50436
105000 0.50657
105100 0.50878
105200 0.511
105300 0.51148
105400 0.51371
105500 0.51593
105600 0.51816
105700 0.52039
105800 0.52437
105900 0.52661
106000 0.53059
106100 0.53284
106200 0.53509
106300 0.53735
106400 0.5396
106500 0.54186
106600 0.54413
106700 0.5464
106800 0.55042
106900 0.5527
107000 0.55322
107100 0.5555
107200 0.55602
107300 0.55477
107400 0.55352
107500 0.55226
107600 0.551
107700 0.54974
107800 0.54848
107900 0.54721
108000 0.54772
108100 0.54823
108200 0.55051
108300 0.55281
108400 0.5551
108500 0.5574
108600 0.5597
108700 0.56022
108800 0.55894
108900 0.55766
109000 0.55638
109100 0.5533
109200 0.55021
109300 0.54891
109400 0.54581
109500 0.5427
109600 0.5414
109700 0.54008
109800 0.53877
109900 0.53926
110000 0.53975
110100 0.54024
110200 0.54254
110300 0.54485
110400 0.54716
110500 0.54766
110600 0.54816
110700 0.54683
110800 0.5455
110900 0.54599
111000 0.54466
111100 0.54515
111200 0.54381
111300 0.54429
111400 0.54478
111500 0.54344
111600 0.54392
111700 0.54073
111800 0.53938
111900 0.53617
112000 0.53296
112100 0.52975
112200 0.52653
112300 0.5233
112400 0.52191
112500 0.52052
112600 0.51913
112700 0.51959
112800 0.52191
112900 0.52238
113000 0.5247
113100 0.52703
113200 0.53122
113300 0.53355
113400 0.53589
113500 0.53823
113600 0.54058
113700 0.54105
113800 0.5434
113900 0.54388
114000 0.54624
114100 0.54672
114200 0.54907
114300 0.55144
114400 0.5538
114500 0.55617
114600 0.55855
114700 0.56281
114800 0.56519
114900 0.56947
115000 0.57186
115100 0.57614
115200 0.58044
115300 0.58474
115400 0.58905
115500 0.59336
115600 0.59768
115700 0.6001
115800 0.60253
115900 0.60496
116000 0.60548
116100 0.60791
116200 0.60844
116300 0.61088
116400 0.6114
116500 0.61384
116600 0.61437
116700 0.61682
116800 0.61735
116900 0.61788
117000 0.61841
117100 0.61701
117200 0.6156
117300 0.61227
117400 0.60892
117500 0.60751
117600 0.60415
117700 0.60079
117800 0.59936
117900 0.59793
118000 0.59649
118100 0.597
118200 0.59555
118300 0.59606
118400 0.59656
118500 0.59511
118600 0.59366
118700 0.59221
118800 0.59075
118900 0.58929
119000 0.58587
119100 0.5844
119200 0.58293
119300 0.58145
119400 0.57997
119500 0.58046
119600 0.57898
119700 0.57946
119800 0.57994
119900 0.57845
120000 0.57894
120100 0.57744
120200 0.57594
120300 0.57444
120400 0.57294
120500 0.57143
120600 0.56793
120700 0.56641
120800 0.56291
120900 0.56337
121000 0.56185
121100 0.56231
121200 0.56277
121300 0.56524
121400 0.5677
121500 0.57017
121600 0.57264
121700 0.57512
121800 0.57759
121900 0.58007
122000 0.58457
122100 0.58505
122200 0.58754
122300 0.59003
122400 0.59052
122500 0.59302
122600 0.5935
122700 0.59398
122800 0.59649
122900 0.59698
123000 0.59949
123100 0.602
123200 0.60655
123300 0.6111
123400 0.61566
123500 0.62022
123600 0.6248
123700 0.62938
123800 0.63396
123900 0.64059
124000 0.6452
124100 0.65185
124200 0.65851
124300 0.66313
124400 0.66981
124500 0.67445
124600 0.68114
124700 0.6858
124800 0.69046
124900 0.69307
125000 0.69568
125100 0.6983
125200 0.70092
125300 0.69941
125400 0.69997
125500 0.69846
125600 0.69695
125700 0.69544
125800 0.69392
125900 0.6924
126000 0.69295
126100 0.6935
126200 0.69405
126300 0.69668
126400 0.69931
126500 0.70194
126600 0.70458
126700 0.70493
126800 0.70758
126900 0.70813
127000 0.70869
127100 0.70925
127200 0.70981
127300 0.71058
127400 0.71113
127500 0.71169
127600 0.71435
127700 0.71491
127800 0.71758
127900 0.72024
128000 0.72291
128100 0.72559
128200 0.73038
128300 0.73517
128400 0.73997
128500 0.74478
128600 0.75171
128700 0.75654
128800 0.76136
128900 0.76832
129000 0.77104
129100 0.77589
129200 0.77862
129300 0.78135
129400 0.78196
129500 0.78469
129600 0.7853
129700 0.78377
129800 0.78437
129900 0.78498
130000 0.78558
130100 0.78619
130200 0.78679
130300 0.78954
130400 0.79229
130500 0.79505
130600 0.79781
130700 0.80273
130800 0.8098
130900 0.81473
131000 0.82182
131100 0.82893
131200 0.83604
131300 0.84316
131400 0.84813
131500 0.85527
131600 0.86243
131700 0.86742
131800 0.87242
131900 0.87742
132000 0.88243
132100 0.88745
132200 0.8903
132300 0.89315
132400 0.89601
132500 0.89887
132600 0.90173
132700 0.90459
132800 0.90528
132900 0.90596
133000 0.90664
133100 0.90732
133200 0.90581
133300 0.90429
133400 0.90058
133500 0.89906
133600 0.89753
133700 0.8938
133800 0.89226
133900 0.89073
134000 0.88919
134100 0.88985
134200 0.89051
134300 0.89118
134400 0.89184
134500 0.89472
134600 0.89538
134700 0.89827
134800 0.89893
134900 0.90182
135000 0.90249
135100 0.90316
135200 0.90383
135300 0.9045
135400 0.90516
135500 0.90583
135600 0.9065
135700 0.9094
135800 0.91007
135900 0.91298
136000 0.91365
136100 0.91657
136200 0.91724
136300 0.92016
136400 0.92083
136500 0.92151
136600 0.91993
136700 0.92061
136800 0.91903
136900 0.91745
137000 0.91586
137100 0.91427
137200 0.91268
137300 0.91108
137400 0.90948
137500 0.90788
137600 0.90854
137700 0.9092
137800 0.90986
137900 0.91052
138000 0.91346
138100 0.91412
138200 0.91706
138300 0.92
138400 0.92066
138500 0.92133
138600 0.92427
138700 0.92494
138800 0.92561
138900 0.92627
139000 0.92694
139100 0.9299
139200 0.93057
139300 0.93124
139400 0.9342
139500 0.93717
139600 0.94014
139700 0.94311
139800 0.94609
139900 0.94907
140000 0.95436
140100 0.95735
140200 0.96034
140300 0.96333
140400 0.96633
140500 0.96702
140600 0.97002
140700 0.97071
140800 0.96908
140900 0.96977
141000 0.96814
141100 0.96883
141200 0.96719
141300 0.96555
141400 0.96623
141500 0.96691
141600 0.96526
141700 0.96828
141800 0.96896
141900 0.97198
142000 0.97267
142100 0.97569
142200 0.97872
142300 0.97941
142400 0.98244
142500 0.98313
142600 0.98382
142700 0.98216
142800 0.9805
142900 0.98118
143000 0.97952
143100 0.97785
143200 0.97853
143300 0.97685
143400 0.97753
143500 0.97822
143600 0.98126
143700 0.98195
143800 0.985
143900 0.98805
144000 0.99111
144100 0.9918
144200 0.99486
144300 0.99793
144400 0.99862
144500 0.99931
144600 1
144700 0.99831
144800 0.99661
144900 0.99492
145000 0.99322
145100 0.99151
145200 0.9898
145300 0.98809
145400 0.98638
145500 0.98466
145600 0.98294
145700 0.98122
145800 0.97949
145900 0.97776
146000 0.97603
146100 0.97429
146200 0.97255
146300 0.9708
146400 0.96906
146500 0.96731
146600 0.96555
146700 0.9638
146800 0.96204
146900 0.96269
147000 0.96093
147100 0.96158
147200 0.95981
147300 0.96046
147400 0.95869
147500 0.95934
147600 0.95999
147700 0.95821
147800 0.95642
147900 0.95463
148000 0.95284
148100 0.95349
148200 0.94925
148300 0.94745
148400 0.94564
148500 0.94384
148600 0.94202
148700 0.94021
148800 0.93839
148900 0.93657
149000 0.93475
149100 0.93292
149200 0.93109
149300 0.92679
149400 0.92496
149500 0.92311
149600 0.9188
149700 0.91695
149800 0.9151
149900 0.91077
150000 0.90891
150100 0.90705
150200 0.90518
150300 0.9033
150400 0.90143
150500 0.89955
150600 0.89767
150700 0.89578
150800 0.89389
150900 0.892
151000 0.88762
151100 0.88572
151200 0.88382
151300 0.87942
151400 0.87501
151500 0.8706
151600 0.86619
151700 0.85926
151800 0.85233
151900 0.84539
152000 0.83844
152100 0.83148
152200 0.822
152300 0.81502
152400 0.80551
152500 0.79851
152600 0.79149
152700 0.78196
152800 0.77492
152900 0.76787
153000 0.76082
153100 0.75375
153200 0.7492
153300 0.74212
153400 0.73502
153500 0.72792
153600 0.72081
153700 0.71368
153800 0.7068
153900 0.69966
154000 0.69251
154100 0.68535
154200 0.67817
154300 0.67328
154400 0.66609
154500 0.66143
154600 0.65931
154700 0.65465
154800 0.65252
154900 0.65039
155000 0.64826
155100 0.64868
155200 0.64909
155300 0.64696
155400 0.64737
155500 0.64779
155600 0.64821
155700 0.64862
155800 0.6516
155900 0.65202
156000 0.65244
156100 0.65286
156200 0.65585
156300 0.65627
156400 0.65926
156500 0.65969
156600 0.66269
156700 0.66311
156800 0.66611
156900 0.66654
157000 0.66696
157100 0.66997
157200 0.6704
157300 0.67083
157400 0.67125
157500 0.66909
157600 0.66951
157700 0.66994
157800 0.66776
157900 0.66819
158000 0.66601
158100 0.66383
158200 0.66425
158300 0.66206
158400 0.65987
158500 0.65768
158600 0.65287
158700 0.65067
158800 0.64846
158900 0.64364
159000 0.64142
159100 0.63659
159200 0.63175
159300 0.62952
159400 0.62467
159500 0.61981
159600 0.61757
159700 0.61269
159800 0.61045
159900 0.6082
160000 0.60594
160100 0.60368
160200 0.60142
160300 0.59916
160400 0.59953
160500 0.59726
160600 0.59764
160700 0.59801
160800 0.59838
160900 0.59875
161000 0.59647
161100 0.59684
161200 0.59721
161300 0.59493
161400 0.5953
161500 0.59567
161600 0.59337
161700 0.59108
161800 0.59144
161900 0.58914
162000 0.58684
162100 0.58453
162200 0.58222
162300 0.57991
162400 0.57492
162500 0.5726
162600 0.5676
162700 0.56259
162800 0.55757
162900 0.55255
163000 0.54484
163100 0.53711
163200 0.52965
163300 0.52191
163400 0.51416
163500 0.5037
163600 0.49324
163700 0.48275
163800 0.47226
163900 0.46175
164000 0.45123
164100 0.438
164200 0.42745
164300 0.41419
164400 0.40361
164500 0.39031
164600 0.377
164700 0.36638
164800 0.35303
164900 0.33967
165000 0.32901
165100 0.31562
165200 0.30493
165300 0.2915
165400 0.28079
165500 0.26777
165600 0.25618
165700 0.24487
165800 0.23407
165900 0.22301
166000 0.21276
166100 0.2028
166200 0.19307
166300 0.1836
166400 0.17442
166500 0.16603
166600 0.15762
166700 0.14948
166800 0.14213
166900 0.13507
167000 0.12825
167100 0.12197
167200 0.11571
167300 0.10997
167400 0.1048
167500 0.099344
167600 0.094712
167700 0.09035
167800 0.085983
167900 0.082164
168000 0.078368
168100 0.074789
168200 0.07151
168300 0.068227
168400 0.065494
168500 0.062731
168600 0.059992
168700 0.057528
168800 0.055033
168900 0.05284
169000 0.050896
169100 0.048699
169200 0.047028
169300 0.045104
169400 0.043457
169500 0.042088
169600 0.040437
169700 0.039064
169800 0.037689
169900 0.036592
170000 0.035494
170100 0.034394
170200 0.033293
170300 0.032191
170400 0.03134
170500 0.030264
170600 0.029411
170700 0.028585
170800 0.027676
170900 0.026809
171000 0.02596
171100 0.025085
171200 0.024189
171300 0.023309
171400 0.022406
171500 0.02145
171600 0.020516
171700 0.019522
171800 0.018498
171900 0.017467
172000 0.01644
172100 0.015382
172200 0.014324
172300 0.01326
172400 0.012223
172500 0.011154
172600 0.010137
172700 0.0091167
172800 0.008092
172900 0.0071031
173000 0.0061957
173100 0.0052644
173200 0.004429
173300 0.0035669
173400 0.0027878
173500 0.0018864
173600 0.0020018
173700 0.0012653
173800 0.0065935
173900 0.0070697
174000 0.0071225
174100 0.0067224
174200 0.0058199
174300 0.0045633
174400 0.0030411
174500 0.0012565
174600 0.0032659
174700 0.00067398
174800 0.001851
174900 0.0025351
175000 0.0029103
175100 0.0039355
175200 0.003831
175300 0.0031693
175400 0.0026594
175500 0.0022225
175600 0.0018262
175700 0.0014555
175800 0.0010516
175900 0.0012147
176000 0.0010998
176100 0.0010027
176200 0.00091999
176300 0.0008523
176400 0.00076913
176500 0.00063472
176600 0.00059495
176700 0.00054408
176800 0.00049344
176900 0.00044449
177000 0.0003984
177100 0.00034672
177200 0.00032387
177300 0.00030216
177400 0.0002841
177500 0.00026824
177600 0.00025348
177700 0.00023747
177800 0.00022385
177900 0.00021167
178000 0.00020094
178100 0.00019182
178200 0.00018312
178300 0.00017533
178400 0.00016823
178500 0.00016192
178600 0.00015589
178700 0.00015054
178800 0.00014508
178900 0.00014248
179000 0.00013979
179100 0.00013737
179200 0.00013488
179300 0.00013268
179400 0.00013042
179500 0.00012816
179600 0.00014402
179700 0.0001488
179800 0.00015001
179900 0.00014938
180000 0.00014852
180100 0.00014685
180200 0.00014619
180300 0.00014295
180400 0.00013688
180500 0.00011873
180600 0.00011942
180700 0.00011994
180800 0.00012018
180900 0.00012081
181000 0.00012112
181100 0.00012181
181200 0.00012218
181300 0.00012269
181400 0.00012285
181500 0.00012283
181600 0.00012308
181700 0.00012329
181800 0.0001233
181900 0.00014164
182000 0.00014855
182100 0.00015145
182200 0.00015174
182300 0.00015072
182400 0.00014903
182500 0.00014577
182600 0.00014146
182700 0.00013543
182800 0.00012883
182900 0.00011896
183000 0.00011776
183100 0.00011625
183200 0.00011445
183300 0.00011297
183400 0.00011149
183500 0.00011004
183600 0.00010856
183700 0.00010711
183800 0.00010565
183900 0.00010392
184000 0.00010165
184100 9.9368e-05
184200 9.7117e-05
184300 9.5136e-05
184400 9.285e-05
184500 8.6672e-05
184600 9.6902e-05
184700 9.9205e-05
184800 9.9624e-05
184900 9.9099e-05
185000 9.8056e-05
185100 9.6585e-05
185200 9.4533e-05
185300 9.2693e-05
185400 9.0514e-05
185500 8.7753e-05
185600 8.4897e-05
185700 8.1763e-05
185800 7.8595e-05
185900 7.6219e-05
186000 7.5126e-05
186100 7.4799e-05
186200 7.392e-05
186300 7.218e-05
186400 6.8321e-05
186500 6.111e-05
186600 6.0467e-05
186700 5.9823e-05
186800 5.9486e-05
186900 5.8902e-05
187000 5.8287e-05
187100 5.8041e-05
187200 5.7487e-05
187300 5.7271e-05
187400 6.4059e-05
187500 6.5729e-05
187600 6.6197e-05
187700 6.5614e-05
187800 6.4134e-05
187900 6.0981e-05
188000 5.442e-05
188100 5.3953e-05
188200 5.3796e-05
188300 5.3298e-05
188400 5.283e-05
188500 5.2361e-05
188600 5.2172e-05
188700 5.1702e-05
188800 5.1201e-05
188900 5.0699e-05
189000 5.0477e-05
189100 4.9632e-05
189200 5.3677e-05
189300 5.5357e-05
189400 5.6447e-05
189500 5.7101e-05
189600 5.7193e-05
189700 5.6724e-05
189800 5.5691e-05
189900 5.2562e-05
190000 4.5363e-05
190100 4.4792e-05
190200 4.4221e-05
190300 4.3649e-05
190400 4.3076e-05
190500 4.2503e-05
190600 4.2211e-05
190700 4.1605e-05
190800 4.1973e-05
190900 4.7496e-05
191000 4.7898e-05
191100 4.7608e-05
191200 4.6752e-05
191300 4.5264e-05
191400 4.3775e-05
191500 4.2347e-05
191600 4.1013e-05
191700 3.974e-05
191800 3.9129e-05
191900 3.8834e-05
192000 3.8822e-05
192100 3.9159e-05
192200 3.9717e-05
192300 4.0435e-05
192400 4.1089e-05
192500 4.1935e-05
192600 4.2305e-05
192700 4.2454e-05
192800 4.2413e-05
192900 4.2371e-05
193000 4.1916e-05
193100 4.127e-05
193200 4.0465e-05
193300 3.9594e-05
193400 3.8946e-05
193500 3.8138e-05
193600 3.7775e-05
193700 3.7221e-05
193800 3.6984e-05
193900 3.6429e-05
194000 3.6032e-05
194100 3.5252e-05
194200 3.4631e-05
194300 3.3593e-05
194400 3.281e-05
194500 3.2218e-05
194600 3.1709e-05
194700 3.1943e-05
194800 3.2172e-05
194900 3.2766e-05
195000 3.3072e-05
195100 3.357e-05
195200 3.3652e-05
195300 3.3862e-05
195400 3.3622e-05
195500 3.3478e-05
195600 3.2819e-05
195700 3.2224e-05
195800 3.1121e-05
195900 3.004e-05
196000 2.8374e-05
196100 2.6891e-05
196200 2.6106e-05
196300 2.685e-05
196400 2.7646e-05
196500 2.8178e-05
196600 2.8513e-05
196700 2.8615e-05
196800 2.8607e-05
196900 2.8492e-05
197000 2.8334e-05
197100 2.8206e-05
197200 2.8029e-05
197300 2.7871e-05
197400 2.7719e-05
197500 2.7596e-05
197600 2.7425e-05
197700 2.7234e-05
197800 2.7003e-05
197900 2.6769e-05
198000 2.6489e-05
198100 2.6144e-05
198200 2.5847e-05
198300 2.5573e-05
198400 2.5367e-05
198500 2.5259e-05
198600 2.5213e-05
198700 2.5232e-05
198800 2.5225e-05
198900 2.5274e-05
199000 2.5237e-05
199100 2.5187e-05
199200 2.5039e-05
199300 2.4681e-05
199400 2.4076e-05
199500 2.285e-05
199600 2.131e-05
199700 2.2495e-05
199800 2.4332e-05
199900 2.567e-05
2e+05 2.626e-05
200100 2.4912e-05
200200 2.2775e-05
200300 2.1504e-05
200400 2.1343e-05
200500 2.1211e-05
200600 2.1047e-05
200700 2.0882e-05
200800 2.0714e-05
200900 2.0579e-05
201000 2.0444e-05
201100 2.0301e-05
201200 2.1249e-05
201300 2.2745e-05
201400 2.3389e-05
201500 2.3713e-05
201600 2.3771e-05
201700 2.3723e-05
201800 2.3622e-05
201900 2.3517e-05
202000 2.3296e-05
202100 2.2965e-05
202200 2.2597e-05
202300 2.2248e-05
202400 2.1816e-05
202500 2.1276e-05
202600 2.0646e-05
202700 1.9665e-05
202800 1.872e-05
202900 1.9999e-05
203000 2.068e-05
203100 2.0982e-05
203200 2.1126e-05
203300 2.1103e-05
203400 2.1019e-05
203500 2.0946e-05
203600 2.0728e-05
203700 2.0104e-05
203800 1.7728e-05
203900 1.6958e-05
204000 1.6872e-05
204100 1.6787e-05
204200 1.6704e-05
204300 1.6695e-05
204400 1.8854e-05
204500 1.9328e-05
204600 1.9449e-05
204700 1.9526e-05
204800 1.9606e-05
204900 1.968e-05
205000 1.9726e-05
205100 1.9746e-05
205200 1.983e-05
205300 1.9809e-05
205400 1.9559e-05
205500 1.928e-05
205600 1.8972e-05
205700 1.8547e-05
205800 1.7841e-05
205900 1.5602e-05
206000 1.6363e-05
206100 1.6357e-05
206200 1.6389e-05
206300 1.6353e-05
206400 1.6354e-05
206500 1.6355e-05
206600 1.6359e-05
206700 1.6364e-05
206800 1.9038e-05
206900 1.9947e-05
207000 2.0287e-05
207100 2.0358e-05
207200 2.0225e-05
207300 2.0074e-05
207400 1.9961e-05
207500 1.984e-05
207600 1.9744e-05
207700 1.961e-05
207800 1.9459e-05
207900 1.9557e-05
208000 1.9734e-05
208100 1.9884e-05
208200 2.0086e-05
208300 2.0088e-05
208400 1.9848e-05
208500 1.9552e-05
208600 1.9142e-05
208700 1.867e-05
208800 1.8713e-05
208900 1.9077e-05
209000 1.9261e-05
209100 1.9418e-05
209200 1.9428e-05
209300 1.9217e-05
209400 1.8919e-05
209500 1.8635e-05
209600 1.8115e-05
209700 1.6736e-05
209800 1.5853e-05
209900 1.5805e-05
210000 1.5795e-05
210100 1.5782e-05
210200 1.5738e-05
210300 1.731e-05
210400 1.8535e-05
210500 1.9063e-05
210600 1.9357e-05
210700 1.9553e-05
210800 1.9799e-05
210900 1.986e-05
211000 1.9644e-05
211100 1.9225e-05
211200 1.8682e-05
211300 1.7671e-05
211400 1.5382e-05
211500 1.5365e-05
211600 1.5351e-05
211700 1.5327e-05
211800 1.5275e-05
211900 1.5251e-05
212000 1.523e-05
212100 1.5174e-05
212200 1.515e-05
212300 1.5129e-05
212400 1.5105e-05
212500 1.5046e-05
212600 1.5063e-05
212700 1.5081e-05
212800 1.4927e-05
212900 1.6753e-05
213000 1.7515e-05
213100 1.7916e-05
213200 1.8023e-05
213300 1.7898e-05
213400 1.7492e-05
213500 1.6804e-05
213600 1.6689e-05
213700 1.7548e-05
213800 1.8292e-05
213900 1.8875e-05
214000 1.9334e-05
214100 1.9393e-05
214200 1.9046e-05
214300 1.8448e-05
214400 1.6974e-05
214500 1.5046e-05
214600 1.5071e-05
214700 1.6771e-05
214800 1.8123e-05
214900 1.8973e-05
215000 1.9365e-05
215100 1.8938e-05
215200 1.7288e-05
215300 1.5084e-05
215400 1.5106e-05
215500 1.5084e-05
215600 1.5088e-05
215700 1.8653e-05
215800 1.9778e-05
215900 2.0349e-05
216000 2.0504e-05
216100 2.0229e-05
216200 1.9757e-05
216300 1.9232e-05
216400 1.8725e-05
216500 1.8373e-05
216600 1.8385e-05
216700 1.8312e-05
216800 1.8324e-05
216900 1.8829e-05
217000 1.9495e-05
217100 2.0086e-05
217200 2.065e-05
217300 2.1007e-05
217400 2.0909e-05
217500 2.0539e-05
217600 1.9957e-05
217700 1.8833e-05
217800 1.7071e-05
217900 1.7491e-05
218000 1.85e-05
218100 1.9033e-05
218200 1.9653e-05
218300 1.982e-05
218400 1.893e-05
218500 1.5701e-05
218600 1.4804e-05
218700 1.4811e-05
218800 1.4753e-05
218900 1.4763e-05
219000 1.4774e-05
219100 1.4744e-05
219200 1.4722e-05
219300 1.4689e-05
219400 1.47e-05
219500 1.4638e-05
219600 1.4648e-05
219700 1.459e-05
219800 1.7835e-05
219900 1.9324e-05
220000 2.0224e-05
220100 2.0926e-05
220200 2.1222e-05
220300 2.1195e-05
220400 2.0998e-05
220500 2.063e-05
220600 2.0214e-05
220700 2.0049e-05
220800 2.0214e-05
220900 2.046e-05
221000 2.0724e-05
221100 2.1068e-05
221200 2.1023e-05
221300 2.0428e-05
221400 1.9536e-05
221500 1.8356e-05
221600 1.619e-05
221700 1.3302e-05
221800 1.3243e-05
221900 1.3157e-05
222000 1.3101e-05
222100 1.3045e-05
222200 1.2985e-05
222300 1.2928e-05
222400 1.2846e-05
222500 1.279e-05
222600 1.277e-05
222700 1.2721e-05
222800 1.2671e-05
222900 1.2618e-05
223000 1.3659e-05
223100 1.7975e-05
223200 1.9629e-05
223300 2.0616e-05
223400 2.139e-05
223500 2.2173e-05
223600 2.2742e-05
223700 2.2627e-05
223800 2.1926e-05
223900 2.0513e-05
224000 1.711e-05
224100 1.2387e-05
224200 1.2382e-05
224300 1.2409e-05
224400 1.2422e-05
224500 1.4568e-05
224600 1.7792e-05
224700 1.8048e-05
224800 1.5835e-05
224900 1.2491e-05
225000 1.2526e-05
225100 1.248e-05
225200 1.2519e-05
225300 1.252e-05
225400 1.2533e-05
225500 1.2583e-05
225600 1.2637e-05
225700 1.2721e-05
225800 1.2768e-05
225900 1.2825e-05
226000 1.2883e-05
226100 1.2941e-05
226200 1.3021e-05
226300 1.3079e-05
226400 1.3197e-05
226500 1.3232e-05
226600 1.329e-05
226700 1.3348e-05
226800 1.341e-05
226900 1.3502e-05
227000 1.3538e-05
227100 1.36e-05
227200 1.3692e-05
227300 1.3754e-05
227400 1.3824e-05
227500 1.3886e-05
227600 1.3889e-05
227700 1.3951e-05
227800 1.3991e-05
227900 1.4027e-05
228000 1.4067e-05
228100 1.4103e-05
228200 1.417e-05
228300 1.421e-05
228400 1.4253e-05
228500 1.4293e-05
228600 1.436e-05
228700 1.44e-05
228800 1.4482e-05
228900 1.4548e-05
229000 1.457e-05
229100 1.464e-05
229200 1.4718e-05
229300 1.4789e-05
229400 1.4841e-05
229500 1.4859e-05
229600 1.4873e-05
229700 1.4906e-05
229800 1.4897e-05
229900 1.4888e-05
230000 1.4959e-05
230100 1.4951e-05
230200 1.7834e-05
230300 2.3731e-05
230400 2.2451e-05
230500 1.5033e-05
230600 1.5032e-05
230700 1.5077e-05
230800 1.508e-05
230900 1.5109e-05
231000 1.5142e-05
231100 1.5217e-05
231200 1.525e-05
231300 1.5284e-05
231400 1.5347e-05
231500 1.5407e-05
231600 2.6134e-05
231700 3.5393e-05
231800 4.1908e-05
231900 4.6814e-05
232000 4.8515e-05
232100 4.7771e-05
232200 4.6224e-05
232300 4.4714e-05
232400 4.2782e-05
232500 4.0465e-05
232600 3.8606e-05
232700 3.7071e-05
232800 3.4955e-05
232900 3.1994e-05
233000 2.8095e-05
233100 2.385e-05
233200 2.034e-05
233300 1.5727e-05
233400 1.6948e-05
233500 1.7071e-05
233600 1.7182e-05
233700 1.7309e-05
233800 1.7393e-05
233900 1.2863e-05
234000 1.9566e-05
234100 2.275e-05
234200 2.4406e-05
234300 2.4467e-05
234400 2.413e-05
234500 2.4963e-05
234600 2.4294e-05
234700 1.385e-05
234800 1.8519e-05
234900 1.8654e-05
235000 1.8763e-05
235100 1.8891e-05
235200 1.9023e-05
235300 1.9171e-05
235400 1.9318e-05
235500 1.947e-05
235600 1.9595e-05
235700 1.9731e-05
235800 1.9879e-05
235900 2.0062e-05
236000 2.0242e-05
236100 2.0421e-05
236200 2.0601e-05
236300 2.0754e-05
236400 2.0946e-05
236500 2.1118e-05
236600 2.1306e-05
236700 2.1475e-05
236800 2.1679e-05
236900 2.6205e-05
237000 3.5352e-05
237100 4.15e-05
237200 4.6595e-05
237300 5.0834e-05
237400 5.367e-05
237500 5.3928e-05
237600 4.8708e-05
237700 3.2435e-05
237800 2.3736e-05
237900 2.3981e-05
238000 2.4254e-05
238100 2.4523e-05
238200 2.4812e-05
238300 2.512e-05
238400 4.3415e-05
238500 5.6864e-05
238600 6.341e-05
238700 6.607e-05
238800 6.6058e-05
238900 6.4394e-05
239000 6.3162e-05
239100 6.185e-05
239200 5.7858e-05
239300 5.012e-05
239400 3.7314e-05
239500 2.8851e-05
239600 2.9183e-05
239700 2.9511e-05
239800 2.9839e-05
239900 3.0187e-05
240000 1.6601e-05
240100 5.1118e-05
240200 6.6169e-05
240300 7.5811e-05
240400 7.8336e-05
240500 7.5676e-05
240600 7.2895e-05
240700 7.1181e-05
240800 6.9268e-05
240900 6.7075e-05
241000 6.5635e-05
241100 6.5424e-05
241200 6.4935e-05
241300 6.4445e-05
241400 6.3836e-05
241500 6.4101e-05
241600 6.5162e-05
241700 6.7417e-05
241800 7.0073e-05
241900 7.2572e-05
242000 7.3e-05
242100 7.0678e-05
242200 6.3489e-05
242300 4.6081e-05
242400 3.8684e-05
242500 3.9263e-05
242600 3.9706e-05
242700 4.0282e-05
242800 4.0699e-05
242900 4.1315e-05
243000 4.1892e-05
243100 6.1323e-05
243200 7.4964e-05
243300 7.9962e-05
243400 8.0236e-05
243500 7.8545e-05
243600 7.5769e-05
243700 7.2068e-05
243800 6.9007e-05
243900 6.8272e-05
244000 6.9867e-05
244100 7.2187e-05
244200 7.3985e-05
244300 7.4941e-05
244400 7.642e-05
244500 8.1081e-05
244600 8.8002e-05
244700 9.4525e-05
244800 0.00010021
244900 0.00010601
245000 0.0001113
245100 0.00011304
245200 0.00010994
245300 0.00010413
245400 9.8553e-05
245500 9.2934e-05
245600 8.5854e-05
245700 7.6786e-05
245800 6.6011e-05
245900 4.9195e-05
246000 6.7118e-05
246100 6.8645e-05
246200 6.997e-05
246300 7.1499e-05
246400 3.4287e-05
246500 8.5682e-05
246600 0.00011349
246700 0.00013275
246800 0.00014499
246900 0.00015026
247000 0.00014999
247100 0.00014432
247200 0.00013461
247300 0.00012098
247400 0.00010689
247500 9.475e-05
247600 8.7409e-05
247700 8.3448e-05
247800 8.0748e-05
247900 7.5025e-05
248000 6.7909e-05
248100 6.9243e-05
248200 8.1818e-05
248300 9.522e-05
248400 0.0001072
248500 0.00012017
248600 0.00013561
248700 0.00014374
248800 0.00013773
248900 0.00011738
249000 8.8109e-05
249100 1.4811e-05
249200 0.00019179
249300 0.00020139
249400 0.00021338
249500 0.00022669
249600 0.00024178
249700 0.00025553
249800 0.00027114
249900 0.00028845
250000 0.00030626
250100 0.00032932
250200 0.00035096
250300 0.00037468
250400 0.00040047
250500 0.00043144
250600 0.00045513
250700 0.0004871
250800 0.00051951
250900 0.00055648
251000 0.00059183
251100 0.00063341
251200 0.00011151
251300 0.00015095
251400 0.00017009
251500 0.00017749
251600 0.00017516
251700 0.00017568
251800 0.00020598
251900 0.00026873
252000 0.0003395
252100 0.00040784
252200 0.00047673
252300 0.00054837
252400 0.00060926
252500 0.00064776
252600 0.00066507
252700 0.00067074
252800 0.00067641
252900 0.00068376
253000 0.00069195
253100 0.0006943
253200 0.00067582
253300 0.00063896
253400 0.00059791
253500 0.00055348
253600 0.00049315
253700 0.00042275
253800 0.00039793
253900 0.00045904
254000 0.00054245
254100 0.00060374
254200 0.000645
254300 0.00068001
254400 0.00071714
254500 0.00075891
254600 0.0008028
254700 0.00084254
254800 0.00087476
254900 0.00090028
255000 0.00092289
255100 0.00094593
255200 0.00096101
255300 0.00097652
255400 0.00098994
255500 0.00099832
255600 0.0010059
255700 0.0010042
255800 0.00099823
255900 0.0009864
256000 0.00096993
256100 0.00095428
256200 0.00094073
256300 0.00092886
256400 0.0009174
256500 0.00090594
256600 0.00089615
256700 0.00088551
256800 0.00088078
256900 0.00087478
257000 0.00086284
257100 0.00083736
257200 0.00080465
257300 0.00077234
257400 0.00073958
257500 0.00070553
257600 0.0006689
257700 0.00064752
257800 0.00065116
257900 0.00066501
258000 0.00067546
258100 0.00068125
258200 0.00068959
258300 0.00069751
258400 0.00070161
258500 0.00069848
258600 0.00069151
258700 0.00068666
258800 0.00068309
258900 0.00067782
259000 0.00067381
259100 0.00066597
259200 0.00065385
259300 0.00064001
259400 0.00062702
259500 0.00061273
259600 0.00060057
259700 0.00059182
259800 0.0005852
259900 0.00058329
260000 0.0005818
260100 0.0005786
260200 0.00057754
260300 0.00057947
260400 0.00058313
260500 0.00059021
260600 0.00059859
260700 0.00060998
260800 0.00062653
260900 0.0006388
261000 0.00064421
261100 0.00063757
261200 0.00062276
261300 0.00060407
261400 0.00058106
261500 0.00055674
261600 0.00053154
261700 0.00050675
261800 0.00048453
261900 0.00046531
262000 0.0004465
262100 0.00042777
262200 0.00040125
262300 0.00036932
262400 0.00034781
262500 0.00035317
262600 0.00037942
262700 0.00040695
262800 0.0004271
262900 0.00044717
263000 0.00046899
263100 0.0004878
263200 0.00049665
263300 0.00049641
263400 0.00049616
263500 0.00049592
263600 0.00049784
263700 0.00049977
263800 0.00049778
263900 0.00050362
264000 0.00051033
264100 0.00052096
264200 0.00052769
264300 0.00053398
264400 0.00053984
264500 0.00053743
264600 0.00052718
264700 0.00050515
264800 0.00047264
264900 0.00043343
265000 0.00039336
265100 0.00034877
265200 0.00029729
265300 0.00023594
265400 0.00015588
265500 0.00062559
265600 0.00062976
265700 0.00063612
265800 0.00064336
265900 0.00065061
266000 0.00065392
266100 0.00065767
266200 0.00066493
266300 0.00067132
266400 0.00067508
266500 0.00068235
266600 0.0001374
266700 0.00017394
266800 0.00018912
266900 0.00019789
267000 0.0002061
267100 0.00021841
267200 0.00023235
267300 0.00023683
267400 0.00022156
267500 0.00018565
267600 0.00013593
267700 6.5281e-05
267800 0.00066231
267900 0.00065947
268000 0.00066016
268100 0.00065732
268200 0.00065447
268300 0.00064897
268400 0.00063949
268500 0.0006331
268600 0.0006236
268700 0.0006172
268800 0.00060858
268900 9.2405e-05
269000 0.0001389
269100 0.00017188
269200 0.0001961
269300 0.00021564
269400 0.00023421
269500 0.0002525
269600 0.0002715
269700 0.00029096
269800 0.00030942
269900 0.00032664
270000 0.00033948
270100 0.00034223
270200 0.00034311
270300 0.00033928
270400 0.00033237
270500 0.00032398
270600 0.00031466
270700 0.00030564
270800 0.00029688
270900 0.00028789
271000 0.00027858
271100 0.00026953
271200 0.00026021
271300 0.00025105
271400 0.00024217
271500 0.00023309
271600 0.00022401
271700 0.00021483
271800 0.00019723
271900 0.00017631
272000 0.00015752
272100 0.00014068
272200 0.000125
272300 0.00011093
272400 9.899e-05
272500 8.9424e-05
272600 8.1468e-05
272700 7.4538e-05
272800 6.7917e-05
272900 6.1696e-05
273000 5.5785e-05
273100 5.0454e-05
273200 4.5794e-05
273300 4.1401e-05
273400 3.7328e-05
273500 3.3708e-05
273600 3.0152e-05
273700 2.681e-05
273800 2.3813e-05
273900 2.1138e-05
274000 1.88e-05
274100 1.6835e-05
274200 1.5039e-05
274300 1.3432e-05
274400 1.1982e-05
274500 1.064e-05
274600 9.4183e-06
274700 8.3362e-06
274800 7.3121e-06
274900 6.4094e-06
275000 5.5967e-06
275100 4.8785e-06
275200 4.259e-06
275300 3.7262e-06
275400 3.5107e-06
275500 3.4072e-06
275600 3.3023e-06
275700 3.2249e-06
275800 3.153e-06
275900 3.0715e-06
276000 3.0067e-06
276100 2.9114e-06
276200 2.8206e-06
276300 2.7315e-06
276400 2.6365e-06
276500 2.5295e-06
276600 2.4302e-06
276700 2.3368e-06
276800 2.2488e-06
276900 2.1611e-06
277000 2.0689e-06
277100 1.9848e-06
277200 1.9859e-06
277300 2.1081e-06
277400 2.239e-06
277500 2.381e-06
277600 2.5209e-06
277700 2.6809e-06
277800 2.847e-06
277900 3.021e-06
278000 3.2102e-06
278100 3.4174e-06
278200 3.6165e-06
278300 3.8414e-06
278400 4.0899e-06
278500 4.3422e-06
278600 4.6149e-06
278700 4.9332e-06
278800 5.2701e-06
278900 5.6669e-06
279000 6.0273e-06
279100 6.4798e-06
279200 6.9694e-06
279300 7.4916e-06
279400 8.0095e-06
279500 8.5785e-06
279600 9.157e-06
279700 9.7452e-06
279800 1.0449e-05
279900 1.1153e-05
280000 1.1817e-05
280500 1.2965e-05
281000 1.6828e-05
281500 1.9801e-05
282000 2.3305e-05
282500 2.7468e-05
283000 3.0405e-05
283500 3.1234e-05
284000 3.1902e-05
284500 3.6544e-05
285000 3.9485e-05
