"wave" "response"
20004.66386 1.87934283154186e-12
20020.74478 1.82149268684834e-12
20036.8257 2.04945806549991e-12
20052.90662 1.6156871555091e-12
20068.98754 1.2715592258027e-12
20085.06846 8.95761490214022e-13
20101.14938 1.29524859656806e-12
20117.2303 1.59797785764377e-12
20133.31122 1.83485677248849e-12
20149.39214 1.86094749774684e-12
20165.47306 1.6987389722673e-12
20181.55398 1.53371477794845e-12
20197.6349 1.21713166076089e-12
20213.71582 9.62784309487875e-13
20229.79674 4.71131453193417e-13
20245.87766 3.05841588307724e-13
20261.95858 3.11397305159725e-13
20278.03949 3.87066184501773e-13
20294.12041 6.25179339288745e-13
20310.20133 6.60745227876277e-13
20326.28225 4.2498522241367e-13
20342.36317 5.10312998855971e-13
20358.44409 6.09288710435005e-13
20374.52501 7.20355951827818e-13
20390.60593 6.54108777757346e-13
20406.68685 6.9123248778595e-13
20422.76777 6.94043967546563e-13
20438.84869 6.72841885336023e-13
20454.92961 7.06359702174443e-13
20471.01053 7.7501439731322e-13
20487.09145 8.77579972129712e-13
20503.17237 9.9085092047744e-13
20519.25329 9.69915559115293e-13
20535.33421 1.10328058232431e-12
20551.41513 1.1665826573966e-12
20567.49605 1.33303316684966e-12
20583.57697 1.46251255959958e-12
20599.65788 1.62537697227697e-12
20615.7388 1.93481574919955e-12
20631.81972 2.46272057901047e-12
20647.90064 3.15697763806583e-12
20663.98156 3.49510608190483e-12
20680.06248 3.20600252314283e-12
20696.1434 2.80678446483805e-12
20712.22432 2.52573205581795e-12
20728.30524 2.49905937174211e-12
20744.38616 2.48733587452002e-12
20760.46708 2.99465095742963e-12
20776.548 4.58177058841003e-12
20792.62892 5.45868434847236e-12
20808.70984 5.95251437441586e-12
20824.79076 4.703078374112e-12
20840.87168 4.56626620919252e-12
20856.9526 4.81734225182518e-12
20873.03352 6.0174968620556e-12
20889.11444 8.22984236940025e-12
20905.19536 1.18758864600233e-11
20921.27627 1.28846059411322e-11
20937.35719 1.57241606378532e-11
20953.43811 1.69918879906017e-11
20969.51903 1.86155228960213e-11
20985.59995 2.06688710964108e-11
21001.68087 2.46130871588396e-11
21017.76179 2.14367794205898e-11
21033.84271 1.73646410415834e-11
21049.92363 6.27737886183818e-12
21066.00455 2.59878499418571e-12
21082.08547 9.40183349737455e-13
21098.16639 3.06403828572731e-12
21114.24731 3.33053115500789e-11
21130.32823 4.70078629380388e-11
21146.40915 6.1258790907343e-11
21162.49007 5.75269951834885e-11
21178.57099 7.79604073092925e-11
21194.65191 8.11663844678081e-11
21210.73283 9.45058405844600e-11
21226.81375 8.32806786590755e-11
21242.89466 6.88544230774654e-11
21258.97558 3.74971428486576e-11
21275.0565 2.87195635608619e-11
21291.13742 3.26524644139931e-11
21307.21834 4.13045926511957e-11
21323.29926 5.30734479952918e-11
21339.38018 6.04028386537319e-11
21355.4611 6.94012856687376e-11
21371.54202 5.89190089494519e-11
21387.62294 6.90418891534913e-11
21403.70386 5.55933719545983e-11
21419.78478 6.11847989735679e-11
21435.8657 6.29984197583445e-11
21451.94662 7.52575392658581e-11
21468.02754 7.45325389099161e-11
21484.10846 6.23813801107731e-11
21500.18938 4.68984799220893e-11
21516.2703 4.19067656294581e-11
21532.35122 5.93115016726768e-11
21548.43214 6.18728704030676e-11
21564.51305 7.18937235895812e-11
21580.59397 5.22565881073973e-11
21596.67489 5.87059313720003e-11
21612.75581 5.53104351665886e-11
21628.83673 5.16786143748762e-11
21644.91765 5.89975831885543e-11
21660.99857 5.9779389805392e-11
21677.07949 6.721322326548e-11
21693.16041 4.34999748971717e-11
21709.24133 5.70569128087897e-11
21725.32225 4.66482681103438e-11
21741.40317 5.85021657801636e-11
21757.48409 5.03038660352856e-11
21773.56501 3.48211527031005e-11
21789.64593 1.6913278270917e-11
21805.72685 1.07932703203052e-11
21821.80777 4.76601439437007e-11
21837.88869 2.74386560118864e-11
21853.96961 2.22608141484344e-11
21870.05053 1.45271917774987e-11
21886.13145 1.91864797234826e-11
21902.21236 3.03233176099891e-11
21918.29328 3.66830999881523e-11
21934.3742 3.9345198122113e-11
21950.45512 3.34781582708064e-11
21966.53604 4.35814822622081e-11
21982.61696 4.18251405328856e-11
21998.69788 6.06438767282715e-11
22014.7788 7.65978694695034e-11
22030.85972 9.26249466898637e-11
22046.94064 1.19983916722353e-10
22063.02156 1.17412230794296e-10
22079.10248 1.42782221242289e-10
22095.1834 1.73873850525651e-11
22111.26432 7.12910287139513e-11
22127.34524 3.05081431268096e-10
22143.42616 4.3767495946133e-10
22159.50708 5.77813818809262e-10
22175.588 5.68501400319862e-10
22191.66892 7.97781635676627e-10
22207.74984 6.23697793149968e-10
22223.83075 5.66401374288188e-10
22239.91167 3.45909796513796e-10
22255.99259 2.56606538487065e-10
22272.07351 6.4452422656185e-10
22288.15443 8.5830985694843e-10
22304.23535 1.2883177445414e-09
22320.31627 1.1694241415485e-09
22336.39719 1.0174637838514e-09
22352.47811 4.0322330523489e-10
22368.55903 4.43266071632432e-11
22384.63995 1.51270996616034e-10
22400.72087 4.10104685452252e-10
22416.80179 1.09415452271257e-09
22432.88271 2.0776874119901e-09
22448.96363 2.57239656482527e-09
22465.04455 3.01990857601327e-09
22481.12547 2.51618343298688e-09
22497.20639 2.44171825097894e-09
22513.28731 8.29598896280572e-10
22529.36823 9.31127729215728e-10
22545.44914 1.4663176815887e-09
22561.53006 1.57199056672615e-09
22577.61098 1.67804420567651e-09
22593.6919 2.33460563428968e-09
22609.77282 4.04562563347241e-09
22625.85374 9.70413945599732e-09
22641.93466 1.29209266303663e-08
22658.01558 1.85999147734899e-08
22674.0965 1.70629745052065e-08
22690.17742 1.47956936375087e-08
22706.25834 1.07794838929108e-08
22722.33926 1.09200483107968e-08
22738.42018 1.49367370567422e-08
22754.5011 1.31177066806274e-08
22770.58202 1.36919230096578e-08
22786.66294 1.44458452888059e-08
22802.74386 1.40224865671477e-08
22818.82478 1.54744243098334e-08
22834.9057 1.62180445848814e-08
22850.98662 1.86911008185912e-08
22867.06753 2.29708130894364e-08
22883.14845 2.76328749045532e-08
22899.22937 3.56556027312717e-08
22915.31029 3.3063498105133e-08
22931.39121 3.04032210489038e-08
22947.47213 2.57096956914894e-08
22963.55305 2.78376746574953e-08
22979.63397 4.03020519222037e-08
22995.71489 4.55679584275385e-08
23011.79581 6.8592802208759e-08
23027.87673 1.32988894433249e-07
23043.95765 1.66738739316446e-07
23060.03857 2.27021971308016e-07
23076.11949 3.00098154967887e-07
23092.20041 3.9880339833938e-07
23108.28133 5.53293354806983e-07
23124.36225 7.44784634326499e-07
23140.44317 1.01897788334882e-06
23156.52409 1.41909824358945e-06
23172.60501 1.99952079913528e-06
23188.68592 2.81818568488975e-06
23204.76684 3.75504308461798e-06
23220.84776 4.97362776757513e-06
23236.92868 6.4293443322341e-06
23253.0096 8.08665248799417e-06
23269.09052 1.00590125854362e-05
23285.17144 1.22489359504718e-05
23301.25236 1.47628587736298e-05
23317.33328 1.75475214559455e-05
23333.4142 2.04176151269444e-05
23349.49512 2.35819094463706e-05
23365.57604 2.64607574434872e-05
23381.65696 2.9208616438277e-05
23397.73788 3.17207517842295e-05
23413.8188 3.32899605438772e-05
23429.89972 3.46175603869884e-05
23445.98064 3.5466635899048e-05
23462.06156 3.59174743241717e-05
23478.14248 3.62981240678444e-05
23494.2234 3.58508050726229e-05
23510.30431 3.53191582214444e-05
23526.38523 3.48922596186921e-05
23542.46615 3.4688143367382e-05
23558.54707 3.46176778057326e-05
23574.62799 3.51901771742374e-05
23590.70891 3.62844916797317e-05
23606.78983 3.76480987255442e-05
23622.87075 3.88289794992326e-05
23638.95167 4.00941524330628e-05
23655.03259 4.12671088731734e-05
23671.11351 4.19330955953094e-05
23687.19443 4.25187867563203e-05
23703.27535 4.30216591993043e-05
23719.35627 4.34485733543706e-05
23735.43719 4.37207059367369e-05
23751.51811 4.42572273728523e-05
23767.59903 4.48276328054155e-05
23783.67995 4.53062349235377e-05
23799.76087 4.50488064591677e-05
23815.84179 4.48098019821996e-05
23831.92271 4.41484535245591e-05
23848.00362 4.2882977015526e-05
23864.08454 4.16492884278712e-05
23880.16546 4.10167419239147e-05
23896.24638 4.06584381989934e-05
23912.3273 4.03370514463985e-05
23928.40822 4.08536876685311e-05
23944.48914 4.15611327800787e-05
23960.57006 4.22264151870077e-05
23976.65098 4.21748326328975e-05
23992.7319 4.2169941898674e-05
24008.81282 4.20581191111589e-05
24024.89374 4.1750335499777e-05
24040.97466 4.14746307798299e-05
24057.05558 4.14562297983706e-05
24073.1365 4.15927125911037e-05
24089.21742 4.17430028172592e-05
24105.29834 4.16728115950003e-05
24121.37926 4.16011665623151e-05
24137.46018 4.15663026655057e-05
24153.5411 4.15107534754521e-05
24169.62201 4.14732183792036e-05
24185.70293 4.12967074597376e-05
24201.78385 4.06800394685069e-05
24217.86477 4.01178689045629e-05
24233.94569 3.96943391154105e-05
24250.02661 3.94582136442662e-05
24266.10753 3.92226493233816e-05
24282.18845 3.921010061562e-05
24298.26937 3.93390834918257e-05
24314.35029 3.94834032817016e-05
24330.43121 3.92559284409989e-05
24346.51213 3.89386456070084e-05
24362.59305 3.86343414620289e-05
24378.67397 3.86849170908239e-05
24394.75489 3.87744753747818e-05
24410.83581 3.8825885883278e-05
24426.91673 3.834545066219e-05
24442.99765 3.7908787170088e-05
24459.07857 3.74113964042207e-05
24475.15949 3.65886025788126e-05
24491.2404 3.57995045945388e-05
24507.32132 3.53732923705633e-05
24523.40224 3.55896272674321e-05
24539.48316 3.58455627583156e-05
24555.56408 3.64066672831932e-05
24571.645 3.72940773459797e-05
24587.72592 3.82042639445713e-05
24603.80684 3.87538761554846e-05
24619.88776 3.90324366408218e-05
24635.96868 3.9329980509856e-05
24652.0496 3.90475188845374e-05
24668.13052 3.84860161391694e-05
24684.21144 3.79500602859732e-05
24700.29236 3.70395000072408e-05
24716.37328 3.60639792739025e-05
24732.4542 3.51610822299299e-05
24748.53512 3.4025489850033e-05
24764.61604 3.28736227283266e-05
24780.69696 3.18040929098111e-05
24796.77788 3.07798347778804e-05
24812.85879 2.98839271015474e-05
24828.93971 2.91133395994657e-05
24845.02063 2.83084453719065e-05
24861.10155 2.76509622189858e-05
24877.18247 2.71343558306924e-05
24893.26339 2.6345351149581e-05
24909.34431 2.57558735736286e-05
24925.42523 2.53302239193873e-05
24941.50615 2.47546916294871e-05
24957.58707 2.4245675125288e-05
24973.66799 2.3808170680032e-05
24989.74891 2.34162759892955e-05
24997.78162 0.000170005498708917
25011.29393 0.000163891157906593
25024.80624 0.000153055040406151
25038.31856 0.000145165772002261
25051.83087 0.00014317637177845
25065.34319 0.000131541754519968
25078.8555 0.000116853579476377
25092.36782 0.000113686857245784
25105.88013 0.000105604283690443
25119.39244 9.38949615377931e-05
25132.90476 8.58821558458242e-05
25146.41707 7.77188405825843e-05
25159.92939 6.85994335812503e-05
25173.4417 6.84856722746362e-05
25186.95402 5.6685601074267e-05
25200.46633 5.32086492264202e-05
25213.97865 4.52134416527431e-05
25227.49096 4.07248787641736e-05
25241.00327 3.61781161861981e-05
25254.51559 3.00719898323931e-05
25268.0279 2.88631164069673e-05
25281.54022 2.34902789912826e-05
25295.05253 2.46089429808478e-05
25308.56485 2.55458842382825e-05
25322.07716 1.96818076910916e-05
25335.58948 2.03238770404584e-05
25349.10179 1.6832269478604e-05
25362.6141 1.31948320225619e-05
25376.12642 1.05544755317624e-05
25389.63873 9.78404166523776e-06
25403.15105 1.08608734708795e-05
25416.66336 8.416510910701e-06
25430.17568 6.92378955868421e-06
25443.68799 7.75974525538585e-06
25457.2003 1.02498732589857e-05
25470.71262 8.61136984378654e-06
25484.22493 1.14814089644446e-05
25497.73725 1.3267573020502e-05
25511.24956 9.02578135547825e-06
25524.76188 7.38230420073634e-06
25538.27419 5.58119378864619e-06
25551.78651 4.07143125592801e-06
25565.29882 6.50656474824967e-06
25578.81113 5.27185184117966e-06
25592.32345 8.61721338203188e-06
25605.83576 8.72412489554502e-06
25619.34808 6.65351401900447e-06
25632.86039 4.91481468220672e-06
25646.37271 6.44091925287164e-06
25659.88502 1.02948813961666e-05
25673.39733 6.48427847138634e-06
25686.90965 4.52296411900977e-06
25700.42196 2.84191048805138e-06
25713.93428 3.39358229939869e-07
25727.44659 3.70134591056856e-06
25740.95891 5.66665256474097e-06
25754.47122 4.87936568993916e-06
25767.98354 3.07526623648963e-06
25781.49585 3.25608637747599e-06
25795.00816 1.84680176156199e-06
25808.52048 2.58445722983498e-06
25822.03279 5.59964289070035e-06
25835.54511 5.75665532478387e-06
25849.05742 2.44141241953146e-06
25862.56974 5.12193800282546e-06
25876.08205 5.31275111521159e-06
25889.59437 3.02945728688387e-06
25903.10668 7.1003039414155e-06
25916.61899 5.97348626157581e-06
25930.13131 4.07879859103674e-06
25943.64362 5.76136864107111e-06
25957.15594 5.94623920080165e-06
25970.66825 3.80613849018465e-06
25984.18057 4.72632127184038e-06
25997.69288 2.78491762308394e-06
26011.20519 1.20825155374004e-06
26024.71751 7.65446570271553e-07
26038.22982 6.3132095823229e-07
26051.74214 1.74535735252969e-06
26065.25445 2.52629573706064e-06
26078.76677 3.55714855875279e-06
26092.27908 2.7867566343935e-06
26105.7914 5.35019966701373e-06
26119.30371 2.88263894114628e-06
26132.81602 2.29125065539076e-06
26146.32834 1.35961502198612e-06
26159.84065 2.3830908695163e-06
26173.35297 1.06634720522381e-06
26186.86528 1.36952168038343e-06
26200.3776 9.05563536969835e-07
26213.88991 2.02120630623775e-06
26227.40222 3.58512172886719e-06
26240.91454 1.09010987963745e-06
26254.42685 7.11519322718734e-07
26267.93917 6.51191682168838e-07
26281.45148 2.5867638998139e-06
26294.9638 6.87251275936151e-06
26308.47611 4.75040915961125e-06
26321.98843 1.11760787774072e-06
26335.50074 2.44166161287558e-06
26349.01305 1.03323876488826e-06
26362.52537 1.26568110943135e-06
26376.03768 3.51937460299431e-06
26389.55 3.39416996480106e-06
26403.06231 2.09026833668681e-06
26416.57463 3.34944050349876e-06
26430.08694 2.92651691758986e-06
26443.59925 3.73214507777216e-06
26457.11157 3.10628496269456e-06
26470.62388 4.24287531626338e-06
26484.1362 8.31524761422784e-07
26497.64851 2.29888033926544e-06
26511.16083 2.65948349024287e-06
26524.67314 1.59526636351531e-06
26538.18546 4.10189569707379e-06
26551.69777 2.52403557140397e-06
26565.21008 4.90771751842156e-07
26578.7224 2.12530328683418e-06
26592.23471 7.9221907751007e-07
26605.74703 2.47268596733467e-08
26619.25934 2.70955869014313e-07
26632.77166 1.80467080647954e-06
26646.28397 1.33517622389294e-06
26659.79629 3.5800299457348e-07
26673.3086 9.66956909762674e-07
26686.82091 1.14393176991885e-06
26700.33323 1.73017363421126e-06
26713.84554 2.76949689785183e-06
26727.35786 2.0158052318372e-06
26740.87017 2.65471817234347e-07
26754.38249 1.40555141966445e-06
26767.8948 1.18289628978377e-06
26781.40711 3.59061360443769e-06
26794.91943 1.50953632184269e-06
26808.43174 1.58253032125582e-06
26821.94406 1.76705723352753e-06
26835.45637 4.38971112520513e-07
26848.96869 8.97821173709144e-07
26862.481 8.16566325879005e-07
26875.99332 3.64227765783831e-07
26889.50563 1.39719804850701e-06
26903.01794 2.28482371922631e-06
26916.53026 1.08039309158658e-08
26930.04257 2.3547234145488e-07
26943.55489 5.48409015685372e-07
26957.0672 1.83587099748656e-06
26970.57952 1.10383830050975e-06
26984.09183 9.74545127234198e-08
26997.60414 3.62906642956958e-07
27011.11646 2.83279224277358e-07
27024.62877 5.78299780333835e-07
27038.14109 3.13968524118395e-07
27051.6534 9.72584591342345e-07
27065.16572 1.53257418625494e-06
27078.67803 6.38434369984263e-09
27092.19035 8.17693112231464e-07
27105.70266 4.62935087689347e-08
27119.21497 1.80738791152689e-08
27132.72729 7.64725593105314e-07
27146.2396 6.54597971334807e-07
27159.75192 5.1680676325323e-07
27173.26423 9.42706528826982e-07
27186.77655 1.25039507002444e-06
27200.28886 1.01008202204686e-06
27213.80117 6.78970840036858e-07
27227.31349 9.49126409914739e-07
27240.8258 6.36518137066578e-07
27254.33812 1.33723291755546e-07
27267.85043 7.15024686499576e-07
27281.36275 2.65693082474083e-07
27294.87506 7.41679229980238e-07
27308.38738 5.43983562068516e-07
27321.89969 1.05954188750357e-07
27335.412 6.18706344192629e-07
27348.92432 2.94444631130823e-07
27362.43663 1.67265390977929e-06
27375.94895 2.21829318793114e-06
27389.46126 1.4942394955627e-06
27402.97358 1.22881057913767e-06
27416.48589 5.11003045635965e-09
27429.99821 5.44161425302792e-07
27443.51052 1.48723942924087e-06
27457.02283 1.90553864099617e-06
27470.53515 2.14608537381996e-06
27484.04746 1.68532547528432e-06
27497.55978 9.40721380543722e-07
27511.07209 2.3657607176181e-06
27524.58441 9.16440608760749e-07
27538.09672 2.06336751813801e-07
27551.60903 3.19024313981722e-08
27565.12135 1.69823456543066e-06
27578.63366 1.44801546883287e-06
27592.14598 1.3092826891525e-06
27605.65829 6.02076981768063e-07
27619.17061 9.51727357344695e-07
27632.68292 8.24907177498925e-07
27646.19524 8.82811860260267e-07
27659.70755 1.58861631354951e-06
27673.21986 1.49751804670302e-06
27686.73218 1.59658849101989e-06
27700.24449 7.11759453736653e-07
27713.75681 2.58859096628701e-06
27727.26912 1.50213302029421e-06
27740.78144 2.62525269827979e-06
27754.29375 2.91970253589894e-06
27767.80606 1.57015788409836e-06
27781.31838 3.42152603673384e-08
27794.83069 7.7562875224929e-07
27808.34301 1.31422464837385e-06
27821.85532 7.96436620318458e-07
27835.36764 2.29433127592266e-06
27848.87995 1.39305406647033e-07
27862.39227 1.41669031592435e-06
27875.90458 1.65105676935707e-06
27889.41689 1.04367349425952e-06
27902.92921 1.52344169955608e-06
27916.44152 1.04011608535322e-06
27929.95384 4.62258128277844e-06
27943.46615 3.52661262783566e-06
27956.97847 2.69847183468082e-06
27970.49078 2.14555081372567e-06
27984.00309 2.17994233889903e-06
27997.51541 2.88626832882176e-07
28011.02772 1.23842533059312e-06
28024.54004 9.42346360071904e-07
28038.05235 1.35363012745597e-06
28051.56467 2.04867186701586e-06
28065.07698 2.35098153168683e-06
28078.5893 5.60155090426502e-06
28092.10161 5.96066694511265e-06
28105.61392 2.95047782353011e-06
28119.12624 2.1810153851477e-06
28132.63855 2.62383234057825e-06
28146.15087 8.99797263294718e-07
28159.66318 1.88149523345369e-06
28173.1755 4.03074466745283e-08
28186.68781 1.12903732772822e-08
28200.20013 3.75021877620873e-06
28213.71244 5.09345605275059e-06
28227.22475 3.98609561715196e-06
28240.73707 4.38851991378369e-06
28254.24938 6.66696020783015e-06
28267.7617 4.36468536087949e-06
28281.27401 1.66889531641529e-06
28294.78633 1.90155786859228e-06
28308.29864 2.47735672363532e-06
28321.81095 5.15579049206711e-07
28335.32327 1.45192189100007e-06
28348.83558 3.60090961727727e-06
28362.3479 2.73898944734477e-06
28375.86021 1.2632983356665e-06
28389.37253 4.32405836459877e-07
28402.88484 2.43519680585601e-06
28416.39716 2.35924177220609e-06
28429.90947 1.20486658792535e-06
28443.42178 1.75532079156985e-06
28456.9341 3.39278350637934e-06
28470.44641 2.48800337359571e-06
28483.95873 1.35283498065834e-06
28497.47104 3.78347013945046e-06
28510.98336 3.47705476820845e-06
28524.49567 2.10000348689552e-06
28538.00798 4.33463340709184e-06
28551.5203 5.84685711607435e-06
28565.03261 4.02150712394095e-06
28578.54493 3.06799658057893e-06
28592.05724 7.31746374257047e-07
28605.56956 5.85343331298392e-09
28619.08187 9.72778473139759e-07
28632.59419 1.25142576583865e-06
28646.1065 1.18060259054586e-07
28659.61881 2.78945360181778e-07
28673.13113 8.15551583895246e-07
28686.64344 5.08834771355304e-07
28700.15576 2.50464246438561e-06
28713.66807 2.17493142677743e-06
28727.18039 1.6194880214772e-06
28740.6927 5.61652121381893e-07
28754.20501 4.24693725054666e-07
28767.71733 1.00834146416428e-06
28781.22964 1.12849658470059e-06
28794.74196 2.84404648030989e-06
28808.25427 3.01995234466408e-06
28821.76659 2.65037490477295e-06
28835.2789 2.5989623979882e-06
28848.79122 2.16238149614776e-06
28862.30353 3.15668690730518e-06
28875.81584 3.20328867646025e-06
28889.32816 2.48110969155412e-06
28902.84047 3.9619575147101e-08
28916.35279 7.72685883532712e-08
28929.8651 3.38661736530027e-07
28943.37742 2.46163972411236e-06
28956.88973 4.8972156671833e-06
28970.40205 1.82122396032547e-06
28983.91436 1.0259520655079e-06
28997.42667 1.39048958723732e-06
29010.93899 6.20092090460845e-07
29024.4513 6.3460947146066e-07
29037.96362 2.61122032920426e-07
29051.47593 5.5206603326239e-09
29064.98825 2.94866911748813e-08
29078.50056 3.29045475326967e-06
29092.01287 1.54413021048648e-06
29105.52519 5.84627127529921e-07
29119.0375 1.54381466848548e-06
29132.54982 5.32836805141781e-07
29146.06213 3.02863111831148e-08
29159.57445 1.38808698019952e-06
29173.08676 1.45789216418695e-06
29186.59908 1.36720418040257e-06
29200.11139 1.88674346885716e-06
29213.6237 4.60253925506963e-07
29227.13602 2.24767628776834e-06
29240.64833 3.50852176196651e-06
29254.16065 3.95239538756287e-06
29267.67296 2.93151102932443e-06
29281.18528 1.70917366973549e-06
29294.69759 2.34246682482996e-06
29308.2099 2.34166935209067e-06
29321.72222 7.32845891575284e-07
29335.23453 2.74796926462332e-06
29348.74685 3.08774432478425e-06
29362.25916 3.99895864990031e-06
29375.77148 3.33799272562799e-06
29389.28379 2.54831351644331e-06
29402.79611 2.44085141891968e-06
29416.30842 4.42758312188406e-06
29429.82073 1.58257571555691e-06
29443.33305 8.74759487000782e-07
29456.84536 2.53367306140007e-06
29470.35768 2.10588848258185e-06
29483.86999 1.70567939577515e-06
29497.38231 2.49159338320514e-06
29510.89462 2.00335488993558e-06
29524.40694 3.80938720471499e-06
29537.91925 4.00791848097964e-06
29551.43156 4.69361056894437e-06
29564.94388 2.29853183388049e-06
29578.45619 1.66693440308022e-06
29591.96851 4.74626657484959e-07
29605.48082 1.37571123399401e-06
29618.99314 1.92996669976244e-06
29632.50545 3.30621593126823e-06
29646.01776 1.42528197107756e-06
29659.53008 1.41820506891053e-06
29673.04239 1.37430557730505e-06
29686.55471 4.65796490501175e-06
29700.06702 5.48874875238891e-06
29713.57934 2.91331462602088e-06
29727.09165 1.02064462679109e-06
29740.60397 2.78569322161542e-06
29754.11628 2.93445843891046e-06
29767.62859 4.27047251977622e-07
29781.14091 3.17335596296243e-06
29794.65322 5.04699947988279e-06
29808.16554 4.81279601408622e-06
29821.67785 4.50963590300825e-06
29835.19017 1.45893038924495e-06
29848.70248 5.85621965343233e-07
29862.21479 2.17866711070272e-06
29875.72711 4.23166105411141e-06
29889.23942 6.07721947722803e-06
29902.75174 5.93593350935809e-06
29916.26405 4.63357183022759e-06
29929.77637 4.19031401504553e-06
29943.28868 3.85768028382162e-06
29956.801 2.26072525930896e-06
29970.31331 3.19628710031389e-06
29983.82562 5.14574862553044e-06
29997.33794 4.49674013248962e-06
30010.85025 3.08556746383527e-06
30024.36257 2.32689394947826e-06
30037.87488 2.01263247661681e-06
30051.3872 3.28734678023905e-06
30064.89951 4.05398066635138e-06
30078.41182 2.95056846878738e-06
30091.92414 3.79799548638551e-06
30105.43645 4.06152645507757e-06
30118.94877 3.85085153092429e-06
30132.46108 5.61196752438447e-06
30145.9734 5.75933935469045e-06
30159.48571 5.42705502840973e-06
30172.99803 5.84700105706772e-06
30186.51034 4.50047286563904e-06
30200.02265 3.007284105268e-06
30213.53497 3.2148799603387e-06
30227.04728 1.42274383202954e-06
30240.5596 1.92898304313519e-06
30254.07191 2.5983172472794e-06
30267.58423 1.7946498307809e-06
30281.09654 9.52589743174122e-07
30294.60886 2.7438901431352e-06
30308.12117 3.92423837968302e-06
30321.63348 2.96037295419911e-06
30335.1458 2.91379459568573e-06
30348.65811 1.80540841796864e-06
30362.17043 1.10642063631549e-06
30375.68274 1.99497050197177e-06
30389.19506 4.22736891967221e-06
30402.70737 6.13841631701389e-06
30416.21968 4.40693618695383e-06
30429.732 3.74510121633813e-06
30443.24431 5.95133253092321e-06
30456.75663 5.13608245391589e-06
30470.26894 3.95321350506126e-06
30483.78126 4.25395213947111e-06
30497.29357 6.13883649584678e-06
30510.80589 4.74440349454045e-06
30524.3182 7.94910728608361e-06
30537.83051 7.22697345341149e-06
30551.34283 5.72382255842683e-06
30564.85514 2.72104529773326e-06
30578.36746 4.35757681558191e-06
30591.87977 4.25630674302687e-06
30605.39209 5.02407208856715e-06
30618.9044 3.26971795735051e-06
30632.41671 4.58713503655515e-06
30645.92903 3.85191536031665e-06
30659.44134 4.72738887515301e-06
30672.95366 5.43278725971895e-06
30686.46597 4.28586087724611e-06
30699.97829 1.99034757015638e-06
30713.4906 4.21054636046775e-06
30727.00292 3.82066383605777e-06
30740.51523 3.82030682257492e-06
30754.02754 4.47694760288147e-06
30767.53986 4.76615133931215e-06
30781.05217 3.19970175234757e-06
30794.56449 2.83945899609633e-06
30808.0768 5.21995143822547e-06
30821.58912 5.11032159906126e-06
30835.10143 2.64271391711695e-06
30848.61374 3.56962912180521e-06
30862.12606 5.25781742933661e-06
30875.63837 4.33066057772651e-06
30889.15069 2.53196790778105e-06
30902.663 3.39872331743806e-06
30916.17532 2.2265375211164e-06
30929.68763 1.17076960402261e-06
30943.19995 3.76136638353637e-06
30956.71226 4.22435621198483e-06
30970.22457 3.84811457773108e-06
30983.73689 2.74039222316999e-06
30997.2492 2.33664730601564e-06
31010.76152 4.63340995681224e-06
31024.27383 9.1582151524267e-06
31037.78615 5.24908460555147e-06
31051.29846 4.09853529705274e-06
31064.81078 4.15411027489798e-06
31078.32309 4.12616369044675e-06
31091.8354 4.85348711465009e-06
31105.34772 2.9253231286478e-06
31118.86003 1.27339596941819e-06
31132.37235 2.89647349328762e-06
31145.88466 3.21179452935622e-06
31159.39698 5.48918330372642e-06
31172.90929 8.08577571232653e-06
31186.4216 7.40225949752404e-06
31199.93392 4.15470022117876e-06
31213.44623 1.49816340317564e-06
31226.95855 1.50851708669933e-06
31240.47086 1.88018921889794e-06
31253.98318 3.44762792727187e-06
31267.49549 3.77458827280302e-06
31281.00781 5.76451162282118e-06
31294.52012 6.24386056849992e-06
31308.03243 3.1609328915683e-06
31321.54475 4.14451825738833e-06
31335.05706 3.73609631169385e-06
31348.56938 2.79219622232108e-06
31362.08169 2.88213235086432e-06
31375.59401 5.02794927826812e-06
31389.10632 5.71637437743349e-06
31402.61863 4.74019439348772e-06
31416.13095 3.95641546597728e-06
31429.64326 1.62467968307511e-06
31443.15558 1.08801557180249e-06
31456.66789 3.62252321668795e-06
31470.18021 5.00001695398437e-06
31483.69252 4.1967414916915e-06
31497.20484 3.56616599095712e-06
31510.71715 4.08964858009375e-06
31524.22946 4.00574055039268e-06
31537.74178 3.82530588918509e-06
31551.25409 2.90759889105815e-06
31564.76641 3.49694845770315e-06
31578.27872 5.7778772542997e-06
31591.79104 5.2333925398541e-06
31605.30335 3.58224601857071e-06
31618.81566 1.60667657075364e-06
31632.32798 5.32504613741083e-06
31645.84029 5.48738833494777e-06
31659.35261 3.75489470342744e-06
31672.86492 2.97694526407993e-06
31686.37724 2.51243447910019e-06
31699.88955 3.43482971905272e-06
31713.40187 2.17700209322169e-06
31726.91418 1.74962931382734e-06
31740.42649 7.06541253188122e-07
31753.93881 6.60130308411448e-07
31767.45112 1.23899064738013e-06
31780.96344 1.72685477511225e-06
31794.47575 4.24588687747549e-06
31807.98807 5.84873301456129e-06
31821.50038 2.84416497646149e-06
31835.0127 2.0048074220712e-06
31848.52501 1.46651584341535e-06
31862.03732 1.77612734215095e-06
31875.54964 3.26926140308193e-06
31889.06195 3.1983880041489e-06
31902.57427 4.1962210628115e-06
31916.08658 4.42559769153455e-06
31929.5989 3.50577466452227e-06
31943.11121 2.33863606110993e-06
31956.62352 2.62888526660487e-06
31970.13584 1.98862079845054e-06
31983.64815 4.07803846433588e-06
31997.16047 5.12643191101956e-06
32010.67278 3.8266089169893e-06
32024.1851 5.17654018807228e-06
32037.69741 4.66147346694561e-06
32051.20973 3.96922636409605e-06
32064.72204 6.15078233099149e-07
32078.23435 1.46640851460054e-07
32091.74667 1.1627035396518e-06
32105.25898 1.47195059174407e-06
32118.7713 1.33408357125467e-06
32132.28361 2.08238945108286e-06
32145.79593 2.44555273724541e-06
32159.30824 3.43307899433552e-06
32172.82055 3.55529804714919e-06
32186.33287 2.84552658540506e-06
32199.84518 4.27307223405425e-06
32213.3575 4.51178085367517e-06
32226.86981 4.43098820133187e-06
32240.38213 3.94978929421082e-06
32253.89444 2.21875728379912e-06
32267.40676 6.24459509294089e-08
32280.91907 1.36240283884579e-06
32294.43138 2.24562860256097e-06
32307.9437 2.54692153730028e-06
32321.45601 3.92573573623513e-06
32334.96833 2.51258705773303e-06
32348.48064 2.57004355090354e-06
32361.99296 1.20236312841277e-06
32375.50527 7.26147308008868e-07
32389.01759 1.15011727289916e-06
32402.5299 2.99679624492671e-06
32416.04221 6.13156989121986e-06
32429.55453 5.92517654112117e-06
32443.06684 8.65745820959041e-06
32456.57916 9.0772813992332e-06
32470.09147 8.36547592252931e-06
32483.60379 6.96716218060566e-06
32497.1161 6.08076603063858e-06
32510.62841 6.67649759435832e-06
32524.14073 4.6016271964635e-06
32537.65304 5.40927975020485e-06
32551.16536 3.05049711729726e-06
32564.67767 2.58859754990809e-06
32578.18999 5.27465215943402e-06
32591.7023 4.88373570081437e-06
32605.21462 4.03828691904711e-06
32618.72693 4.97941423992521e-06
32632.23924 6.42025121139038e-06
32645.75156 4.99180601659977e-06
32659.26387 3.94104970585797e-06
32672.77619 4.18823917929486e-06
32686.2885 2.56815542878624e-06
32699.80082 2.24813365618117e-06
32713.31313 1.40339936554242e-06
32726.82544 2.92816465027049e-06
32740.33776 3.46405122252408e-06
32753.85007 2.84496476181451e-06
32767.36239 3.20544949448958e-06
32780.8747 4.3031029713358e-06
32794.38702 3.65033226519928e-06
32807.89933 5.06950049147199e-06
32821.41165 6.03052832873571e-06
32834.92396 3.42576912997515e-06
32848.43627 3.13951750282895e-06
32861.94859 3.62900443065615e-06
32875.4609 4.70696779396596e-06
32888.97322 2.01831778851035e-06
32902.48553 1.60563642024291e-06
32915.99785 3.08494696630346e-06
32929.51016 3.74218082426646e-06
32943.02247 5.89194855935584e-06
32956.53479 7.08696912594235e-06
32970.0471 4.66784963921432e-06
32983.55942 3.79921123499365e-06
32997.07173 3.91077242783766e-06
33010.58405 2.92524069149626e-06
33024.09636 1.41417634813744e-06
33037.60868 1.75947961448033e-06
33051.12099 3.17345980021262e-06
33064.6333 5.0967818186222e-06
33078.14562 3.4361092079777e-06
33091.65793 1.24312106746914e-06
33105.17025 9.89200071590322e-07
33118.68256 2.81278212460479e-06
33132.19488 3.23698607297968e-06
33145.70719 2.67046766136866e-06
33159.21951 1.25744752922618e-06
33172.73182 6.33800749765649e-07
33186.24413 1.87675143394287e-06
33199.75645 1.64140146154507e-06
33213.26876 3.32132818782166e-06
33226.78108 3.61983229854345e-06
33240.29339 2.59186162440775e-06
33253.80571 3.49395020500512e-06
33267.31802 2.42429303302218e-06
33280.83033 1.14404908295671e-06
33294.34265 7.57864072405797e-07
33307.85496 2.12154385702631e-06
33321.36728 2.05951160375882e-06
33334.87959 3.8966819342406e-06
33348.39191 3.71939489038756e-06
33361.90422 3.23826341889087e-06
33375.41654 1.21036659333204e-06
33388.92885 1.84911884487642e-06
33402.44116 2.58614106493503e-06
33415.95348 2.57231258093764e-06
33429.46579 3.01024738292349e-06
33442.97811 3.39066589958318e-06
33456.49042 2.51843890556081e-06
33470.00274 1.66532802484443e-06
33483.51505 4.23742937311694e-06
33497.02736 1.79239492276292e-06
33510.53968 4.78133537095249e-07
33524.05199 6.05599689254488e-07
33537.56431 2.42361965272648e-06
33551.07662 1.87767901104522e-06
33564.58894 1.80882583852184e-06
33578.10125 2.4785367653505e-06
33591.61357 1.67960098017105e-06
33605.12588 1.2832280416991e-06
33618.63819 1.36642889259562e-06
33632.15051 2.50021980900979e-06
33645.66282 3.86008411300144e-06
33659.17514 1.6094119328916e-06
33672.68745 1.31385632757904e-06
33686.19977 3.99464997019582e-06
33699.71208 3.97407207300041e-06
33713.22439 6.48141052616288e-07
33726.73671 7.58099699225612e-07
33740.24902 3.36032168448382e-06
33753.76134 5.36026542323566e-06
33767.27365 3.48984044706095e-06
33780.78597 2.73297396344459e-06
33794.29828 2.96523344787536e-06
33807.8106 2.5255343895564e-06
33821.32291 2.64820075703969e-06
33834.83522 3.73636737807232e-06
33848.34754 4.06670708073655e-06
33861.85985 3.05079520264678e-06
33875.37217 2.96298032677503e-06
33888.88448 2.6976277588953e-06
33902.3968 1.23364871835436e-06
33915.90911 2.56783410481511e-06
33929.42143 2.84224189139987e-06
33942.93374 1.85548262639223e-06
33956.44605 1.78580601155246e-06
33969.95837 1.36697365308425e-06
33983.47068 2.94089358709418e-06
33996.983 3.13002175631224e-06
34010.49531 1.61945316793944e-06
34024.00763 3.26133653723885e-06
34037.51994 5.01793648076882e-06
34051.03225 3.35433523849813e-06
34064.54457 2.19199567814773e-06
34078.05688 3.15318460429227e-06
34091.5692 1.92686685047086e-06
34105.08151 4.18182700088961e-06
34118.59383 5.68823194565555e-06
34132.10614 4.39126094661756e-06
34145.61846 3.82395932886013e-06
34159.13077 3.7364220643979e-06
34172.64308 4.53514356513198e-06
34186.1554 5.03545115689703e-06
34199.66771 2.32140699855015e-06
34213.18003 2.95229417158309e-06
34226.69234 6.81963690533395e-06
34240.20466 9.78301601976483e-06
34253.71697 7.79289162451081e-06
34267.22928 6.68369628427471e-06
34280.7416 4.27142530871574e-06
34294.25391 2.21853125193045e-06
34307.76623 1.81678450772339e-06
34321.27854 3.9801872218703e-06
34334.79086 4.13365898813431e-06
34348.30317 2.64650374542946e-06
34361.81549 1.82061066384139e-06
34375.3278 4.43990207109953e-06
34388.84011 6.64197494859226e-06
34402.35243 4.58136924277449e-06
34415.86474 2.31230156805952e-06
34429.37706 1.71465285197863e-06
34442.88937 3.25005914082205e-06
34456.40169 2.3365302137753e-06
34469.914 2.4031202633897e-06
34483.42631 4.07023308795267e-06
34496.93863 4.62342974776404e-06
34510.45094 4.22848641492653e-06
34523.96326 3.7179115987868e-06
34537.47557 3.29136225200384e-06
34550.98789 5.4308621642882e-06
34564.5002 7.12887135480458e-06
34578.01252 7.27813292166662e-06
34591.52483 7.94595942032943e-06
34605.03714 6.3545369407041e-06
34618.54946 4.24346590903028e-06
34632.06177 2.85500456065786e-06
34645.57409 3.06333380733632e-06
34659.0864 2.41375600733844e-06
34672.59872 4.65210519243509e-07
34686.11103 8.10863013829213e-07
34699.62335 2.37474224232851e-06
34713.13566 1.29614356514702e-06
34726.64797 5.37009000017401e-07
34740.16029 1.84159504211287e-06
34753.6726 4.19453320953419e-06
34767.18492 4.17282861504744e-06
34780.69723 2.96551996664385e-06
34794.20955 9.63924381179e-07
34807.72186 2.5275704897249e-06
34821.23417 3.81559078210619e-06
34834.74649 2.55985405570999e-06
34848.2588 8.10917660431954e-07
34861.77112 1.02468385936459e-06
34875.28343 8.39876733691076e-07
34888.79575 2.10643340106752e-06
34902.30806 1.15305640637832e-06
34915.82038 4.39560696169291e-07
34929.33269 6.67935642077864e-08
34942.845 2.37005911287105e-06
34956.35732 1.95259061541487e-06
34969.86963 7.92667811827811e-09
34983.38195 2.0977266558165e-07
34996.89426 5.55900322935791e-09
35010.40658 4.71798849069742e-08
35023.91889 1.37853568544461e-07
35037.4312 2.11282352909355e-08
35050.94352 1.98683230946365e-07
35064.45583 1.69140577464542e-06
35077.96815 1.13409778564243e-06
35091.48046 1.88284613254216e-06
35104.99278 1.73155546461024e-06
35118.50509 2.87700254160945e-06
35132.01741 2.40068715184245e-06
35145.52972 8.19302438322408e-07
35159.04203 1.14387564900349e-06
35172.55435 2.93776948998489e-06
35186.06666 4.05647758660781e-06
35199.57898 2.6403027335835e-06
35213.09129 3.2031557862592e-06
35226.60361 3.30763980875988e-06
35240.11592 1.40825087770427e-06
35253.62824 1.1274571437324e-06
35267.14055 7.39756274335672e-07
35280.65286 2.8712406093746e-06
35294.16518 4.47092287591491e-06
35307.67749 5.40564066485503e-06
35321.18981 4.92296970099275e-06
35334.70212 2.50386282448142e-06
35348.21444 2.53095096143434e-06
35361.72675 2.57012325804467e-06
35375.23906 1.82376992495042e-06
35388.75138 2.0202130448494e-06
35402.26369 2.75001609222439e-06
35415.77601 1.32526443356426e-06
35429.28832 2.1022910515005e-07
35442.80064 4.65516211622298e-07
35456.31295 5.28156454419483e-07
35469.82527 2.0634751478697e-06
35483.33758 1.18568857125881e-06
35496.84989 2.49919484601268e-07
35510.36221 4.40420061142033e-07
35523.87452 8.15298234251323e-07
35537.38684 6.78124293046175e-08
35550.89915 1.04012471037632e-08
35564.41147 3.67070180932449e-08
35577.92378 1.12175202624644e-06
35591.43609 1.69841241103827e-08
35604.94841 5.23886583946774e-09
35618.46072 7.97903094863354e-08
35631.97304 1.37726631951281e-06
35645.48535 3.7954249598896e-06
35658.99767 3.89453273743904e-06
35672.50998 3.77507012000203e-06
35686.0223 3.05662377757851e-06
35699.53461 3.85323788947623e-06
35713.04692 3.83789547096722e-06
35726.55924 2.18197738372858e-06
35740.07155 3.60477455991556e-06
35753.58387 5.16330301455205e-06
35767.09618 5.24789777789889e-06
35780.6085 3.24406215436645e-06
35794.12081 9.859691353173e-07
35807.63312 3.23549660858387e-07
35821.14544 9.5932043457085e-07
35834.65775 2.6428664476801e-06
35848.17007 2.52773217444244e-06
35861.68238 1.65642376213994e-06
35875.1947 8.61364643692087e-07
35888.70701 4.01111378085962e-07
35902.21933 7.8483614862635e-07
35915.73164 5.85636562961239e-07
35929.24395 8.48995146060857e-07
35942.75627 2.19589311243318e-06
35956.26858 2.32708572651596e-06
35969.7809 1.42004701711516e-06
35983.29321 1.10019904701157e-06
35996.80553 1.04062794619533e-06
36010.31784 1.53352617458503e-06
36023.83016 1.80849005209744e-06
36037.34247 1.42938472008745e-06
36050.85478 8.58479318246218e-07
36064.3671 1.65335496989858e-06
36077.87941 4.62267460322195e-06
36091.39173 4.4477210920917e-06
36104.90404 4.4555867334078e-06
36118.41636 4.65536810949952e-06
36131.92867 5.19134434982587e-06
36145.44098 6.57799170662054e-06
36158.9533 7.93798166611961e-06
36172.46561 8.53409992916081e-06
36185.97793 8.87682925182473e-06
36199.49024 8.61373539410357e-06
36213.00256 8.01658628974661e-06
36226.51487 7.31463769184692e-06
36240.02719 5.07971308609857e-06
36253.5395 4.84665768494535e-06
36267.05181 8.9450370469167e-06
36280.56413 1.40480470026688e-05
36294.07644 1.50048689554335e-05
36307.58876 1.52165906729387e-05
36321.10107 1.78338766509641e-05
36334.61339 1.84368659387768e-05
36348.1257 1.90847527810178e-05
36361.63801 1.80448246843374e-05
36375.15033 1.39548174362583e-05
36388.66264 9.9792483299335e-06
36402.17496 9.3821490325896e-06
36415.68727 1.09253103585175e-05
36429.19959 1.26968119350189e-05
36442.7119 1.43750293285186e-05
36456.22422 1.53869927050671e-05
36469.73653 1.73034405833499e-05
36483.24884 2.06082005565516e-05
36496.76116 2.1608169100493e-05
36510.27347 1.9456186541901e-05
36523.78579 1.66379412512519e-05
36537.2981 1.43952941878741e-05
36550.81042 1.08988019942897e-05
36564.32273 1.01076957447837e-05
36577.83504 8.92583350242276e-06
36591.34736 2.85188424505355e-06
36604.85967 1.80452225265044e-06
36618.37199 2.51841267705884e-06
36631.8843 1.94158103172644e-06
36645.39662 1.67625395770322e-06
36658.90893 6.70677505466017e-07
36672.42125 1.09362048239942e-07
36685.93356 1.02588930770117e-07
36699.44587 2.33991123974414e-06
36712.95819 3.00185141050797e-06
36726.4705 4.02898111223017e-06
36739.98282 6.0058321278446e-06
36753.49513 6.67349136329677e-06
36767.00745 7.71843100344336e-06
36780.51976 7.03346724073647e-06
36794.03208 4.50855451179819e-06
36807.54439 2.23916992481421e-06
36821.0567 1.35971803054923e-07
36834.56902 1.43530566127582e-06
36848.08133 1.40120371365273e-06
36861.59365 1.27732460286885e-06
36875.10596 1.79440006599042e-06
36888.61828 1.86951261563386e-07
36902.13059 2.62805351368471e-06
36915.6429 5.79119071562769e-06
36929.15522 9.15815159619403e-06
36942.66753 1.05874949667428e-05
36956.17985 6.09995050106505e-06
36969.69216 3.97546671653214e-06
36983.20448 1.14380212433635e-06
36996.71679 6.1207743045462e-07
37010.22911 3.40423045271144e-07
37023.74142 4.97971005273497e-08
37037.25373 1.16892812557753e-08
37050.76605 3.41015355841204e-08
37064.27836 2.2050516153378e-08
37077.79068 9.095478490358e-07
37091.30299 1.8223365426305e-06
37104.81531 1.91963601209641e-06
37118.32762 4.12523341060644e-06
37131.83993 5.44448327458899e-06
37145.35225 6.91944774464607e-06
37158.86456 1.08385834782686e-05
37172.37688 1.41029153073566e-05
37185.88919 1.44927557065772e-05
37199.40151 1.35205469644365e-05
37212.91382 1.40251497403318e-05
37226.42614 1.68558358339439e-05
37239.93845 1.75770214585599e-05
37253.45076 1.6683704743942e-05
37266.96308 1.41011836405025e-05
37280.47539 1.20024293288802e-05
37293.98771 1.21218352957187e-05
37307.50002 1.13932955894299e-05
37321.01234 1.02493974440694e-05
37334.52465 9.61220643296333e-06
37348.03696 9.94898348443662e-06
37361.54928 1.01815709217088e-05
37375.06159 1.09673131499824e-05
37388.57391 1.2154714955361e-05
37402.08622 1.19458684694686e-05
37415.59854 8.6009952973199e-06
37429.11085 6.14461828564654e-06
37442.62317 4.43574754150478e-06
37456.13548 3.05200706891071e-06
37469.64779 1.11780361668873e-06
37483.16011 2.44379991288011e-06
37496.67242 4.61010110056677e-06
37510.18474 5.26603190960754e-06
37523.69705 3.5445517535893e-06
37537.20937 2.56321671387935e-06
37550.72168 2.60098581619703e-06
37564.234 2.96800105062004e-06
37577.74631 2.37674171977405e-06
37591.25862 2.60170579805068e-06
37604.77094 3.3110489425649e-06
37618.28325 2.62111874248834e-06
37631.79557 1.1564933664783e-06
37645.30788 1.28693477093768e-06
37658.8202 2.58717135975027e-06
37672.33251 1.44889779863834e-06
37685.84482 1.02572766597492e-06
37699.35714 3.35594193069779e-08
37712.86945 9.3863987690904e-09
37726.38177 6.47418215917412e-08
37739.89408 1.36685046030368e-06
37753.4064 1.35508230217107e-06
37766.91871 2.98016543202426e-07
37780.43103 2.80820681524556e-08
37793.94334 4.10587840287586e-07
37807.45565 9.25194250497927e-07
37820.96797 3.35651688268403e-07
37834.48028 2.77655225141655e-07
37847.9926 2.096086426581e-07
37861.50491 3.14231937433268e-07
37875.01723 1.69852319271148e-07
37888.52954 3.15613095216789e-08
37902.04185 5.4999325330221e-09
37915.55417 9.21759563317337e-09
37929.06648 1.71232193738804e-06
37942.5788 3.37985930252077e-06
37956.09111 3.85248736690842e-06
37969.60343 3.66991982472458e-06
37983.11574 6.10137946797169e-06
37996.62806 6.76933913680633e-06
38010.14037 5.6665601281771e-06
38023.65268 2.35762232735281e-06
38037.165 3.76155565552889e-07
38050.67731 5.98407529828063e-09
38064.18963 5.50013308343001e-09
38077.70194 5.50090945043207e-09
38091.21426 1.99729810750192e-07
38104.72657 8.8034734009542e-08
38118.23889 1.89429190172426e-07
38131.7512 1.09022032826466e-06
38145.26351 1.25364170218364e-06
38158.77583 3.97682361284777e-07
38172.28814 2.76802371585235e-08
38185.80046 4.19090159464e-07
38199.31277 1.84701371140982e-06
38212.82509 2.90439753852384e-06
38226.3374 3.36966438517562e-06
38239.84971 2.63884236416119e-06
38253.36203 3.64582934129233e-06
38266.87434 3.29384714383415e-06
38280.38666 1.82971340821967e-06
38293.89897 2.43988254664998e-06
38307.41129 2.29804813845314e-06
38320.9236 2.95624537589201e-06
38334.43592 3.0263191182621e-06
38347.94823 3.26772051230028e-06
38361.46054 2.99307890371535e-06
38374.97286 2.36920685035239e-06
38388.48517 2.57845152536518e-06
38401.99749 1.75796726311176e-06
38415.5098 1.76958349751189e-06
38429.02212 9.53267337903373e-07
38442.53443 1.34041479926464e-06
38456.04674 1.56956546338537e-06
38469.55906 1.11312916432021e-06
38483.07137 1.82851201987333e-06
38496.58369 3.05184227246671e-06
38510.096 2.37217040067008e-06
38523.60832 1.41762101595143e-06
38537.12063 1.19362597084901e-06
38550.63295 4.01377135984519e-07
38564.14526 1.93214068280138e-06
38577.65757 2.1389878927369e-06
38591.16989 1.65880651937225e-06
38604.6822 8.99472713652718e-07
38618.19452 6.86894861106684e-07
38631.70683 9.83039924628459e-08
38645.21915 6.52058889748179e-09
38658.73146 5.58201702183592e-07
38672.24377 4.09843147670275e-06
38685.75609 3.9470706864111e-06
38699.2684 3.26978130222824e-06
38712.78072 3.23655855799832e-06
38726.29303 2.88594735527837e-06
38739.80535 2.32910733892408e-06
38753.31766 9.60127425494865e-07
38766.82998 1.35823111919546e-07
38780.34229 1.11974607450563e-06
38793.8546 2.58318409806429e-06
38807.36692 3.20330957889834e-06
38820.87923 3.61492032584381e-06
38834.39155 3.5044702352876e-06
38847.90386 2.47574656727596e-06
38861.41618 2.37268171372456e-06
38874.92849 2.27757002572241e-06
38888.44081 2.74624113108208e-06
38901.95312 2.90737345200251e-06
38915.46543 2.62621932016222e-06
38928.97775 1.56303637465638e-06
38942.49006 4.80054414750495e-07
38956.00238 2.8764616644836e-06
38969.51469 4.54945930086331e-06
38983.02701 5.45650046591679e-06
38996.53932 6.76106958878895e-06
39010.05163 7.46285107659757e-06
39023.56395 7.03349682369396e-06
39037.07626 5.22098821321417e-06
39050.58858 2.92822721606742e-06
39064.10089 4.1403199889305e-06
39077.61321 4.56975795960365e-06
39091.12552 4.05053514070937e-06
39104.63784 3.87653140358233e-06
39118.15015 5.19036934796531e-06
39131.66246 4.84175082890864e-06
39145.17478 4.09205133339489e-06
39158.68709 5.02604841492813e-06
39172.19941 5.40790889425039e-06
39185.71172 4.45135395111309e-06
39199.22404 4.97781666438298e-06
39212.73635 5.8542638122328e-06
39226.24866 5.59039202149359e-06
39239.76098 5.63827505317303e-06
39253.27329 6.87620449169059e-06
39266.78561 5.25949420303092e-06
39280.29792 3.36277635594382e-06
39293.81024 2.79674452791051e-06
39307.32255 5.50872312710205e-06
39320.83487 6.01401160189243e-06
39334.34718 5.24181685752034e-06
39347.85949 4.40922833939109e-06
39361.37181 4.30676709941426e-06
39374.88412 4.03835941547053e-06
39388.39644 2.75561687162653e-06
39401.90875 2.65905982515366e-06
39415.42107 5.627524206007e-06
39428.93338 9.2581477632332e-06
39442.44569 1.15018251861147e-05
39455.95801 1.23230265570345e-05
39469.47032 1.09766842207024e-05
39482.98264 9.82484015048779e-06
39496.49495 1.03446194880952e-05
39510.00727 9.43164884885434e-06
39523.51958 6.44434854664087e-06
39537.0319 5.16547411681281e-06
39550.54421 4.21800477323905e-06
39564.05652 3.56552134601825e-06
39577.56884 1.65930891875815e-06
39591.08115 1.19632512817787e-06
39604.59347 1.71593022884561e-06
39618.10578 3.15176002146348e-06
39631.6181 4.98831746051926e-06
39645.13041 7.18727870893816e-06
39658.64273 9.76003166122355e-06
39672.15504 6.61474032885848e-06
39685.66735 2.94317592562736e-06
39699.17967 1.25069666654629e-06
39712.69198 1.5882522827396e-06
39726.2043 3.14719378792196e-06
39739.71661 2.84594347983949e-06
39753.22893 2.00517872353017e-06
39766.74124 1.94015168304256e-06
39780.25355 2.85525408242781e-06
39793.76587 4.36251611584155e-06
39807.27818 5.44895026662955e-06
39820.7905 4.89385738809922e-06
39834.30281 2.56769559720961e-06
39847.81513 2.94037486622284e-06
39861.32744 3.89197006771975e-06
39874.83976 2.69931963367869e-06
39888.35207 2.1467088208463e-06
39901.86438 1.23720367905237e-06
39915.3767 1.2046046103997e-06
39928.88901 6.45999081798171e-07
39942.40133 1.4959271416634e-06
39955.91364 3.20639629845396e-06
39969.42596 3.43827874761787e-06
39982.93827 5.21670295462828e-06
39996.45058 6.05001552520846e-06
40009.9629 5.84638259521712e-06
40023.47521 3.93697696469903e-06
40036.98753 4.35700592637203e-06
40050.49984 5.08104930368391e-06
40064.01216 5.10973249382787e-06
40077.52447 4.62620475314138e-06
40091.03679 3.96123555998444e-06
40104.5491 5.43247711416643e-06
40118.06141 7.89407450956844e-06
40131.57373 8.26717683624716e-06
40145.08604 5.8353442953563e-06
40158.59836 5.58758996537659e-06
40172.11067 5.87706093959205e-06
40185.62299 3.80991118727203e-06
40199.1353 3.96682626362533e-06
40212.64761 4.71071075177803e-06
40226.15993 7.55036070409095e-06
40239.67224 8.49508993275256e-06
40253.18456 7.43626157662719e-06
40266.69687 5.35516658946231e-06
40280.20919 3.67577611804172e-06
40293.7215 4.26981076651074e-06
40307.23382 6.06800264712915e-06
40320.74613 8.29202960822522e-06
40334.25844 7.34534854254116e-06
40347.77076 7.51086172034828e-06
40361.28307 8.27049397619904e-06
40374.79539 8.32864139650242e-06
40388.3077 7.94458992681683e-06
40401.82002 9.06981180039239e-06
40415.33233 8.56966168140229e-06
40428.84465 7.82573853950476e-06
40442.35696 8.20944460855734e-06
40455.86927 7.94143998253042e-06
40469.38159 6.40315764474748e-06
40482.8939 5.77040691782916e-06
40496.40622 6.65581951008311e-06
40509.91853 7.38071420947849e-06
40523.43085 8.20943028125716e-06
40536.94316 9.49289379878462e-06
40550.45547 7.9115850015776e-06
40563.96779 6.56491229786091e-06
40577.4801 7.61654249694958e-06
40590.99242 8.65905255794752e-06
40604.50473 7.80941257182867e-06
40618.01705 6.16428360330587e-06
40631.52936 6.1103414749406e-06
40645.04168 6.20041524833141e-06
40658.55399 6.21088754567078e-06
40672.0663 6.37173514556372e-06
40685.57862 5.53840044855653e-06
40699.09093 4.059031746692e-06
40712.60325 4.42594651454043e-06
40726.11556 5.48611074847702e-06
40739.62788 7.27786040733803e-06
40753.14019 8.05222625111207e-06
40766.6525 6.77716366203368e-06
40780.16482 8.65490927782656e-06
40793.67713 8.96313058094754e-06
40807.18945 1.12829315851831e-05
40820.70176 1.12273188993683e-05
40834.21408 1.15374858984694e-05
40847.72639 1.22948344873922e-05
40861.23871 1.4053734641245e-05
40874.75102 1.33648580300047e-05
40888.26333 1.2982798029008e-05
40901.77565 1.38856676108099e-05
40915.28796 1.19523035974515e-05
40928.80028 1.06899678712353e-05
40942.31259 1.1286300607528e-05
40955.82491 1.160215806404e-05
40969.33722 9.61617797871819e-06
40982.84953 7.74222614301181e-06
40996.36185 6.478258391366e-06
41009.87416 3.6099084401173e-06
41023.38648 3.38693072903886e-06
41036.89879 4.06300533464835e-06
41050.41111 4.89946281409566e-06
41063.92342 4.92704917683499e-06
41077.43574 5.57935134637014e-06
41090.94805 6.66375681640368e-06
41104.46036 9.25551472166325e-06
41117.97268 9.56919506830738e-06
41131.48499 8.86136513637498e-06
41144.99731 5.87423153003064e-06
41158.50962 3.39083832256019e-06
41172.02194 3.20255888685644e-06
41185.53425 3.52852048778214e-06
41199.04657 4.88319821980334e-06
41212.55888 7.43219876358003e-06
41226.07119 9.16906625696155e-06
41239.58351 7.26924765376008e-06
41253.09582 4.66272676927133e-06
41266.60814 5.06626439401582e-06
41280.12045 7.6627912507101e-06
41293.63277 7.19271982113904e-06
41307.14508 7.14998609445035e-06
41320.65739 7.55146747646229e-06
41334.16971 7.02786879855935e-06
41347.68202 5.90562796172386e-06
41361.19434 6.54846858764776e-06
41374.70665 6.35366382732927e-06
41388.21897 2.82464569161181e-06
41401.73128 2.96554988800745e-06
41415.2436 5.40196678966243e-06
41428.75591 7.96442180726894e-06
41442.26822 8.50007023679569e-06
41455.78054 9.17944020033853e-06
41469.29285 7.50207380080978e-06
41482.80517 6.07411068954611e-06
41496.31748 5.36421848322359e-06
41509.8298 5.71592677844532e-06
41523.34211 5.47644151658152e-06
41536.85442 3.9555669368116e-06
41550.36674 4.0012906232467e-06
41563.87905 3.94472905640231e-06
41577.39137 2.97877985364157e-06
41590.90368 4.84020485965001e-07
41604.416 8.084898350772e-07
41617.92831 3.07195224888067e-06
41631.44063 6.02329915885232e-06
41644.95294 7.4463048398833e-06
41658.46525 1.0765642210642e-05
41671.97757 1.29204792215768e-05
41685.48988 1.38138947419978e-05
41699.0022 1.22219316707561e-05
41712.51451 1.0599620834021e-05
41726.02683 1.02144977980353e-05
41739.53914 1.18552018385327e-05
41753.05146 1.31493446937784e-05
41766.56377 1.22233250517118e-05
41780.07608 1.05254793461465e-05
41793.5884 9.12127793072167e-06
41807.10071 7.35760867070972e-06
41820.61303 4.30121264143617e-06
41834.12534 2.0994431811564e-06
41847.63766 2.42690189614887e-06
41861.14997 4.08063023858219e-06
41874.66228 3.94811879001904e-06
41888.1746 4.62120374487779e-06
41901.68691 5.81156659759891e-06
41915.19923 7.40000233446071e-06
41928.71154 8.53364226018606e-06
41942.22386 8.18104893970064e-06
41955.73617 7.52888367238284e-06
41969.24849 6.80547187347144e-06
41982.7608 7.79243134787422e-06
41996.27311 1.01947439008839e-05
42009.78543 1.02154328487931e-05
42023.29774 8.75543324686522e-06
42036.81006 7.58849567265268e-06
42050.32237 8.17387185214313e-06
42063.83469 8.71982842016495e-06
42077.347 9.34004635739255e-06
42090.85931 1.04002923953491e-05
42104.37163 1.06962233478465e-05
42117.88394 9.60253695531261e-06
42131.39626 8.48562770457667e-06
42144.90857 8.2966129946522e-06
42158.42089 8.82371021864924e-06
42171.9332 8.95149812101293e-06
42185.44552 9.66682784084412e-06
42198.95783 1.07255282106501e-05
42212.47014 1.16980217627792e-05
42225.98246 1.33800700591557e-05
42239.49477 1.67394666946229e-05
42253.00709 1.81587723469107e-05
42266.5194 1.55624664557155e-05
42280.03172 1.58516331325067e-05
42293.54403 1.68062483650484e-05
42307.05634 1.54640309032515e-05
42320.56866 1.23921021381362e-05
42334.08097 1.38752008077812e-05
42347.59329 1.49165285822862e-05
42361.1056 1.40296248563303e-05
42374.61792 1.27643896675988e-05
42388.13023 1.38882863019205e-05
42401.64255 1.31550806301604e-05
42415.15486 1.40430144438131e-05
42428.66717 1.4529660330046e-05
42442.17949 1.85377653833735e-05
42455.6918 1.93462403941722e-05
42469.20412 1.7865700022941e-05
42482.71643 1.60632109898234e-05
42496.22875 1.59492381784758e-05
42509.74106 1.35102994639471e-05
42523.25338 1.41177890786786e-05
42536.76569 1.63986156337655e-05
42550.278 1.68458131636006e-05
42563.79032 1.43149617704357e-05
42577.30263 1.43363053719768e-05
42590.81495 1.56999188932006e-05
42604.32726 1.78658719058396e-05
42617.83958 1.87655824341931e-05
42631.35189 2.04021153958937e-05
42644.8642 2.14146397347553e-05
42658.37652 1.93875681366395e-05
42671.88883 1.45468337017311e-05
42685.40115 1.21752616456527e-05
42698.91346 1.38238932499274e-05
42712.42578 1.5060452181631e-05
42725.93809 1.4453514562053e-05
42739.45041 1.353047364394e-05
42752.96272 1.23713560164732e-05
42766.47503 1.13286987253426e-05
42779.98735 1.06364849782433e-05
42793.49966 1.14329296846712e-05
42807.01198 1.2646939111982e-05
42820.52429 1.38894754062627e-05
42834.03661 1.49960369148224e-05
42847.54892 1.59977678500272e-05
42861.06123 1.34730624775869e-05
42874.57355 1.28599066930915e-05
42888.08586 1.3842270156942e-05
42901.59818 1.84268087532125e-05
42915.11049 1.77204121691475e-05
42928.62281 1.55564573334677e-05
42942.13512 1.42410878165625e-05
42955.64744 1.42114861462147e-05
42969.15975 1.34838829509057e-05
42982.67206 1.38499552550177e-05
42996.18438 1.70665434096092e-05
43009.69669 1.8830196219048e-05
43023.20901 1.62974926102866e-05
43036.72132 1.55188790690825e-05
43050.23364 1.54893600140575e-05
43063.74595 1.67657935069989e-05
43077.25826 1.47466599375277e-05
43090.77058 1.12561866636925e-05
43104.28289 1.11708388154517e-05
43117.79521 1.22593957017572e-05
43131.30752 1.28546888918722e-05
43144.81984 1.347016313479e-05
43158.33215 1.47633026909486e-05
43171.84447 1.64764951395806e-05
43185.35678 1.57271060009013e-05
43198.86909 1.44158499345568e-05
43212.38141 1.44372339834578e-05
43225.89372 1.47177769391859e-05
43239.40604 1.52920543206769e-05
43252.91835 1.76637223405422e-05
43266.43067 2.05085814303283e-05
43279.94298 2.26102534263036e-05
43293.4553 2.10022127213812e-05
43306.96761 2.11689661229036e-05
43320.47992 1.98376454993416e-05
43333.99224 2.24830101464353e-05
43347.50455 2.30832031978307e-05
43361.01687 2.2836911821914e-05
43374.52918 2.16694320682469e-05
43388.0415 2.01517624949967e-05
43401.55381 2.01348359703352e-05
43415.06612 2.19421046109813e-05
43428.57844 2.09312189445047e-05
43442.09075 1.85906635182686e-05
43455.60307 1.74819438432811e-05
43469.11538 1.9408984263248e-05
43482.6277 1.91320169440954e-05
43496.14001 1.66237044539767e-05
43509.65233 1.41445677841515e-05
43523.16464 1.49676519312993e-05
43536.67695 1.67985121280268e-05
43550.18927 1.61709291999259e-05
43563.70158 1.64820515879164e-05
43577.2139 1.67018251828253e-05
43590.72621 1.53056415254903e-05
43604.23853 1.25052385693486e-05
43617.75084 9.82230410108254e-06
43631.26315 1.02314667837711e-05
43644.77547 1.08403757464683e-05
43658.28778 1.15833842856479e-05
43671.8001 1.23072843054959e-05
43685.31241 1.28269019235592e-05
43698.82473 1.20243956339585e-05
43712.33704 9.35944915051312e-06
43725.84936 8.6340835373555e-06
43739.36167 9.27392385963282e-06
43752.87398 8.1852643904286e-06
43766.3863 6.88271901230395e-06
43779.89861 7.32710230143757e-06
43793.41093 7.89234272508596e-06
43806.92324 7.61908034679861e-06
43820.43556 6.57439833550611e-06
43833.94787 7.14005770601034e-06
43847.46018 9.09402170998562e-06
43860.9725 7.24748043986547e-06
43874.48481 3.93839320910403e-06
43887.99713 4.92307626483277e-06
43901.50944 6.50145466668788e-06
43915.02176 5.27456927929653e-06
43928.53407 3.43478277233726e-06
43942.04639 3.0010465377115e-06
43955.5587 5.26535064957344e-06
43969.07101 4.61631982860012e-06
43982.58333 5.42970001312573e-06
43996.09564 6.31017469851797e-06
44009.60796 7.20133515161064e-06
44023.12027 5.97725036697929e-06
44036.63259 5.27742622729878e-06
44050.1449 6.52974510541558e-06
44063.65722 8.18088598063803e-06
44077.16953 8.60696760439143e-06
44090.68184 9.07330670947e-06
44104.19416 9.95797724519281e-06
44117.70647 9.94115015541751e-06
44131.21879 6.94304329483816e-06
44144.7311 4.92615512451596e-06
44158.24342 4.67647047329084e-06
44171.75573 6.45038646910709e-06
44185.26804 8.9333736452785e-06
44198.78036 1.02967029915786e-05
44212.29267 1.31819214921466e-05
44225.80499 1.89746872777866e-05
44239.3173 2.2044325422335e-05
44252.82962 2.05241303043892e-05
44266.34193 2.09753994997288e-05
44279.85425 2.23826834738933e-05
44293.36656 2.300550564148e-05
44306.87887 1.76366793748452e-05
44320.39119 1.65912374496769e-05
44333.9035 1.74350346792704e-05
44347.41582 1.90165911737636e-05
44360.92813 1.93621922530259e-05
44374.44045 2.126692400773e-05
44387.95276 2.70722626680171e-05
44401.46507 3.09821287685366e-05
44414.97739 3.32673430789357e-05
44428.4897 3.44600163025456e-05
44442.00202 3.72605749305134e-05
44455.51433 3.69690827623404e-05
44469.02665 3.57397836526013e-05
44482.53896 3.47569042521369e-05
44496.05128 3.72887468407688e-05
44509.56359 3.79535764626731e-05
44523.0759 3.81552029089105e-05
44536.58822 4.01939124617007e-05
44550.10053 4.39913189566882e-05
44563.61285 4.60731294436194e-05
44577.12516 4.25652593624402e-05
44590.63748 4.23776920928879e-05
44604.14979 4.57692556352296e-05
44617.66211 5.22806365130221e-05
44631.17442 5.3432209243853e-05
44644.68673 5.52807728868536e-05
44658.19905 5.84488415485928e-05
44671.71136 5.9726117318781e-05
44685.22368 5.80916735697748e-05
44698.73599 5.73310121603277e-05
44712.24831 6.21019906863169e-05
44725.76062 6.56314105209228e-05
44739.27293 6.59576241795498e-05
44752.78525 6.3903182784964e-05
44766.29756 6.90479902245564e-05
44779.80988 7.29932206923081e-05
44793.32219 7.66752387333665e-05
44806.83451 7.44078893764665e-05
44820.34682 7.58259309082798e-05
44833.85914 7.75098339782156e-05
44847.37145 8.16485686369925e-05
44860.88376 8.3411592952409e-05
44874.39608 8.95189262509419e-05
44887.90839 0.000103209950797538
44901.42071 0.000108245834191363
44914.93302 0.000111697946293606
44928.44534 0.000113345018872159
44941.95765 0.000117792036798238
44955.46996 0.000118585684948201
44968.98228 0.000118235577187654
44982.49459 0.000119573686068406
44996.00691 0.000127984651267938
45009.51922 0.000135585682771085
45023.03154 0.000136602333403934
45036.54385 0.000140816819901326
45050.05617 0.000147789295905834
45063.56848 0.000156992820905304
45077.08079 0.000159127128868214
45090.59311 0.000164738994913203
45104.10542 0.000174889207273047
45117.61774 0.000186217414966314
45131.13005 0.000193053015566092
45144.64237 0.000199964114664701
45158.15468 0.000215071322229749
45171.66699 0.000228130351272317
45185.17931 0.000237456122610533
45198.69162 0.000241591905746743
45212.20394 0.000256137545493301
45225.71625 0.000273840623584097
45239.22857 0.000289595516239814
45252.74088 0.000301911385556382
45266.2532 0.000319681681497574
45279.76551 0.000345349886143845
45293.27782 0.000364302481958363
45306.79014 0.000383931689104119
45320.30245 0.000405662726478088
45333.81477 0.000440335420691022
45347.32708 0.000470473224130333
45360.8394 0.000496685432176156
45374.35171 0.000523139840077741
45387.86403 0.000559657719720449
45401.37634 0.000601727284695135
45414.88865 0.000638258118273612
45428.40097 0.000678743016800172
45441.91328 0.000725014509188494
45455.4256 0.000780971462745526
45468.93791 0.000831431774124214
45482.45023 0.000883381330102351
45495.96254 0.000942022542662472
45509.47485 0.00100739366782664
45522.98717 0.00107345935348933
45536.49948 0.00113477362145205
45550.0118 0.00120832028354069
45563.52411 0.00128897196487968
45577.03643 0.00137575202945158
45590.54874 0.00145551011888996
45604.06106 0.00154388196505419
45617.57337 0.00164718100607676
45631.08568 0.00175521680140438
45644.598 0.00186423252767717
45658.11031 0.00197292616455358
45671.62263 0.00210288022340606
45685.13494 0.00223887807247216
45698.64726 0.00237959951092305
45712.15957 0.00251783679390183
45725.67188 0.0026757528710215
45739.1842 0.00285228335608951
45752.69651 0.00303271850438541
45766.20883 0.00321887938745364
45779.72114 0.00341092475443013
45793.23346 0.00363420868464895
45806.74577 0.00386795175639187
45820.25809 0.00411228811018542
45833.7704 0.0043683962669435
45847.28271 0.00465099209215972
45860.79503 0.00496209864003011
45874.30734 0.0052802302724983
45887.81966 0.00561860634865849
45901.33197 0.00597886476872244
45914.84429 0.00638184384915062
45928.3566 0.00680342608105028
45941.86891 0.00724389234068524
45955.38123 0.0077204888286905
45968.89354 0.00823956683107713
45982.40586 0.00880557361653867
45995.91817 0.00939197061095098
46009.43049 0.0100218112125788
46022.9428 0.0106995978805217
46036.45512 0.0114418001974653
46049.96743 0.0122278200791849
46063.47974 0.0130569826367421
46076.99206 0.013960892585441
46090.50437 0.0149359912459322
46104.01669 0.0159904674884588
46117.529 0.0171027637722054
46131.04132 0.0182989930590243
46144.55363 0.0195937095102349
46158.06595 0.0209916191043672
46171.57826 0.022484386130538
46185.09057 0.0240704855245706
46198.60289 0.0257950159209304
46212.1152 0.0276475589762281
46225.62752 0.0296393753507469
46239.13983 0.0317596932443909
46252.65215 0.0340341461449599
46266.16446 0.0364956017158275
46279.67677 0.0391315316129235
46293.18909 0.0419508203053692
46306.7014 0.0449523519197047
46320.21372 0.048188003446975
46333.72603 0.051662755927001
46347.23835 0.0553658122429153
46360.75066 0.0593084001846855
46374.26298 0.0635134917794341
46387.77529 0.0680264615345483
46401.2876 0.0728277908511662
46414.79992 0.077938273443722
46428.31223 0.0833274188123442
46441.82455 0.0890684328504147
46455.33686 0.095180312328971
46468.84918 0.101591531544725
46482.36149 0.108370046698196
46495.8738 0.115507443201777
46509.38612 0.123002696502206
46522.89843 0.131033762642281
46536.41075 0.139252514826961
46549.92306 0.147779345400695
46563.43538 0.156702941301818
46576.94769 0.165930797004915
46590.46001 0.175427927252504
46603.97232 0.185276464138972
46617.48463 0.195249638665602
46630.99695 0.205494632058488
46644.50926 0.216057492022797
46658.02158 0.226490680450181
46671.53389 0.237132011985518
46685.04621 0.247879616716262
46698.55852 0.258419351127942
46712.07083 0.269032066286473
46725.58315 0.279450971766075
46739.09546 0.289518051542184
46752.60778 0.299522390804373
46766.12009 0.309060878625974
46779.63241 0.318166129264359
46793.14472 0.327048000949534
46806.65704 0.33513390978549
46820.16935 0.342839785468494
46833.68166 0.350200210857646
46847.19398 0.356612346678404
46860.70629 0.36269125400592
46874.21861 0.368236093115968
46887.73092 0.37306307447157
46901.24324 0.377551557096668
46914.75555 0.381410832566685
46928.26787 0.384744815110167
46941.78018 0.387771489984262
46955.29249 0.39020507215475
46968.80481 0.392312109802742
46982.31712 0.394592665896314
46995.82944 0.395922960003093
47009.34175 0.397078456020281
47022.85407 0.397984314176531
47036.36638 0.398593476490393
47049.87869 0.399071753995629
47063.39101 0.399341649542085
47076.90332 0.399488674799324
47090.41564 0.399559951248416
47103.92795 0.399500059301492
47117.44027 0.399422841299283
47130.95258 0.399290297435598
47144.4649 0.399105427887585
47157.97721 0.398897909551072
47171.48952 0.398652496119628
47185.00184 0.398387253195487
47198.51415 0.398114837259046
47212.02647 0.397794716955831
47225.53878 0.397457653777874
47239.0511 0.397112488796835
47252.56341 0.396762390757754
47266.07572 0.396419542672592
47279.58804 0.396087825685656
47293.10035 0.395754865870345
47306.61267 0.395425716160934
47320.12498 0.395113242295501
47333.6373 0.394821213908607
47347.14961 0.394852177806646
47360.66193 0.394694766250287
47374.17424 0.394418721156708
47387.68655 0.394149084153587
47401.19887 0.39389370130124
47414.71118 0.393642653301279
47428.2235 0.393375394915153
47441.73581 0.393104348990884
47455.24813 0.392830980949188
47468.76044 0.392548766884069
47482.27276 0.392255309887238
47495.78507 0.391939628282551
47509.29738 0.391622057731173
47522.8097 0.391304594640729
47536.32201 0.390986580288322
47549.83433 0.390655717901466
47563.34664 0.390313774427932
47576.85896 0.389981762161056
47590.37127 0.389653928851369
47603.88358 0.389332314172963
47617.3959 0.38900138085273
47630.90821 0.388650774773884
47644.42053 0.38831035351378
47657.93284 0.387976807316162
47671.44516 0.387651350271936
47684.95747 0.387307779113732
47698.46979 0.386963699502209
47711.9821 0.386629768855357
47725.49441 0.386297343233396
47739.00673 0.385965514692013
47752.51904 0.38563242116269
47766.03136 0.385310844691283
47779.54367 0.385014269149788
47793.05599 0.384725801792494
47806.5683 0.384438746921684
47820.08061 0.384160503880458
47833.59293 0.3839020583358
47847.10524 0.383668934470012
47860.61756 0.383441000042919
47874.12987 0.383216714822017
47887.64219 0.38300292657159
47901.1545 0.382807219963491
47914.66682 0.38263050738716
47928.17913 0.382441429038701
47941.69144 0.382250787327715
47955.20376 0.382059763575953
47968.71607 0.381881008196845
47982.22839 0.381710855003391
47995.7407 0.38152228160509
48009.25302 0.381339095621994
48022.76533 0.381164061362492
48036.27764 0.381004194593615
48049.78996 0.38085102933156
48063.30227 0.380674680472462
48076.81459 0.380500926597704
48090.3269 0.380746708680675
48103.83922 0.380576402735032
48117.35153 0.380398133428791
48130.86385 0.380183817637564
48144.37616 0.379970961552317
48157.88847 0.379760359613299
48171.40079 0.379542001129113
48184.9131 0.379315349587653
48198.42542 0.37904283893437
48211.93773 0.37877630759285
48225.45005 0.378508994022944
48238.96236 0.378229207487524
48252.47468 0.37794046296024
48265.98699 0.377617487397306
48279.4993 0.377303784900536
48293.01162 0.377000645930989
48306.52393 0.376692603559321
48320.03625 0.376377710820777
48333.54856 0.376039948791232
48347.06088 0.375709622107748
48360.57319 0.375387674567688
48374.0855 0.37505802131854
48387.59782 0.374722361160882
48401.11013 0.374363567053832
48414.62245 0.374011724572829
48428.13476 0.373669565283012
48441.64708 0.373302789513693
48455.15939 0.372925664915435
48468.67171 0.372525268431548
48482.18402 0.372130645385045
48495.69633 0.371743844789311
48509.20865 0.371337568476748
48522.72096 0.370924195946603
48536.23328 0.370499513545186
48549.74559 0.370079927497488
48563.25791 0.369669572732519
48576.77022 0.369230444803057
48590.28253 0.36877878153978
48603.79485 0.36831469569488
48617.30716 0.367845269780838
48630.81948 0.367369675024283
48644.33179 0.366846164062215
48657.84411 0.366298053941055
48671.35642 0.365729188232672
48684.86874 0.365155950465776
48698.38105 0.36457364006472
48711.89336 0.36395073087999
48725.40568 0.363301207447897
48738.91799 0.362649010562982
48752.43031 0.361994869397549
48765.94262 0.361571643113715
48779.45494 0.361052925072036
48792.96725 0.3602084209983
48806.47956 0.359380654814303
48819.99188 0.358561547890509
48833.50419 0.357750821733917
48847.01651 0.35693525017886
48860.52882 0.356113040210079
48874.04114 0.355326827252326
48887.55345 0.354556535292778
48901.06577 0.353799986782494
48914.57808 0.35304315303495
48928.09039 0.352290428071048
48941.60271 0.351580573807185
48955.11502 0.350902284014625
48968.62734 0.350248142429834
48982.13965 0.349602045039883
48995.65197 0.348983263864682
49009.16428 0.348401141347001
49022.6766 0.347865832418876
49036.18891 0.347336727917829
49049.70122 0.346808601570748
49063.21354 0.346286037137498
49076.72585 0.345769752497296
49090.23817 0.345270701461521
49103.75048 0.344724087221508
49117.2628 0.344142024204772
49130.77511 0.343470737591984
49144.28742 0.342765226821121
49157.79974 0.341942124229716
49171.31205 0.341005625034242
49184.82437 0.339904162412758
49198.33668 0.338609388946881
49211.849 0.337224567872223
49225.36131 0.33552904645036
49238.87363 0.333722308338059
49252.38594 0.331555399662468
49265.89825 0.329182372186887
49279.41057 0.326604010933544
49292.92288 0.323690233540459
49306.4352 0.320697459905474
49319.94751 0.317185460831135
49333.45983 0.313607209486207
49346.97214 0.30975825378261
49360.48445 0.305740902734523
49373.99677 0.301627120673902
49387.50908 0.297214142461283
49401.0214 0.292835007567863
49414.53371 0.288396678089396
49428.04603 0.284053411934273
49441.55834 0.279495435111121
49455.07066 0.274937420788186
49468.58297 0.270452142998231
49482.09528 0.266021074988934
49495.6076 0.261766297991694
49509.11991 0.257573045116897
49522.63223 0.253536258350478
49536.14454 0.249596511510272
49549.65686 0.245830862790131
49563.16917 0.24224151766261
49576.68148 0.238776071977802
49590.1938 0.235470013431095
49603.70611 0.232246577050222
49617.21843 0.229181354170289
49630.73074 0.226258327101964
49644.24306 0.223431352804346
49657.75537 0.22070122970067
49671.26769 0.218005412987793
49684.78 0.21540135607745
49698.29231 0.212846881096539
49711.80463 0.210351124538353
49725.31694 0.207839346737072
49738.82926 0.205325205387754
49752.34157 0.202812322303502
49765.85389 0.200274097222284
49779.3662 0.197776734897323
49792.87852 0.195104548689715
49806.39083 0.192442471301689
49819.90314 0.189643236329534
49833.41546 0.186804055340798
49846.92777 0.183898550350105
49860.44009 0.18082189681376
49873.9524 0.17770403844019
49887.46472 0.174344962377519
49900.97703 0.170992378928446
49914.48934 0.167426284859129
49928.00166 0.16380128190686
49941.51397 0.15999137952455
49955.02629 0.15605904104981
49968.5386 0.152068618614147
49982.05092 0.147897151304011
49995.56323 0.143772987878818
50009.07555 0.139351009676211
50022.58786 0.13500240068724
50036.10017 0.13051388980526
50049.61249 0.126038718815079
50063.1248 0.121538242468694
50076.63712 0.116964416447432
50090.14943 0.112563213056149
50103.66175 0.107970436959347
50117.17406 0.103516519799633
50130.68637 0.0990157737852372
50144.19869 0.0946428062019661
50157.711 0.0902710837055186
50171.22332 0.086018613048436
50184.73563 0.0818767352262505
50198.24795 0.0778333089253739
50211.76026 0.073945336185503
50225.27258 0.0701087524001186
50238.78489 0.0664489297941869
50252.2972 0.0629003523753312
50265.80952 0.059521743204515
50279.32183 0.056268847076118
50292.83415 0.0531508590465796
50306.34646 0.0501595569110575
50319.85878 0.0473217594246434
50333.37109 0.0446383716596736
50346.88341 0.042082066234177
50360.39572 0.0396670526814523
50373.90803 0.0373439549106147
50387.42035 0.0351591231794087
50400.93266 0.0331046850156634
50414.44498 0.0311671024181689
50427.95729 0.0293381777142811
50441.46961 0.0276045577015289
50454.98192 0.0259665578007466
50468.49423 0.0244427431120036
50482.00655 0.023013081387998
50495.51886 0.0216617262972981
50509.03118 0.0203880183161328
50522.54349 0.0191786104888511
50536.05581 0.0180506048412125
50549.56812 0.0170062574466167
50563.08044 0.016021514079511
50576.59275 0.0150930896577918
50590.10506 0.0142142277741313
50603.61738 0.0133850595349354
50617.12969 0.0126264454176487
50630.64201 0.0119146062463884
50644.15432 0.0112427749432047
50657.66664 0.0106084170440225
50671.17895 0.0100075976157815
50684.69126 0.00944902393740244
50698.20358 0.00893490289809161
50711.71589 0.0084447689520264
50725.22821 0.00797823359274287
50738.74052 0.00753830025066502
50752.25284 0.00712315644190741
50765.76515 0.00674795740008591
50779.27747 0.00640168271189524
50792.78978 0.00605771600997091
50806.30209 0.00573236684366293
50819.81441 0.005426540132224
50833.32672 0.00514278562380722
50846.83904 0.00488467839762618
50860.35135 0.00463418917513505
50873.86367 0.00439113706971903
50887.37598 0.00416400694464525
50900.88829 0.00395035299463951
50914.40061 0.00375777878953774
50927.91292 0.00357732088958844
50941.42524 0.00339398337512408
50954.93755 0.00322008793325332
50968.44987 0.00306026822190603
50981.96218 0.00291070141863128
50995.4745 0.00277536225036597
