"wave" "response"
20004.66386 1.11027747595055e-10
20026.10509 8.75189874272077e-11
20047.54632 6.8878141479262e-11
20068.98754 5.39912192303658e-11
20090.42877 4.29200651985438e-11
20111.86999 3.39527466512325e-11
20133.31122 2.69887314794023e-11
20154.75245 2.17085301009037e-11
20176.19367 1.72441502174205e-11
20197.6349 1.38040499030109e-11
20219.07612 1.14547919349557e-11
20240.51735 9.42224151326181e-12
20261.95858 7.87299375904299e-12
20283.3998 6.79792778460216e-12
20304.84103 6.02819949138318e-12
20326.28225 5.38709859187192e-12
20347.72348 4.80337628218062e-12
20369.16471 4.35855752051488e-12
20390.60593 3.84737082198857e-12
20412.04716 3.55865773609696e-12
20433.48838 3.29497907297887e-12
20454.92961 2.96649189595625e-12
20476.37084 2.71052014075638e-12
20497.81206 2.62225651456246e-12
20519.25329 2.66418563356491e-12
20540.69451 2.81964167433114e-12
20562.13574 3.12236477039595e-12
20583.57697 3.61223711694194e-12
20605.01819 4.07436970609194e-12
20626.45942 4.3524098357525e-12
20647.90064 4.57171379940975e-12
20669.34187 4.70416160134706e-12
20690.7831 4.61747668836135e-12
20712.22432 4.57289108691873e-12
20733.66555 5.12775866702295e-12
20755.10677 5.85922674200319e-12
20776.548 7.06242894893082e-12
20797.98923 8.91407229791311e-12
20819.43045 1.11057923369818e-11
20840.87168 1.3459406387289e-11
20862.3129 1.547835643452e-11
20883.75413 1.86016969687245e-11
20905.19536 2.20419094432635e-11
20926.63658 2.53054603503687e-11
20948.07781 3.04686985064833e-11
20969.51903 3.6993045457687e-11
20990.96026 4.40858686375268e-11
21012.40149 5.28868883833942e-11
21033.84271 6.76491695621559e-11
21055.28394 8.83570453071032e-11
21076.72516 1.09872282617729e-10
21098.16639 1.3776596155929e-10
21119.60762 1.71522389861111e-10
21141.04884 1.96124980740066e-10
21162.49007 2.03108263605428e-10
21183.93129 1.95594352666744e-10
21205.37252 1.82075219096401e-10
21226.81375 1.64803443959479e-10
21248.25497 1.4816451854556e-10
21269.6962 1.34685811069469e-10
21291.13742 1.23889222044795e-10
21312.57865 1.13922171103835e-10
21334.01988 1.0970293190234e-10
21355.4611 1.12134177518253e-10
21376.90233 1.11971468904338e-10
21398.34355 1.0725682439097e-10
21419.78478 1.01433272475432e-10
21441.22601 9.69319296353444e-11
21462.66723 8.8985092595561e-11
21484.10846 8.16939348309732e-11
21505.54968 8.12997847929702e-11
21526.99091 8.68515484686723e-11
21548.43214 9.44307673469081e-11
21569.87336 1.02420836001729e-10
21591.31459 1.14636685698151e-10
21612.75581 1.29860488704735e-10
21634.19704 1.34381071752066e-10
21655.63827 1.26401632459798e-10
21677.07949 1.11055869262538e-10
21698.52072 9.80793768534644e-11
21719.96194 9.15624044167226e-11
21741.40317 8.83506942349098e-11
21762.8444 9.17425601313581e-11
21784.28562 9.79030864637033e-11
21805.72685 1.04624571537925e-10
21827.16807 1.14783597666557e-10
21848.6093 1.33578791237139e-10
21870.05053 1.52299482403944e-10
21891.49175 1.61590710965162e-10
21912.93298 1.69992341793089e-10
21934.3742 1.90001968870396e-10
21955.81543 2.12381886250502e-10
21977.25666 2.24328092083829e-10
21998.69788 2.32493609035957e-10
22020.13911 2.75024062726805e-10
22041.58033 3.56496429323817e-10
22063.02156 4.59398861845793e-10
22084.46279 5.87311306504121e-10
22105.90401 7.4704059728788e-10
22127.34524 9.47866922879678e-10
22148.78646 1.15303846977753e-09
22170.22769 1.40318413546626e-09
22191.66892 1.75060205745181e-09
22213.11014 2.30162384872812e-09
22234.55137 2.94145565061816e-09
22255.99259 3.53208834539463e-09
22277.43382 4.20062135736313e-09
22298.87505 4.74113642038432e-09
22320.31627 5.07943106761518e-09
22341.7575 5.24542450241256e-09
22363.19872 5.5862527491043e-09
22384.63995 5.92527169005153e-09
22406.08118 6.20181754507258e-09
22427.5224 6.67869795448908e-09
22448.96363 7.8959315778187e-09
22470.40485 1.00201328338922e-08
22491.84608 1.25001981263695e-08
22513.28731 1.55571108435827e-08
22534.72853 1.91104167740888e-08
22556.16976 2.3250792186695e-08
22577.61098 2.72677642521858e-08
22599.05221 3.11267553066526e-08
22620.49344 3.46845546420072e-08
22641.93466 3.90462295745766e-08
22663.37589 4.2875375737403e-08
22684.81711 4.32873229240013e-08
22706.25834 4.27726171508326e-08
22727.69957 4.45620776843367e-08
22749.14079 4.79439089723715e-08
22770.58202 4.94685590033376e-08
22792.02324 5.0982322646026e-08
22813.46447 5.32280640527423e-08
22834.9057 5.61507951621798e-08
22856.34692 5.99904607115439e-08
22877.78815 6.13337374215016e-08
22899.22937 6.22421277262832e-08
22920.6706 6.58020857571266e-08
22942.11183 7.04199012339276e-08
22963.55305 7.26752502332005e-08
22984.99428 7.49722378511876e-08
23006.4355 8.94878073436214e-08
23027.87673 1.12167343547927e-07
23049.31796 1.38984528376096e-07
23070.75918 1.72168398566664e-07
23092.20041 2.18383750527223e-07
23113.64163 2.89073895610043e-07
23135.08286 3.75649794416821e-07
23156.52409 4.77549274655823e-07
23177.96531 6.16374224263284e-07
23199.40654 8.08714876613172e-07
23220.84776 1.06083780181333e-06
23242.28899 1.28261978325279e-06
23263.73022 1.46322819086326e-06
23285.17144 1.65907135377801e-06
23306.61267 1.94641788606516e-06
23328.05389 2.16306657772225e-06
23349.49512 2.2316528300235e-06
23370.93635 2.33278720373753e-06
23392.37757 2.36175860614412e-06
23413.8188 2.29665755914768e-06
23435.26002 2.10507424455582e-06
23456.70125 1.9879393101626e-06
23478.14248 1.99643427159597e-06
23499.5837 2.22524333385025e-06
23521.02493 2.54867277649212e-06
23542.46615 2.76583661749357e-06
23563.90738 2.85187616534506e-06
23585.34861 2.97458795122666e-06
23606.78983 3.09368450362309e-06
23628.23106 2.90645744713541e-06
23649.67228 2.58715128115371e-06
23671.11351 2.41862644183274e-06
23692.55474 2.41498057500736e-06
23713.99596 2.31590375062386e-06
23735.43719 2.21205254288097e-06
23756.87841 2.30801909003632e-06
23778.31964 2.56887409124055e-06
23799.76087 2.97284244271472e-06
23821.20209 3.45636476402138e-06
23842.64332 3.76882247888712e-06
23864.08454 3.86625594882979e-06
23885.52577 3.85255767820637e-06
23906.967 4.00792755117467e-06
23928.40822 4.19469344585451e-06
23949.84945 4.17790726328501e-06
23971.29067 4.32329249298018e-06
23992.7319 4.6518203038394e-06
24014.17313 4.81605257277228e-06
24035.61435 4.68682427890305e-06
24057.05558 4.47464995970445e-06
24078.4968 4.39942184750168e-06
24099.93803 4.33051683180144e-06
24121.37926 4.15702786234517e-06
24142.82048 3.97549591297226e-06
24164.26171 3.73259538652244e-06
24185.70293 3.43654289880542e-06
24207.14416 3.36852696563779e-06
24228.58539 3.39160145171719e-06
24250.02661 3.2284272777529e-06
24271.46784 2.98768448907976e-06
24292.90906 3.13462225732877e-06
24314.35029 3.76469568787936e-06
24335.79152 4.14851239162039e-06
24357.23274 4.29365785957383e-06
24378.67397 4.3710548859499e-06
24400.11519 4.37031225880407e-06
24421.55642 4.22733056878177e-06
24442.99765 3.82395474878693e-06
24464.43887 3.54915367257972e-06
24485.8801 3.39799032828964e-06
24507.32132 3.33594377508708e-06
24528.76255 3.62328872574491e-06
24550.20378 4.11879233710437e-06
24571.645 4.57269683882372e-06
24593.08623 4.88355346062823e-06
24614.52745 5.33617635708347e-06
24635.96868 5.92205387026061e-06
24657.40991 5.90558169915829e-06
24678.85113 5.53376234815978e-06
24700.29236 5.15601724084473e-06
24721.73358 4.97183219097377e-06
24743.17481 4.75958247405759e-06
24764.61604 4.36085779936438e-06
24786.05726 4.18796010688415e-06
24807.49849 4.05794066566827e-06
24828.93971 3.91012273691091e-06
24850.38094 3.76730110674498e-06
24871.82217 3.70437800636075e-06
24893.26339 3.46101167839478e-06
24914.70462 3.03352637399681e-06
24936.14584 2.65436732624479e-06
24957.58707 2.44063206352514e-06
24979.0283 3.39395333358763e-06
25000.46952 4.22905203666092e-06
25021.91075 5.56362108393651e-06
25038.31856 7.29215687840621e-06
25051.83087 8.69836162343371e-06
25065.34319 9.93224549538845e-06
25078.8555 1.07415566869332e-05
25092.36782 1.19371369235004e-05
25105.88013 1.19758655804644e-05
25119.39244 1.19349317877787e-05
25132.90476 1.20869150462818e-05
25146.41707 1.21746662794591e-05
25159.92939 1.20937769101655e-05
25173.4417 1.19103204849607e-05
25186.95402 1.24479312924672e-05
25200.46633 1.26227013277182e-05
25213.97865 1.25264300686013e-05
25227.49096 1.2362769649557e-05
25241.00327 1.26329475220439e-05
25254.51559 1.22396868350901e-05
25268.0279 1.19563017139829e-05
25281.54022 1.23842588528264e-05
25295.05253 1.26286482783409e-05
25308.56485 1.25355108741059e-05
25322.07716 1.28492113648564e-05
25335.58948 1.35590588068637e-05
25349.10179 1.33700069301422e-05
25362.6141 1.32606663938109e-05
25376.12642 1.36455986128596e-05
25389.63873 1.38594738728562e-05
25403.15105 1.41217012152788e-05
25416.66336 1.44165122361271e-05
25430.17568 1.47548399870912e-05
25443.68799 1.48848796651497e-05
25457.2003 1.51254536144752e-05
25470.71262 1.58790032626216e-05
25484.22493 1.64024339888818e-05
25497.73725 1.62173694497426e-05
25511.24956 1.62100882663048e-05
25524.76188 1.65977369293745e-05
25538.27419 1.6401244246893e-05
25551.78651 1.60263928969565e-05
25565.29882 1.57316687662247e-05
25578.81113 1.48845770301048e-05
25592.32345 1.46545914538303e-05
25605.83576 1.46558157117404e-05
25619.34808 1.4214077744341e-05
25632.86039 1.37222725244519e-05
25646.37271 1.34234699754763e-05
25659.88502 1.35618740716712e-05
25673.39733 1.39886153737904e-05
25686.90965 1.45093314131564e-05
25700.42196 1.44195266249949e-05
25713.93428 1.4729063911596e-05
25727.44659 1.5267105142075e-05
25740.95891 1.55380465155436e-05
25754.47122 1.61187680188457e-05
25767.98354 1.58854276587714e-05
25781.49585 1.55893367986421e-05
25795.00816 1.59305982295724e-05
25808.52048 1.63227294703269e-05
25822.03279 1.64948226815084e-05
25835.54511 1.6381639328535e-05
25849.05742 1.635442007703e-05
25862.56974 1.57513157484162e-05
25876.08205 1.55607803612083e-05
25889.59437 1.53493581880518e-05
25903.10668 1.46922584672179e-05
25916.61899 1.42325948147015e-05
25930.13131 1.33795764977058e-05
25943.64362 1.21138134412997e-05
25957.15594 1.06401007453967e-05
25970.66825 1.01580264534166e-05
25984.18057 9.7544322049528e-06
25997.69288 8.97922892771475e-06
26011.20519 8.28209333262621e-06
26024.71751 7.32995723231391e-06
26038.22982 7.01136593846894e-06
26051.74214 6.91858759743489e-06
26065.25445 7.1685074065943e-06
26078.76677 6.85840463896023e-06
26092.27908 6.3842615957049e-06
26105.7914 6.55410028683351e-06
26119.30371 6.43675294542504e-06
26132.81602 6.05039181261696e-06
26146.32834 5.57117285382611e-06
26159.84065 5.51959935618865e-06
26173.35297 5.27950800252854e-06
26186.86528 5.75489589679968e-06
26200.3776 6.2447736490644e-06
26213.88991 6.09230300197821e-06
26227.40222 6.13934691024847e-06
26240.91454 6.8337798162044e-06
26254.42685 7.26854234368328e-06
26267.93917 7.37219641317724e-06
26281.45148 7.72660975934626e-06
26294.9638 7.61696253573926e-06
26308.47611 7.39864026024871e-06
26321.98843 7.28562895136132e-06
26335.50074 7.08905803171059e-06
26349.01305 6.71696984223565e-06
26362.52537 6.51310436157973e-06
26376.03768 6.47675689968339e-06
26389.55 6.37929616213761e-06
26403.06231 6.03449985266417e-06
26416.57463 5.79340294014016e-06
26430.08694 5.62877087792118e-06
26443.59925 5.52255510387079e-06
26457.11157 5.4464742268532e-06
26470.62388 5.34105017028257e-06
26484.1362 5.16232533835448e-06
26497.64851 5.08592401186738e-06
26511.16083 4.99340075205229e-06
26524.67314 4.80451776948114e-06
26538.18546 4.67829358997245e-06
26551.69777 4.57286494128949e-06
26565.21008 4.0302615871544e-06
26578.7224 3.80816845288823e-06
26592.23471 4.29531076647836e-06
26605.74703 4.40577062354361e-06
26619.25934 4.46470807665305e-06
26632.77166 4.83513643401898e-06
26646.28397 5.16950901543956e-06
26659.79629 5.37732091148763e-06
26673.3086 5.95317832037223e-06
26686.82091 6.24524765239191e-06
26700.33323 5.47364889978718e-06
26713.84554 4.96090135024076e-06
26727.35786 4.91896451811875e-06
26740.87017 4.45795694855422e-06
26754.38249 3.84474556797178e-06
26767.8948 3.31826810424387e-06
26781.40711 2.96767813463643e-06
26794.91943 2.38828074085655e-06
26808.43174 2.17731616340068e-06
26821.94406 2.06671743261157e-06
26835.45637 1.65596878822747e-06
26848.96869 1.57545976454121e-06
26862.481 1.71775339936113e-06
26875.99332 1.89038751238868e-06
26889.50563 1.75871586975596e-06
26903.01794 1.61354501480427e-06
26916.53026 1.54179734802649e-06
26930.04257 1.72392455066402e-06
26943.55489 1.58901005455967e-06
26957.0672 1.32586051596948e-06
26970.57952 1.27211036932938e-06
26984.09183 1.12040279788292e-06
26997.60414 1.07297588589531e-06
27011.11646 1.31092531968473e-06
27024.62877 1.3008204499957e-06
27038.14109 9.85091701974039e-07
27051.6534 9.38324700862388e-07
27065.16572 9.29100310857392e-07
27078.67803 7.01482116280457e-07
27092.19035 5.92258388689096e-07
27105.70266 4.36995170493912e-07
27119.21497 2.12311466444774e-07
27132.72729 2.12303177547625e-07
27146.2396 2.10513402814866e-07
27159.75192 4.96205442731475e-07
27173.26423 4.92059170750726e-07
27186.77655 5.4750913925971e-07
27200.28886 5.47030272149371e-07
27213.80117 5.62740090096275e-07
27227.31349 5.63915210064615e-07
27240.8258 5.63453015698768e-07
27254.33812 4.77122137251729e-07
27267.85043 1.25471879226648e-07
27281.36275 1.2523819818375e-07
27294.87506 7.24996015416994e-08
27308.38738 1.49239849663856e-07
27321.89969 3.11276145408547e-07
27335.412 2.9960799707022e-07
27348.92432 3.07182265150406e-07
27362.43663 3.07269964208632e-07
27375.94895 3.45084238963137e-07
27389.46126 4.60241576647609e-07
27402.97358 4.57266017694783e-07
27416.48589 5.16662126654992e-07
27429.99821 3.40198834087224e-07
27443.51052 3.38208332744801e-07
27457.02283 3.30551697905964e-07
27470.53515 4.3090190219105e-07
27484.04746 4.29854973869238e-07
27497.55978 5.73713629384813e-07
27511.07209 7.97825207982872e-07
27524.58441 7.27836290995687e-07
27538.09672 7.25108041424417e-07
27551.60903 7.97285061071048e-07
27565.12135 9.43429059287652e-07
27578.63366 9.44561025123232e-07
27592.14598 1.02719782286844e-06
27605.65829 8.05328364193746e-07
27619.17061 7.9539520199427e-07
27632.68292 1.1526938154856e-06
27646.19524 1.35339955449717e-06
27659.70755 1.44458263964569e-06
27673.21986 1.57407763167983e-06
27686.73218 1.71388480749559e-06
27700.24449 1.84047594418415e-06
27713.75681 1.80421025891375e-06
27727.26912 1.59758594816445e-06
27740.78144 1.26883553344641e-06
27754.29375 1.27706451152369e-06
27767.80606 1.41768503966409e-06
27781.31838 1.30794113414603e-06
27794.83069 1.36087907652898e-06
27808.34301 1.2909212363518e-06
27821.85532 1.4587631217646e-06
27835.36764 1.85501081339618e-06
27848.87995 2.09075715362272e-06
27862.39227 2.05927726253625e-06
27875.90458 2.04019608875106e-06
27889.41689 2.1074676005899e-06
27902.92921 2.11291003185403e-06
27916.44152 2.36151290386233e-06
27929.95384 2.61402971606036e-06
27943.46615 2.59985691650168e-06
27956.97847 2.72865447549446e-06
27970.49078 2.9627205741755e-06
27984.00309 3.26346309842072e-06
27997.51541 3.50883944050711e-06
28011.02772 3.44887874206994e-06
28024.54004 3.16479199522886e-06
28038.05235 2.95652697701554e-06
28051.56467 2.88446030506826e-06
28065.07698 2.68899545393449e-06
28078.5893 2.65048003303599e-06
28092.10161 2.31906830314924e-06
28105.61392 2.21720842312966e-06
28119.12624 2.39415686927855e-06
28132.63855 2.58982556827468e-06
28146.15087 2.80700924961512e-06
28159.66318 2.77145390877124e-06
28173.1755 2.6840148392243e-06
28186.68781 2.5547447870942e-06
28200.20013 2.83982658361334e-06
28213.71244 2.87969423135873e-06
28227.22475 2.941562761188e-06
28240.73707 2.87248868806706e-06
28254.24938 2.91518967792358e-06
28267.7617 3.20831532808351e-06
28281.27401 3.35704611770584e-06
28294.78633 3.51361153754498e-06
28308.29864 3.37812797935039e-06
28321.81095 3.22012873566457e-06
28335.32327 3.01447923017237e-06
28348.83558 2.93099782793891e-06
28362.3479 2.62131819835262e-06
28375.86021 2.49794275529347e-06
28389.37253 2.55649133462874e-06
28402.88484 2.66013334702797e-06
28416.39716 2.7302195858851e-06
28429.90947 3.05383690357267e-06
28443.42178 3.30648736742022e-06
28456.9341 3.57374965778735e-06
28470.44641 3.8310442541651e-06
28483.95873 3.39988566896722e-06
28497.47104 3.2466156662606e-06
28510.98336 3.39923495192299e-06
28524.49567 3.49449845090819e-06
28538.00798 3.11876172885267e-06
28551.5203 2.79513875060375e-06
28565.03261 2.68759535262825e-06
28578.54493 2.52775041793147e-06
28592.05724 2.67844230243579e-06
28605.56956 2.80998673207721e-06
28619.08187 2.45314914050584e-06
28632.59419 1.97424230098635e-06
28646.1065 1.85995812626002e-06
28659.61881 2.15406503654753e-06
28673.13113 2.09727323202019e-06
28686.64344 1.98535761943337e-06
28700.15576 2.05477798661549e-06
28713.66807 1.851925465819e-06
28727.18039 1.68219548839865e-06
28740.6927 1.87610737757519e-06
28754.20501 1.88098718174174e-06
28767.71733 1.58982179388006e-06
28781.22964 1.48113536000567e-06
28794.74196 1.66349664182832e-06
28808.25427 1.79741358131618e-06
28821.76659 1.92056786686207e-06
28835.2789 2.06207491647813e-06
28848.79122 2.18446509774967e-06
28862.30353 2.53182084199173e-06
28875.81584 2.72154835154019e-06
28889.32816 2.71306798179403e-06
28902.84047 2.86373242296348e-06
28916.35279 2.84790833107957e-06
28929.8651 2.78144917159704e-06
28943.37742 2.60850024258712e-06
28956.88973 2.50206090322031e-06
28970.40205 2.53410577733835e-06
28983.91436 2.57898971041616e-06
28997.42667 3.40141107164832e-06
29010.93899 3.82855999173934e-06
29024.4513 3.93576575045204e-06
29037.96362 4.35072341862409e-06
29051.47593 4.89405381241158e-06
29064.98825 5.32364953723654e-06
29078.50056 5.44933451190635e-06
29092.01287 5.5222852119941e-06
29105.52519 5.1883259993148e-06
29119.0375 5.14980834293911e-06
29132.54982 5.86011263118624e-06
29146.06213 6.41627640868892e-06
29159.57445 6.86596792274358e-06
29173.08676 7.17638924067163e-06
29186.59908 7.69074079283657e-06
29200.11139 8.10448502394455e-06
29213.6237 8.40569320992336e-06
29227.13602 8.68921753280132e-06
29240.64833 8.6366919788391e-06
29254.16065 8.79573305712018e-06
29267.67296 9.08202672759028e-06
29281.18528 9.43853269637519e-06
29294.69759 9.57482374197612e-06
29308.2099 1.00060902055014e-05
29321.72222 1.03934691621198e-05
29335.23453 1.06120928303104e-05
29348.74685 1.05019106174313e-05
29362.25916 1.02939767160189e-05
29375.77148 1.0278046229417e-05
29389.28379 1.01479787557837e-05
29402.79611 1.03996388404364e-05
29416.30842 1.07106371772121e-05
29429.82073 1.0814808295234e-05
29443.33305 1.09304125985815e-05
29456.84536 1.13137004179238e-05
29470.35768 1.15929711157427e-05
29483.86999 1.18253704231337e-05
29497.38231 1.27825975425004e-05
29510.89462 1.35940116924609e-05
29524.40694 1.42971633005097e-05
29537.91925 1.49633186950901e-05
29551.43156 1.57250611754477e-05
29564.94388 1.66249946148461e-05
29578.45619 1.74656146625562e-05
29591.96851 1.86635087446122e-05
29605.48082 1.95081467635656e-05
29618.99314 2.06776399985394e-05
29632.50545 2.20041806002902e-05
29646.01776 2.37015448631253e-05
29659.53008 2.53981892082354e-05
29673.04239 2.76933760335209e-05
29686.55471 3.01648579375485e-05
29700.06702 3.21514702599343e-05
29713.57934 3.4595923768046e-05
29727.09165 3.69334464293839e-05
29740.60397 3.91398161763312e-05
29754.11628 4.15500289871627e-05
29767.62859 4.41537247948203e-05
29781.14091 4.65841739975313e-05
29794.65322 4.97076548611412e-05
29808.16554 5.33099347236454e-05
29821.67785 5.65244343544992e-05
29835.19017 6.02124734566611e-05
29848.70248 6.4973064862747e-05
29862.21479 7.00511445248895e-05
29875.72711 7.54783372647169e-05
29889.23942 8.1470027899521e-05
29902.75174 8.72480488833637e-05
29916.26405 9.34577952527957e-05
29929.77637 0.000100551678872601
29943.28868 0.000108125216269413
29956.801 0.000115618054055878
29970.31331 0.000123245874432911
29983.82562 0.000131948818326106
29997.33794 0.000141223729995289
30010.85025 0.000151340818704188
30024.36257 0.000162101452364407
30037.87488 0.000173029999960822
30051.3872 0.000184469446031234
30064.89951 0.00019726257293113
30078.41182 0.000211297106293742
30091.92414 0.00022586428486476
30105.43645 0.000241144458089343
30118.94877 0.000257548453411542
30132.46108 0.00027509625382005
30145.9734 0.000293922023260068
30159.48571 0.000314430039747401
30172.99803 0.000335602225768088
30186.51034 0.000358053805826786
30200.02265 0.000381850355491594
30213.53497 0.000407218095252704
30227.04728 0.000433854462512342
30240.5596 0.000462297380205273
30254.07191 0.000492723275277201
30267.58423 0.000524504187687684
30281.09654 0.000558689446433861
30294.60886 0.000595954116672923
30308.12117 0.00063599234594022
30321.63348 0.000678876295335672
30335.1458 0.000725087795055819
30348.65811 0.000774475039646075
30362.17043 0.000827467016896976
30375.68274 0.000885430990786354
30389.19506 0.000947131488320612
30402.70737 0.0010135006137225
30416.21968 0.00108585912400075
30429.732 0.00116388930042884
30443.24431 0.00124867486266895
30456.75663 0.00134031201637018
30470.26894 0.00143966925121716
30483.78126 0.00154765934146023
30497.29357 0.0016652368848343
30510.80589 0.00179055848910227
30524.3182 0.00192658948524818
30537.83051 0.00207441090935199
30551.34283 0.00223503561109707
30564.85514 0.0024099116672467
30578.36746 0.00260008109633623
30591.87977 0.00280711097443286
30605.39209 0.00303398096687246
30618.9044 0.00328360037536002
30632.41671 0.00355595889834333
30645.92903 0.00385324781954251
30659.44134 0.00418200053336561
30672.95366 0.00453669078231589
30686.46597 0.00492783139160443
30699.97829 0.00535392916983828
30713.4906 0.00581381246349762
30727.00292 0.00631708923901658
30740.51523 0.00686735095586503
30754.02754 0.00746933605962224
30767.53986 0.00812755827932323
30781.05217 0.00884791962484393
30794.56449 0.00963589449373907
30808.0768 0.0105042371347355
30821.58912 0.0114588739603779
30835.10143 0.0125037468908563
30848.61374 0.0136470974328693
30862.12606 0.0148979953823299
30875.63837 0.0162655160640769
30889.15069 0.0177591602291296
30902.663 0.0193913400853334
30916.17532 0.0211786378463577
30929.68763 0.0231286926390028
30943.19995 0.0252841129584512
30956.71226 0.0276010425464693
30970.22457 0.0301213112842527
30983.73689 0.0328615663668338
30997.2492 0.0358367139667024
31010.76152 0.0390455119848387
31024.27383 0.0425128585450733
31037.78615 0.0462585635105764
31051.29846 0.050299263187334
31064.81078 0.0546496983535574
31078.32309 0.0593252218373485
31091.8354 0.0643381377525158
31105.34772 0.0697117121525613
31118.86003 0.0754653525804529
31132.37235 0.0815938914004583
31145.88466 0.0881045261741229
31159.39698 0.0949966861779641
31172.90929 0.10227348757182
31186.4216 0.109924520492563
31199.93392 0.117945183216767
31213.44623 0.126572479037787
31226.95855 0.135409356178066
31240.47086 0.144571519130403
31253.98318 0.154028240834821
31267.49549 0.163752213254244
31281.00781 0.173698906347071
31294.52012 0.183837752431947
31308.03243 0.194074604604137
31321.54475 0.204375134744795
31335.05706 0.214716567094711
31348.56938 0.225044365483077
31362.08169 0.235315645569216
31375.59401 0.245459672161482
31389.10632 0.25543815667861
31402.61863 0.265203958095392
31416.13095 0.274777968839865
31429.64326 0.28403455784884
31443.15558 0.292919795851767
31456.66789 0.301402426035672
31470.18021 0.309441166338189
31483.69252 0.317380251007806
31497.20484 0.324468796001877
31510.71715 0.331048080007023
31524.22946 0.337120791036681
31537.74178 0.342682264063704
31551.25409 0.347755630599494
31564.76641 0.352349881147598
31578.27872 0.356493238440452
31591.79104 0.360212035666922
31605.30335 0.363508678520369
31618.81566 0.366410643497998
31632.32798 0.368978013672026
31645.84029 0.3712544568898
31659.35261 0.373267296490539
31672.86492 0.375051386206026
31686.37724 0.37663565509765
31699.88955 0.378045755327338
31713.40187 0.37954818637896
31726.91418 0.38124627983725
31740.42649 0.382670339835611
31753.93881 0.383874010507049
31767.45112 0.385008939365722
31780.96344 0.386093302821316
31794.47575 0.387136533194252
31807.98807 0.388076865118518
31821.50038 0.388940131859969
31835.0127 0.389786485533707
31848.52501 0.390618342708332
31862.03732 0.391443689520005
31875.54964 0.392265228324789
31889.06195 0.393080925202637
31902.57427 0.393891323769346
31916.08658 0.394705966200822
31929.5989 0.395522350509188
31943.11121 0.396338428962219
31956.62352 0.397154138381563
31970.13584 0.397972120643429
31983.64815 0.399248675106735
31997.16047 0.400057243289902
32010.67278 0.400825841061841
32024.1851 0.401576586476712
32037.69741 0.402323996412747
32051.20973 0.403063966539028
32064.72204 0.403800793543382
32078.23435 0.404527613432396
32091.74667 0.405249309234724
32105.25898 0.405959650140808
32118.7713 0.406662847742608
32132.28361 0.40690365619464
32145.79593 0.407598026825546
32159.30824 0.408287453098006
32172.82055 0.408977195854718
32186.33287 0.409670936701027
32199.84518 0.410365777268361
32213.3575 0.411341313493762
32226.86981 0.412474689278085
32240.38213 0.413287879291473
32253.89444 0.414101838203086
32267.40676 0.414922492154606
32280.91907 0.415740691949299
32294.43138 0.416561365794867
32307.9437 0.417244337605403
32321.45601 0.417837775171059
32334.96833 0.41843430852135
32348.48064 0.419036609645884
32361.99296 0.419639320781094
32375.50527 0.420246351788291
32389.01759 0.420859424709276
32402.5299 0.421464152418942
32416.04221 0.422023389897659
32429.55453 0.422581886324966
32443.06684 0.423296774425812
32456.57916 0.42420077447496
32470.09147 0.424758983042629
32483.60379 0.425309515487074
32497.1161 0.425861234453643
32510.62841 0.426502499392162
32524.14073 0.427166996376219
32537.65304 0.427827883754421
32551.16536 0.42848944882391
32564.67767 0.429153069603794
32578.18999 0.429816110859368
32591.7023 0.430481519768648
32605.21462 0.431112754893306
32618.72693 0.431697436570696
32632.23924 0.43227581983946
32645.75156 0.432856361156699
32659.26387 0.433430406794228
32672.77619 0.43414882859471
32686.2885 0.435093189696888
32699.80082 0.435666037628831
32713.31313 0.436123050991429
32726.82544 0.436582214733545
32740.33776 0.437046576375298
32753.85007 0.437510985818966
32767.36239 0.437980487550557
32780.8747 0.438447807960525
32794.38702 0.438924298717771
32807.89933 0.4394053802192
32821.41165 0.439896990380469
32834.92396 0.44039210529105
32848.43627 0.440892961975201
32861.94859 0.441401248956521
32875.4609 0.441917920248904
32888.97322 0.442447853537467
32902.48553 0.443507804122458
32915.99785 0.444060060379369
32929.51016 0.444617983260505
32943.02247 0.445192383572825
32956.53479 0.445774473716791
32970.0471 0.446366345377614
32983.55942 0.446966061046542
32997.07173 0.447572883502602
33010.58405 0.448084103045534
33024.09636 0.448571652529261
33037.60868 0.449070122152022
33051.12099 0.449571781105953
33064.6333 0.450086759047885
33078.14562 0.450609284401687
33091.65793 0.451144948044464
33105.17025 0.451664363787934
33118.68256 0.452614385387322
33132.19488 0.453183122738061
33145.70719 0.453684955607599
33159.21951 0.454192732843517
33172.73182 0.454697705519555
33186.24413 0.455204942256378
33199.75645 0.455707744593304
33213.26876 0.456166105724344
33226.78108 0.456621112732807
33240.29339 0.457072006915001
33253.80571 0.457521852073691
33267.31802 0.457964911380034
33280.83033 0.458408655714727
33294.34265 0.458847492873505
33307.85496 0.458947982259548
33321.36728 0.458796842937596
33334.87959 0.458640046595072
33348.39191 0.45892989794606
33361.90422 0.45884739788193
33375.41654 0.4586764503759
33388.92885 0.458495256109674
33402.44116 0.45809092199121
33415.95348 0.456678572028049
33429.46579 0.455260431174748
33442.97811 0.453834256899254
33456.49042 0.452399363434398
33470.00274 0.450957289002895
33483.51505 0.449503807274753
33497.02736 0.448049235743321
33510.53968 0.444984550299984
33524.05199 0.44146140693119
33537.56431 0.437927444992943
33551.07662 0.434384559978149
33564.58894 0.430835404843398
33578.10125 0.427278469896795
33591.61357 0.42371718087957
33605.12588 0.421686793346433
33618.63819 0.422180459813202
33632.15051 0.422670994318633
33645.66282 0.423161333347513
33659.17514 0.423652782533882
33672.68745 0.424141468473271
33686.19977 0.424632561468811
33699.71208 0.425122570569712
33713.22439 0.429113245400999
33726.73671 0.433512367662712
33740.24902 0.438265863463417
33753.76134 0.442356542030659
33767.27365 0.446450318029491
33780.78597 0.4505538121444
33794.29828 0.454661047099326
33807.8106 0.457153411163192
33821.32291 0.458462017809303
33834.83522 0.45977384337273
33848.34754 0.461088870329139
33861.85985 0.46240325861112
33875.37217 0.463722582809901
33888.88448 0.46503757026674
33902.3968 0.466083140329832
33915.90911 0.465879914645663
33929.42143 0.465668826201301
33942.93374 0.465450426301993
33956.44605 0.465220582066688
33969.95837 0.464985583050884
33983.47068 0.464737771521154
33996.983 0.464482828058146
34010.49531 0.464171762101325
34024.00763 0.463837989750719
34037.51994 0.463499723357937
34051.03225 0.463153053912624
34064.54457 0.462803671208017
34078.05688 0.462445545697815
34091.5692 0.462166227044963
34105.08151 0.462325660469753
34118.59383 0.462140333243634
34132.10614 0.461950540198565
34145.61846 0.46175116814031
34159.13077 0.462021403151221
34172.64308 0.461856563990257
34186.1554 0.461640605596701
34199.66771 0.461421014807834
34213.18003 0.461571672597249
34226.69234 0.461730563626092
34240.20466 0.461883410377815
34253.71697 0.462034803557153
34267.22928 0.462186044023093
34280.7416 0.462336487328594
34294.25391 0.46249086428101
34307.76623 0.462538402063294
34321.27854 0.462505896412854
34334.79086 0.462463792758575
34348.30317 0.462413906445186
34361.81549 0.462360431112827
34375.3278 0.462298084189401
34388.84011 0.462232189570572
34402.35243 0.462124936912853
34415.86474 0.461849135380751
34429.37706 0.461576767762935
34442.88937 0.461848185537396
34456.40169 0.461586287913262
34469.914 0.461326014057635
34483.42631 0.461246639372585
34496.93863 0.461331294000772
34510.45094 0.461284499152752
34523.96326 0.461304767881139
34537.47557 0.461326908384782
34550.98789 0.461355263644534
34564.5002 0.461386690221986
34578.01252 0.461419897099329
34591.52483 0.461458629417235
34605.03714 0.461643962078456
34618.54946 0.462079055290659
34632.06177 0.462516269212939
34645.57409 0.46295606614839
34659.0864 0.463399476401279
34672.59872 0.463842849229746
34686.11103 0.464290111699791
34699.62335 0.464738094130479
34713.13566 0.464873819076948
34726.64797 0.465003392258642
34740.16029 0.465133144412631
34753.6726 0.465268344655925
34767.18492 0.465797855394354
34780.69723 0.466091600573098
34794.20955 0.466455059629892
34807.72186 0.467088283266249
34821.23417 0.467561850768996
34834.74649 0.468034669478221
34848.2588 0.468506262774939
34861.77112 0.468976749325484
34875.28343 0.469442921326824
34888.79575 0.469908704390767
34902.30806 0.470394789101372
34915.82038 0.470994812070548
34929.33269 0.471593238031291
34942.845 0.472186823038864
34956.35732 0.472778837807373
34969.86963 0.473366008143468
34983.38195 0.473950406189811
34996.89426 0.474534994212853
35010.40658 0.47506044246789
35023.91889 0.47556845593008
35037.4312 0.476072822954164
35050.94352 0.476573239156145
35064.45583 0.47707133981649
35077.96815 0.478010825387966
35091.48046 0.478620001397051
35104.99278 0.479410233074562
35118.50509 0.480243624620903
35132.01741 0.480803259415478
35145.52972 0.481353288999252
35159.04203 0.48189959659878
35172.55435 0.482442366377674
35186.06666 0.482981628233365
35199.57898 0.483514619024798
35213.09129 0.483964420994918
35226.60361 0.48440321111914
35240.11592 0.484839408938179
35253.62824 0.485275658484749
35267.14055 0.485713897652013
35280.65286 0.486150061648343
35294.16518 0.48658508169372
35307.67749 0.486984646004478
35321.18981 0.487356924809712
35334.70212 0.48773019877049
35348.21444 0.488570994308034
35361.72675 0.489045904600758
35375.23906 0.489419472351644
35388.75138 0.489792139604505
35402.26369 0.490140615877725
35415.77601 0.490363879479497
35429.28832 0.491098564556579
35442.80064 0.49136633234119
35456.31295 0.491597419660188
35469.82527 0.491831619948759
35483.33758 0.492067436931902
35496.84989 0.492304177767779
35510.36221 0.492525358501176
35523.87452 0.493271062849793
35537.38684 0.493467160513221
35550.89915 0.493666334755345
35564.41147 0.493868101892799
35577.92378 0.49407437174711
35591.43609 0.494284565966478
35604.94841 0.494523328920464
35618.46072 0.494808446783672
35631.97304 0.495095182648622
35645.48535 0.495384758313445
35658.99767 0.49567775843877
35672.50998 0.495974794808566
35686.0223 0.496624500377764
35699.53461 0.497159562569531
35713.04692 0.497401918654279
35726.55924 0.497644404302192
35740.07155 0.497887942679705
35753.58387 0.498134081178301
35767.09618 0.498381948024934
35780.6085 0.499187556283245
35794.12081 0.499437705132558
35807.63312 0.499653102747598
35821.14544 0.49984255767719
35834.65775 0.500033880403044
35848.17007 0.500703089198387
35861.68238 0.501004110595346
35875.1947 0.501197582840684
35888.70701 0.501390080218241
35902.21933 0.501572022902692
35915.73164 0.501696343025608
35929.24395 0.501821083848271
35942.75627 0.501946400621144
35956.26858 0.502071873091394
35969.7809 0.50219815867825
35983.29321 0.502326712604213
35996.80553 0.502457700048989
36010.31784 0.502589602128156
36023.83016 0.50272110298468
36037.34247 0.503281325385039
36050.85478 0.503567773776462
36064.3671 0.503699016930948
36077.87941 0.503831122856868
36091.39173 0.503963517422913
36104.90404 0.504073113087923
36118.41636 0.504143332652171
36131.92867 0.504213653246719
36145.44098 0.504283793593135
36158.9533 0.504353666529921
36172.46561 0.504424218786708
36185.97793 0.504494094009982
36199.49024 0.505097852970121
36213.00256 0.505186824759106
36226.51487 0.505248306461008
36240.02719 0.505311544878772
36253.5395 0.505374914087841
36267.05181 0.505438933925565
36280.56413 0.505502591938259
36294.07644 0.505564738834362
36307.58876 0.505667146466946
36321.10107 0.505800894505004
36334.61339 0.505932761206325
36348.1257 0.506064520886754
36361.63801 0.506197249438612
36375.15033 0.506329544122372
36388.66264 0.506462351282449
36402.17496 0.506605890498486
36415.68727 0.506805360279703
36429.19959 0.507004403154945
36442.7119 0.507202379115165
36456.22422 0.50739989949691
36469.73653 0.507595856133557
36483.24884 0.507790891515506
36496.76116 0.508385569327389
36510.27347 0.508826192415523
36523.78579 0.509091129229688
36537.2981 0.509355237433019
36550.81042 0.509616819620278
36564.32273 0.509876345344176
36577.83504 0.51013485147357
36591.34736 0.51038934123281
36604.85967 0.510614762297487
36618.37199 0.510793211474097
36631.8843 0.510969980743094
36645.39662 0.511145675355835
36658.90893 0.511319016107603
36672.42125 0.51148901769824
36685.93356 0.511656238658339
36699.44587 0.512359051793087
36712.95819 0.512620103595328
36726.4705 0.512849105524817
36739.98282 0.513074021468621
36753.49513 0.513296341244466
36767.00745 0.513515842127921
36780.51976 0.513732585799535
36794.03208 0.513948545984262
36807.54439 0.514159867978143
36821.0567 0.514368075440283
36834.56902 0.514575980497683
36848.08133 0.514780327861391
36861.59365 0.51498170789821
36875.10596 0.515182210746171
36888.61828 0.51538068212622
36902.13059 0.515557034392456
36915.6429 0.515616999591848
36929.15522 0.515674833694281
36942.66753 0.516330241044471
36956.17985 0.516387757808578
36969.69216 0.516444538167884
36983.20448 0.516501738685983
36996.71679 0.516557739177427
37010.22911 0.516613507991743
37023.74142 0.516669550686049
37037.25373 0.516725645587441
37050.76605 0.516783224914714
37064.27836 0.516843215647137
37077.79068 0.516903687027573
37091.30299 0.516965290372932
37104.81531 0.517052324914246
37118.32762 0.517182909923758
37131.83993 0.517315095994175
37145.35225 0.517447298655469
37158.86456 0.517577724802646
37172.37688 0.51770870701979
37185.88919 0.517840265118117
37199.40151 0.517972633081997
37212.91382 0.518108882440178
37226.42614 0.518245828593581
37239.93845 0.518382980696399
37253.45076 0.518521632630358
37266.96308 0.518659875675409
37280.47539 0.518798031805891
37293.98771 0.518936417196859
37307.50002 0.519075498023608
37321.01234 0.519216139645607
37334.52465 0.519356471914148
37348.03696 0.519494237138318
37361.54928 0.520233063261973
37375.06159 0.520367779839066
37388.57391 0.520497525337345
37402.08622 0.520733267983805
37415.59854 0.521239823202968
37429.11085 0.521280961277479
37442.62317 0.521317252062951
37456.13548 0.521347681635687
37469.64779 0.521371548825726
37483.16011 0.521391122800462
37496.67242 0.521405334439616
37510.18474 0.521412342667906
37523.69705 0.521413825894085
37537.20937 0.521407799591783
37550.72168 0.521393959927502
37564.234 0.521373149979929
37577.74631 0.521343333203812
37591.25862 0.521305106784196
37604.77094 0.521259803972691
37618.28325 0.521206210427618
37631.79557 0.521145337914876
37645.30788 0.521078854646799
37658.8202 0.521005045535712
37672.33251 0.520925446585026
37685.84482 0.520840543282327
37699.35714 0.520747809402228
37712.86945 0.520641244132389
37726.38177 0.520528087358533
37739.89408 0.520407050826127
37753.4064 0.520280252364787
37766.91871 0.520565883649333
37780.43103 0.520615696388076
37793.94334 0.520477651508742
37807.45565 0.520382305548664
37820.96797 0.520320147990849
37834.48028 0.520257844116147
37847.9926 0.520195789813724
37861.50491 0.520132146023045
37875.01723 0.520068722627768
37888.52954 0.520005298715871
37902.04185 0.519919878318039
37915.55417 0.519717246308227
37929.06648 0.519519548298416
37942.5788 0.519326571230736
37956.09111 0.519141675190561
37969.60343 0.518963067456187
37983.11574 0.518789297835042
37996.62806 0.51862410710666
38010.14037 0.518575478635347
38023.65268 0.518569232500674
38037.165 0.518572570066578
38050.67731 0.518583908076282
38064.18963 0.518603328586587
38077.70194 0.518636073646553
38091.21426 0.518681626715334
38104.72657 0.51871173124688
38118.23889 0.518705425350756
38131.7512 0.51871026485942
38145.26351 0.518725424320605
38158.77583 0.518753017629015
38172.28814 0.518926617047531
38185.80046 0.519432709716057
38199.31277 0.519485983062591
38212.82509 0.519555736735499
38226.3374 0.519635016805987
38239.84971 0.519725646602594
38253.36203 0.519824779065602
38266.87434 0.519931245783211
38280.38666 0.520045925846239
38293.89897 0.520165105119085
38307.41129 0.520285853971627
38320.9236 0.520409107472633
38334.43592 0.520531853796982
38347.94823 0.52065255411089
38361.46054 0.520771870955545
38374.97286 0.520887270415832
38388.48517 0.521490290995138
38401.99749 0.52168606750683
38415.5098 0.521783533016279
38429.02212 0.521870556348488
38442.53443 0.521948268428127
38456.04674 0.522014077792832
38469.55906 0.522066347989368
38483.07137 0.522104226147566
38496.58369 0.522123437963872
38510.096 0.522117835512147
38523.60832 0.5220930179238
38537.12063 0.522048743203092
38550.63295 0.521982506787503
38564.14526 0.521895284467881
38577.65757 0.5222450995855
38591.16989 0.522247600850508
38604.6822 0.522085821994262
38618.19452 0.521900390824388
38631.70683 0.521684819194527
38645.21915 0.521441229507463
38658.73146 0.521169075109762
38672.24377 0.520866702348907
38685.75609 0.52053778119306
38699.2684 0.52018354216284
38712.78072 0.519789710118325
38726.29303 0.519370299868506
38739.80535 0.518925116573597
38753.31766 0.518450970068247
38766.82998 0.517950250785195
38780.34229 0.517425006631202
38793.8546 0.516874068867537
38807.36692 0.516308142354763
38820.87923 0.515728213750686
38834.39155 0.515128239431248
38847.90386 0.514511900366118
38861.41618 0.513883155798113
38874.92849 0.513241103064781
38888.44081 0.512586475860708
38901.95312 0.511921621834974
38915.46543 0.511239978444523
38928.97775 0.510548142824953
38942.49006 0.509850133080351
38956.00238 0.509143941439715
38969.51469 0.508429767953631
38983.02701 0.508297508676023
38996.53932 0.507574363081089
39010.05163 0.506841599538438
39023.56395 0.506105528887953
39037.07626 0.505366438919972
39050.58858 0.504621251530954
39064.10089 0.50387126046396
39077.61321 0.50311474862899
39091.12552 0.50234652925802
39104.63784 0.501570768861205
39118.15015 0.500788867049451
39131.66246 0.499985832074827
39145.17478 0.499446756438266
39158.68709 0.498860193001454
39172.19941 0.49797211611549
39185.71172 0.497045102523267
39199.22404 0.496073531131569
39212.73635 0.495050032840264
39226.24866 0.493962556961232
39239.76098 0.492804182487237
39253.27329 0.491563781410573
39266.78561 0.490230065122167
39280.29792 0.488793291402596
39293.81024 0.487238505401006
39307.32255 0.4855478017612
39320.83487 0.483710955878317
39334.34718 0.481718336508675
39347.85949 0.479555012429144
39361.37181 0.477208711047362
39374.88412 0.474932916082275
39388.39644 0.472454231074872
39401.90875 0.469482043832362
39415.42107 0.466330575641968
39428.93338 0.462922234017561
39442.44569 0.45924558754793
39455.95801 0.455289739743864
39469.47032 0.451043090687302
39482.98264 0.44649717080512
39496.49495 0.441646327019773
39510.00727 0.436431632570184
39523.51958 0.430884221550332
39537.0319 0.425028387954182
39550.54421 0.418862109544916
39564.05652 0.412383387193423
39577.56884 0.405598683128559
39591.08115 0.398514890107915
39604.59347 0.391142765297057
39618.10578 0.383496594846411
39631.6181 0.375587759647925
39645.13041 0.367431461736625
39658.64273 0.359048584612718
39672.15504 0.350462285870519
39685.66735 0.341686983504222
39699.17967 0.333084909215879
39712.69198 0.324030877091798
39726.2043 0.314828655315871
39739.71661 0.305532414039191
39753.22893 0.296167433903213
39766.74124 0.286758844029242
39780.25355 0.277651820544516
39793.76587 0.268225389398782
39807.27818 0.258826099852713
39820.7905 0.249477133625045
39834.30281 0.240204318668009
39847.81513 0.231028783903092
39861.32744 0.221969870336362
39874.83976 0.213045840541121
39888.35207 0.204274023125943
39901.86438 0.195671560268673
39915.3767 0.187252555446776
39928.88901 0.179029934791493
39942.40133 0.171013914663231
39955.91364 0.163213957359999
39969.42596 0.155638256704221
39982.93827 0.148293013829384
39996.45058 0.141182729450345
40009.9629 0.134310049763475
40023.47521 0.127680405385474
40036.98753 0.121295175200209
40050.49984 0.115154471791397
40064.01216 0.109256745059577
40077.52447 0.103599537058969
40091.03679 0.0981803254501176
40104.5491 0.0930004982974098
40118.06141 0.088057982607447
40131.57373 0.0833394376376207
40145.08604 0.0788402058051643
40158.59836 0.0745542006458594
40172.11067 0.0704751120467586
40185.62299 0.06663963329314
40199.1353 0.0629841010260728
40212.64761 0.0595401018890231
40226.15993 0.0562069122971513
40239.67224 0.0530488152310642
40253.18456 0.0500575401292917
40266.69687 0.0472260390845109
40280.20919 0.0445478279857087
40293.7215 0.0420161374995774
40307.23382 0.0396235657710487
40320.74613 0.0373640142431278
40334.25844 0.0352304861724721
40347.77076 0.0332159476233105
40361.28307 0.0313155374871885
40374.79539 0.029524020998393
40388.3077 0.0278353320373052
40401.82002 0.0262437962630422
40415.33233 0.0247471965072937
40428.84465 0.0233368758058704
40442.35696 0.0220083419350392
40455.86927 0.0207580116768945
40469.38159 0.019581032985224
40482.8939 0.0184723185340795
40496.40622 0.0174277704066199
40509.91853 0.0164431541355994
40523.43085 0.0155156113345373
40536.94316 0.0146426357704926
40550.45547 0.0138216840360046
40563.96779 0.0130493035140815
40577.4801 0.0123219651090422
40590.99242 0.011637103852358
40604.50473 0.010998537961065
40618.01705 0.0103977465091418
40631.52936 0.00982547970546228
40645.04168 0.00928681744272551
40658.55399 0.00877940384136846
40672.0663 0.00830109763383866
40685.57862 0.00785094933012303
40699.09093 0.00742754829534746
40712.60325 0.00702917156885356
40726.11556 0.00665838226790795
40739.62788 0.00630740859461154
40753.14019 0.00597416018577391
40766.6525 0.00566032036377796
40780.16482 0.0053653549918292
40793.67713 0.0050872121888395
40807.18945 0.00482395181634058
40820.70176 0.00457542095511767
40834.21408 0.00434129373263016
40847.72639 0.0041201879584648
40861.23871 0.0039107794820832
40874.75102 0.00371270110877735
40888.26333 0.00352485540554326
40901.77565 0.00334725517333764
40915.28796 0.00317994448726319
40928.80028 0.00302249628061965
40942.31259 0.00287367966792151
40955.82491 0.00273330455469201
40969.33722 0.00260119070442541
40982.84953 0.00247615026254203
40996.36185 0.00235768371384047
41009.87416 0.00224554339363823
41023.38648 0.00213957781217311
41036.89879 0.00204033935365446
41050.41111 0.0019454593594665
41063.92342 0.00185491318757417
41077.43574 0.00176895496767178
41090.94805 0.00168734629668518
41104.46036 0.00161078269264806
41117.97268 0.00153863938563303
41131.48499 0.00146983726624566
41144.99731 0.00140460607519555
41158.50962 0.00134274675774969
41172.02194 0.00128382923054497
41185.53425 0.00122840035593424
41199.04657 0.0011761301248643
41212.55888 0.00112566403885289
41226.07119 0.00107727110255033
41239.58351 0.00103116738821569
41253.09582 0.000987710697011368
41266.60814 0.000946147541886671
41280.12045 0.000906369310217101
41293.63277 0.000868693950575921
41307.14508 0.00083272750494563
41320.65739 0.000798485833581219
41334.16971 0.000766392074296744
41347.68202 0.000736333303780726
41361.19434 0.000707319464213252
41374.70665 0.000679617747699836
41388.21897 0.000653555179236273
41401.73128 0.000628806481987003
41415.2436 0.000604330403743851
41428.75591 0.000580451018169607
41442.26822 0.00055748833735801
41455.78054 0.000535757795157541
41469.29285 0.000515359428460497
41482.80517 0.000496998757895186
41496.31748 0.00047894219606255
41509.8298 0.000461481005089143
41523.34211 0.000445479402537015
41536.85442 0.00043070980243686
41550.36674 0.000416018473797588
41563.87905 0.000400880256927949
41577.39137 0.000386286669155835
41590.90368 0.000372418886623959
41604.416 0.000359434828376666
41617.92831 0.000346916679779935
41631.44063 0.000334947037047097
41644.95294 0.000323231473202982
41658.46525 0.000312224393840752
41671.97757 0.000302312673148518
41685.48988 0.000293284310863647
41699.0022 0.000284334665900199
41712.51451 0.000275552588682582
41726.02683 0.000267400457214379
41739.53914 0.000259388474654696
41753.05146 0.00025132037745856
41766.56377 0.000243825593943724
41780.07608 0.000237068951028321
41793.5884 0.000230240708603096
41807.10071 0.000223379700069012
41820.61303 0.000216661569165256
41834.12534 0.000210298252040274
41847.63766 0.000204091125404179
41861.14997 0.000198550999201529
41874.66228 0.000193354858763089
41888.1746 0.00018810594333235
41901.68691 0.00018260643686688
41915.19923 0.000177631478847155
41928.71154 0.000173158855200011
41942.22386 0.000168925582245541
41955.73617 0.000164438456464394
41969.24849 0.000160342332082152
41982.7608 0.000156250061124999
41996.27311 0.000152004066615021
42009.78543 0.000147993869087605
42023.29774 0.0001443602474765
42036.81006 0.000140907626734942
42050.32237 0.000137551497574002
42063.83469 0.000134754621049649
42077.347 0.000132253421402036
42090.85931 0.00012981252021623
42104.37163 0.000127678646640044
42117.88394 0.000126164193303302
42131.39626 0.000124674196009868
42144.90857 0.000122862696096292
42158.42089 0.000120745268267123
42171.9332 0.000118732637038921
42185.44552 0.000116606360364167
42198.95783 0.000114647074423826
42212.47014 0.000112821111187253
42225.98246 0.000110851738972147
42239.49477 0.000108417720150422
42253.00709 0.000106034334820322
42266.5194 0.000103979902534752
42280.03172 0.000102020609595662
42293.54403 0.000100201835261635
42307.05634 9.87559015356041e-05
42320.56866 9.75861697971046e-05
42334.08097 9.61824307292108e-05
42347.59329 9.46794485222467e-05
42361.1056 9.36138440141387e-05
42374.61792 9.2653424940366e-05
42388.13023 9.1042600498088e-05
42401.64255 8.84925878491977e-05
42415.15486 8.58325402133678e-05
42428.66717 8.33654346217772e-05
42442.17949 8.14465091961433e-05
42455.6918 8.029459255507e-05
42469.20412 7.95020983798135e-05
42482.71643 7.86467470725571e-05
42496.22875 7.77937481655642e-05
42509.74106 7.73441412293322e-05
42523.25338 7.67880336947403e-05
42536.76569 7.55438963565808e-05
42550.278 7.36977205346179e-05
42563.79032 7.15391280083534e-05
42577.30263 6.92144576140766e-05
42590.81495 6.6825163127079e-05
42604.32726 6.48457647234179e-05
42617.83958 6.33803700175628e-05
42631.35189 6.22403100503209e-05
42644.8642 6.1317089918017e-05
42658.37652 6.08672422161377e-05
42671.88883 6.06978116094869e-05
42685.40115 6.03628402749053e-05
42698.91346 5.97235754368414e-05
42712.42578 5.89183974509946e-05
42725.93809 5.78551689205889e-05
42739.45041 5.64012582009984e-05
42752.96272 5.49306744959778e-05
42766.47503 5.36232559572296e-05
42779.98735 5.2240309648013e-05
42793.49966 5.07330072224511e-05
42807.01198 4.97918423748685e-05
42820.52429 4.96825633909849e-05
42834.03661 4.98877685254176e-05
42847.54892 5.02511345337161e-05
42861.06123 5.08758881624246e-05
42874.57355 5.16826558796408e-05
42888.08586 5.2335774112111e-05
42901.59818 5.27924709466811e-05
42915.11049 5.30147523430905e-05
42928.62281 5.28142493434677e-05
42942.13512 5.22274025809217e-05
42955.64744 5.13567775521302e-05
42969.15975 5.04491674794243e-05
42982.67206 4.94254280418189e-05
42996.18438 4.81063116844527e-05
43009.69669 4.68793324877155e-05
43023.20901 4.57793383509964e-05
43036.72132 4.46324409101847e-05
43050.23364 4.35527521551055e-05
43063.74595 4.2662256816357e-05
43077.25826 4.18558448331484e-05
43090.77058 4.09461756505229e-05
43104.28289 4.03291906035364e-05
43117.79521 3.98959774941584e-05
43131.30752 3.99019167073728e-05
43144.81984 3.99879361737297e-05
43158.33215 4.0165104663455e-05
43171.84447 4.04600758862411e-05
43185.35678 4.08784789942834e-05
43198.86909 4.105184394348e-05
43212.38141 4.12210877644348e-05
43225.89372 4.15384637560066e-05
43239.40604 4.15508219893568e-05
43252.91835 4.11139616192119e-05
43266.43067 4.04510419732018e-05
43279.94298 3.97014158747668e-05
43293.4553 3.89673133783818e-05
43306.96761 3.81846164308241e-05
43320.47992 3.73534429373065e-05
43333.99224 3.6575415163523e-05
43347.50455 3.61953245421504e-05
43361.01687 3.62327948069796e-05
43374.52918 3.66211373006944e-05
43388.0415 3.71025679958438e-05
43401.55381 3.7333195287016e-05
43415.06612 3.72089633301281e-05
43428.57844 3.70242934556609e-05
43442.09075 3.67029413273785e-05
43455.60307 3.61668294010792e-05
43469.11538 3.52093625096057e-05
43482.6277 3.39283717297687e-05
43496.14001 3.24406619651872e-05
43509.65233 3.12991509409506e-05
43523.16464 3.06863130087644e-05
43536.67695 3.05025576959007e-05
43550.18927 3.05968974411584e-05
43563.70158 3.0752375801177e-05
43577.2139 3.1024488057151e-05
43590.72621 3.1546122015768e-05
43604.23853 3.23071708679595e-05
43617.75084 3.26410677640842e-05
43631.26315 3.24355173861422e-05
43644.77547 3.17729485360553e-05
43658.28778 3.09564259708282e-05
43671.8001 3.00146018289269e-05
43685.31241 2.92993820341245e-05
43698.82473 2.87451213139299e-05
43712.33704 2.83300802200425e-05
43725.84936 2.77826233582685e-05
43739.36167 2.74579484769735e-05
43752.87398 2.7399820470941e-05
43766.3863 2.77124448118206e-05
43779.89861 2.80765937910346e-05
43793.41093 2.84435894184733e-05
43806.92324 2.85606697745031e-05
43820.43556 2.83857920257331e-05
43833.94787 2.82774340716439e-05
43847.46018 2.83740471428995e-05
43860.9725 2.84999512065376e-05
43874.48481 2.83091054227824e-05
43887.99713 2.79066214340406e-05
43901.50944 2.73492902204725e-05
43915.02176 2.68303732283894e-05
43928.53407 2.62443732745399e-05
43942.04639 2.55753352852292e-05
43955.5587 2.48315282736254e-05
43969.07101 2.44495256607524e-05
43982.58333 2.44440792315699e-05
43996.09564 2.47607769401218e-05
44009.60796 2.49673741931936e-05
44023.12027 2.50261674771275e-05
44036.63259 2.51971497953437e-05
44050.1449 2.54117026158196e-05
44063.65722 2.54574839197395e-05
44077.16953 2.51961724887951e-05
44090.68184 2.47500865153819e-05
44104.19416 2.43485392778807e-05
44117.70647 2.4203315347437e-05
44131.21879 2.45622036447713e-05
44144.7311 2.50712029921174e-05
44158.24342 2.56141401831311e-05
44171.75573 2.5888929447613e-05
44185.26804 2.58653903688297e-05
44198.78036 2.55850542485506e-05
44212.29267 2.50161032319346e-05
44225.80499 2.43398392211452e-05
44239.3173 2.33701917280723e-05
44252.82962 2.25314378260526e-05
44266.34193 2.18308282637475e-05
44279.85425 2.18161515824178e-05
44293.36656 2.22035158755758e-05
44306.87887 2.29593118908215e-05
44320.39119 2.38298084227994e-05
44333.9035 2.48002117446036e-05
44347.41582 2.57837192505056e-05
44360.92813 2.67147369201148e-05
44374.44045 2.78510075789531e-05
44387.95276 2.90188728852028e-05
44401.46507 3.0183590808262e-05
44414.97739 3.09395703747303e-05
44428.4897 3.15137636975755e-05
44442.00202 3.1707021084422e-05
44455.51433 3.19109301834824e-05
44469.02665 3.17648072441917e-05
44482.53896 3.11765128676248e-05
44496.05128 2.99191168815557e-05
44509.56359 2.845271127402e-05
44523.0759 2.72335249794575e-05
44536.58822 2.64364433337268e-05
44550.10053 2.61360476810525e-05
44563.61285 2.60138818272937e-05
44577.12516 2.64413306003905e-05
44590.63748 2.69713243984554e-05
44604.14979 2.77491648702405e-05
44617.66211 2.82426857115914e-05
44631.17442 2.87447774825367e-05
44644.68673 2.89516626979813e-05
44658.19905 2.88498016755986e-05
44671.71136 2.82090012900937e-05
44685.22368 2.72485426961524e-05
44698.73599 2.65658841566367e-05
44712.24831 2.62786974619922e-05
44725.76062 2.62509519364872e-05
44739.27293 2.58852055405705e-05
44752.78525 2.55929269139127e-05
44766.29756 2.51831074279948e-05
44779.80988 2.51568112680793e-05
44793.32219 2.51666019756054e-05
44806.83451 2.53586254543707e-05
44820.34682 2.50774219438764e-05
44833.85914 2.45070107168607e-05
44847.37145 2.39860223385524e-05
44860.88376 2.36109694880476e-05
44874.39608 2.36702514074889e-05
44887.90839 2.34604641053764e-05
44901.42071 2.31830269996748e-05
44914.93302 2.27351901459406e-05
44928.44534 2.26385427458048e-05
44941.95765 2.25378390029653e-05
44955.46996 2.25492854143643e-05
44968.98228 2.25340033289732e-05
44982.49459 2.25753280747021e-05
44996.00691 2.25017958163159e-05
45009.51922 2.20009054148335e-05
45023.03154 2.12328019350946e-05
45036.54385 2.02441942972568e-05
45050.05617 1.93987301945623e-05
45063.56848 1.86874469689517e-05
45077.08079 1.81142817060202e-05
45090.59311 1.74778147416359e-05
45104.10542 1.71032433708401e-05
45117.61774 1.71617137306883e-05
45131.13005 1.75851779155608e-05
45144.64237 1.84974162690381e-05
45158.15468 1.94948014612455e-05
45171.66699 2.03798713932504e-05
45185.17931 2.11646251843299e-05
45198.69162 2.22215442687517e-05
45212.20394 2.30682832712875e-05
45225.71625 2.35327853476084e-05
45239.22857 2.35786622471403e-05
45252.74088 2.34974070244104e-05
45266.2532 2.34455272528136e-05
45279.76551 2.3158795628288e-05
45293.27782 2.27556283629262e-05
45306.79014 2.21437117813355e-05
45320.30245 2.19591650508002e-05
45333.81477 2.19104323989128e-05
45347.32708 2.2043989218114e-05
45360.8394 2.21190506773311e-05
45374.35171 2.20675179894005e-05
45387.86403 2.16538904153797e-05
45401.37634 2.09588428039209e-05
45414.88865 2.01830543933296e-05
45428.40097 1.92087124709614e-05
45441.91328 1.83069721269457e-05
45455.4256 1.73674798073399e-05
45468.93791 1.66056488014699e-05
45482.45023 1.63693679276835e-05
45495.96254 1.67438043326574e-05
45509.47485 1.72564644974007e-05
45522.98717 1.77320690638481e-05
45536.49948 1.8391092904989e-05
45550.0118 1.89576037077251e-05
45563.52411 1.95199803498618e-05
45577.03643 1.98417556357429e-05
45590.54874 2.00371444086542e-05
45604.06106 2.01369931212707e-05
45617.57337 2.01044123967165e-05
45631.08568 1.99479256333826e-05
45644.598 1.96722191678247e-05
45658.11031 1.96920690771228e-05
45671.62263 1.94985627616341e-05
45685.13494 1.92212742760883e-05
45698.64726 1.86963716908317e-05
45712.15957 1.83533919983128e-05
45725.67188 1.82136212701815e-05
45739.1842 1.78992133444873e-05
45752.69651 1.72361018843131e-05
45766.20883 1.63686247061848e-05
45779.72114 1.57934158820997e-05
45793.23346 1.53802278200043e-05
45806.74577 1.5240834055289e-05
45820.25809 1.52999586565644e-05
45833.7704 1.52611812717868e-05
45847.28271 1.51783335957248e-05
45860.79503 1.50459813935718e-05
45874.30734 1.51848963790868e-05
45887.81966 1.54800749922654e-05
45901.33197 1.58350135090022e-05
45914.84429 1.55486580027377e-05
45928.3566 1.48463772568019e-05
45941.86891 1.46207763546051e-05
45955.38123 1.4885859050701e-05
45968.89354 1.55723878200416e-05
45982.40586 1.59242507362681e-05
45995.91817 1.60771391513346e-05
46009.43049 1.60657731601314e-05
46022.9428 1.62864306003938e-05
46036.45512 1.65414532935808e-05
46049.96743 1.66158779457244e-05
46063.47974 1.68223235961017e-05
46076.99206 1.67581468104517e-05
46090.50437 1.65440370046561e-05
46104.01669 1.61039737454566e-05
46117.529 1.56864718394826e-05
46131.04132 1.52592948818385e-05
46144.55363 1.44675566114036e-05
46158.06595 1.34467638563725e-05
46171.57826 1.21908722512569e-05
46185.09057 1.14705554846098e-05
46198.60289 1.09762706196156e-05
46212.1152 1.05879238217134e-05
46225.62752 1.02297633992872e-05
46239.13983 1.00059679774598e-05
46252.65215 1.00169778883648e-05
46266.16446 9.82712327266806e-06
46279.67677 9.6413364127643e-06
46293.18909 9.40131975223088e-06
46306.7014 9.45734030717499e-06
46320.21372 9.6517963120062e-06
46333.72603 9.70376717585338e-06
46347.23835 9.8013608715937e-06
46360.75066 1.00898827043957e-05
46374.26298 1.07547880192293e-05
46387.77529 1.11378663203548e-05
46401.2876 1.12130597150424e-05
46414.79992 1.10981426058124e-05
46428.31223 1.08541457399749e-05
46441.82455 1.06061599599085e-05
46455.33686 1.02543785279091e-05
46468.84918 9.92251059533274e-06
46482.36149 9.48628343386972e-06
46495.8738 9.17857206880954e-06
46509.38612 8.90001859092913e-06
46522.89843 8.59279080971418e-06
46536.41075 8.62485310582373e-06
46549.92306 8.83779967793703e-06
46563.43538 9.30654246702055e-06
46576.94769 9.69154305654055e-06
46590.46001 1.00994054134003e-05
46603.97232 1.06264223615741e-05
46617.48463 1.0705992550524e-05
46630.99695 1.06230575665974e-05
46644.50926 1.02142003799923e-05
46658.02158 9.81313260768354e-06
46671.53389 9.28438497795462e-06
46685.04621 8.61348276732718e-06
46698.55852 8.01938475454172e-06
46712.07083 7.54462821115418e-06
46725.58315 7.71597373452641e-06
46739.09546 7.9654953973762e-06
46752.60778 8.0972204907552e-06
46766.12009 8.13564966379857e-06
46779.63241 8.23678663935428e-06
46793.14472 8.76576656514591e-06
46806.65704 9.22191747181417e-06
46820.16935 9.60656787111613e-06
46833.68166 1.01077517845045e-05
46847.19398 1.05580555709363e-05
46860.70629 1.09829755134013e-05
46874.21861 1.12121029714834e-05
46887.73092 1.14633103548216e-05
46901.24324 1.1778071540758e-05
46914.75555 1.23223558782943e-05
46928.26787 1.30673461849952e-05
46941.78018 1.3468527480796e-05
46955.29249 1.40064400044961e-05
46968.80481 1.46053371372873e-05
46982.31712 1.50654556658578e-05
46995.82944 1.47299772476057e-05
47009.34175 1.38132015103377e-05
47022.85407 1.27739092781969e-05
47036.36638 1.15990347096183e-05
47049.87869 1.06423716555163e-05
47063.39101 9.81797403884601e-06
47076.90332 9.33533781852104e-06
47090.41564 9.52691347658885e-06
47103.92795 1.01651479906688e-05
47117.44027 1.08463331936708e-05
47130.95258 1.13089041304629e-05
47144.4649 1.1698242155059e-05
47157.97721 1.21819933574518e-05
47171.48952 1.23741629484787e-05
47185.00184 1.23132227020472e-05
47198.51415 1.19622986337316e-05
47212.02647 1.18806498777236e-05
47225.53878 1.22509823030364e-05
47239.0511 1.27395307287873e-05
47252.56341 1.3256546008289e-05
47266.07572 1.36230572545006e-05
47279.58804 1.40899476827844e-05
47293.10035 1.44461562434799e-05
47306.61267 1.4576499122046e-05
47320.12498 1.47291181774745e-05
47333.6373 1.47273800534286e-05
47347.14961 1.47939929566974e-05
47360.66193 1.45311743957654e-05
47374.17424 1.39203106850393e-05
47387.68655 1.3319038625427e-05
47401.19887 1.28384057382855e-05
47414.71118 1.25018435613982e-05
47428.2235 1.19335179910223e-05
47441.73581 1.12467600324872e-05
47455.24813 1.06846186066821e-05
47468.76044 1.04794073112031e-05
47482.27276 1.05206258517597e-05
47495.78507 1.05286057394765e-05
47509.29738 1.06446803168007e-05
47522.8097 1.10445855631718e-05
47536.32201 1.15020763570942e-05
47549.83433 1.19483366787557e-05
47563.34664 1.22160305484609e-05
47576.85896 1.23984583842927e-05
47590.37127 1.26945930296184e-05
47603.88358 1.25952301860387e-05
47617.3959 1.21552747194184e-05
47630.90821 1.14230464146502e-05
47644.42053 1.09465605613552e-05
47657.93284 1.08209606527363e-05
47671.44516 1.06082414840775e-05
47684.95747 1.02192248798443e-05
47698.46979 9.59995092214827e-06
47711.9821 9.28352401865536e-06
47725.49441 9.13994160455055e-06
47739.00673 8.82287102094532e-06
47752.51904 8.3680164756788e-06
47766.03136 7.81228615724705e-06
47779.54367 7.61734991992355e-06
47793.05599 7.71324407632805e-06
47806.5683 7.80686620154371e-06
47820.08061 7.9835794803604e-06
47833.59293 8.2043521362233e-06
47847.10524 8.5242089807029e-06
47860.61756 8.72663125077845e-06
47874.12987 8.57161621128065e-06
47887.64219 8.34038753372629e-06
47901.1545 8.18607568234421e-06
47914.66682 8.10867343272238e-06
47928.17913 7.72967202103981e-06
47941.69144 7.185174290538e-06
47955.20376 6.77552660167745e-06
47968.71607 6.47289104727651e-06
47982.22839 6.3848852129181e-06
47995.7407 6.05361820147882e-06
48009.25302 5.43066061839746e-06
48022.76533 4.91283542707312e-06
48036.27764 4.97474573250106e-06
48049.78996 5.13600333194999e-06
48063.30227 5.02981672144956e-06
48076.81459 4.81687998398159e-06
48090.3269 4.63980418314622e-06
48103.83922 4.64929246070444e-06
48117.35153 4.70129187894138e-06
48130.86385 4.6373150196017e-06
48144.37616 4.32430019529841e-06
48157.88847 4.27790707952524e-06
48171.40079 4.66241003191627e-06
48184.9131 5.06818712622027e-06
48198.42542 5.30410381809816e-06
48211.93773 5.31719012516089e-06
48225.45005 5.32646621938605e-06
48238.96236 5.17699474067678e-06
48252.47468 4.88235907669156e-06
48265.98699 4.43172067070438e-06
48279.4993 3.86007022771194e-06
48293.01162 3.39546123565892e-06
48306.52393 3.08610515770144e-06
48320.03625 2.85463848343079e-06
48333.54856 2.77906182822954e-06
48347.06088 3.15335232929134e-06
48360.57319 3.81911641873399e-06
48374.0855 4.56582688715538e-06
48387.59782 5.2464365107014e-06
48401.11013 5.96651504116453e-06
48414.62245 6.76792175027798e-06
48428.13476 7.69100577644384e-06
48441.64708 8.62897638073952e-06
48455.15939 9.18388244253197e-06
48468.67171 9.54141801024943e-06
48482.18402 9.82938056256059e-06
48495.69633 1.00616846790434e-05
48509.20865 1.01550568812041e-05
48522.72096 1.00676746887761e-05
48536.23328 1.00029306387768e-05
48549.74559 1.01115553939082e-05
48563.25791 1.03526830394708e-05
48576.77022 1.06070709198328e-05
48590.28253 1.07389918233481e-05
48603.79485 1.09603460831139e-05
48617.30716 1.13100905611647e-05
48630.81948 1.1572881549266e-05
48644.33179 1.1628467293247e-05
48657.84411 1.13523999994451e-05
48671.35642 1.10825509410862e-05
48684.86874 1.09284113880154e-05
48698.38105 1.06755620055851e-05
48711.89336 1.02527097114517e-05
48725.40568 9.77487310151976e-06
48738.91799 9.57475905426799e-06
48752.43031 9.73322572063327e-06
48765.94262 9.77863960814798e-06
48779.45494 9.61880273130854e-06
48792.96725 9.21562884062754e-06
48806.47956 8.9797746403935e-06
48819.99188 9.02287778696738e-06
48833.50419 9.01604758402214e-06
48847.01651 8.76458313256036e-06
48860.52882 8.30972742938546e-06
48874.04114 8.109249888075e-06
48887.55345 8.1809336776352e-06
48901.06577 8.2388704816397e-06
48914.57808 8.24641623970211e-06
48928.09039 8.1741653241961e-06
48941.60271 8.20176854356457e-06
48955.11502 8.30475866759403e-06
48968.62734 8.17057243652197e-06
48982.13965 7.88007003848309e-06
48995.65197 7.54287177791475e-06
49009.16428 7.63691739396314e-06
49022.6766 7.72232099958324e-06
49036.18891 7.63152391504556e-06
49049.70122 7.31421923711199e-06
49063.21354 7.07107033593096e-06
49076.72585 7.30786486955427e-06
49090.23817 7.53023393309603e-06
49103.75048 7.58544051846559e-06
49117.2628 7.10927750765373e-06
49130.77511 6.64980628602932e-06
49144.28742 6.31244097751458e-06
49157.79974 6.17213892471496e-06
49171.31205 6.06037587767722e-06
49184.82437 5.65538513707298e-06
49198.33668 5.34395818944061e-06
49211.849 5.19998869568976e-06
49225.36131 5.37560677385607e-06
49238.87363 5.54572708931248e-06
49252.38594 5.72406739857491e-06
49265.89825 5.8804726482323e-06
49279.41057 6.16062912605422e-06
49292.92288 6.46733538990923e-06
49306.4352 6.68706300639654e-06
49319.94751 6.74994896658074e-06
49333.45983 6.63390947059992e-06
49346.97214 6.57431505789766e-06
49360.48445 6.71174607671935e-06
49373.99677 6.64441667975838e-06
49387.50908 6.28859319418132e-06
49401.0214 6.00882479409841e-06
49414.53371 5.94085084925506e-06
49428.04603 6.10891197141516e-06
49441.55834 6.09389341970693e-06
49455.07066 6.04056849735813e-06
49468.58297 5.7344231670935e-06
49482.09528 5.73093727454035e-06
49495.6076 5.87482803129194e-06
49509.11991 5.62393433978641e-06
49522.63223 5.16045050045428e-06
49536.14454 4.6010939942091e-06
49549.65686 4.38662550771003e-06
49563.16917 4.27864232769935e-06
49576.68148 4.29209388189413e-06
49590.1938 4.15442806465073e-06
49603.70611 3.97138317127529e-06
49617.21843 4.18104024972399e-06
49630.73074 4.5489671432948e-06
49644.24306 4.90152442906046e-06
49657.75537 4.97302431259784e-06
49671.26769 4.86100091171864e-06
49684.78 4.66134769650467e-06
49698.29231 4.50955117098299e-06
49711.80463 4.3975903118412e-06
49725.31694 4.18321762573313e-06
49738.82926 3.89070310101372e-06
49752.34157 3.66655633076478e-06
49765.85389 3.70360049001816e-06
49779.3662 3.7421311610312e-06
49792.87852 3.416278020336e-06
49806.39083 3.03185976607588e-06
49819.90314 2.63159525114974e-06
49833.41546 2.31175103405264e-06
49846.92777 1.9467818094419e-06
49860.44009 1.61991728483427e-06
49873.9524 1.30808340197351e-06
49887.46472 1.22971320376184e-06
49900.97703 1.63517400025228e-06
49914.48934 2.1352697933291e-06
49928.00166 2.59763509301054e-06
49941.51397 2.88226640091246e-06
49955.02629 3.2449741796127e-06
49968.5386 3.45565928609456e-06
49982.05092 3.54365362920739e-06
49995.56323 3.42382478451458e-06
50009.07555 3.23447966829413e-06
50022.58786 3.10045573388426e-06
50036.10017 2.99323967643569e-06
50049.61249 3.14770346431858e-06
50063.1248 3.17134016946319e-06
50076.63712 3.11212909673259e-06
50090.14943 3.02073466190463e-06
50103.66175 3.10147028300674e-06
50117.17406 3.22379186125206e-06
50130.68637 3.08655067476815e-06
50144.19869 2.87443641484827e-06
50157.711 2.49607979541377e-06
50171.22332 2.23047724092645e-06
50184.73563 2.08602420451916e-06
50198.24795 2.04511342213099e-06
50211.76026 1.78324732721758e-06
50225.27258 1.54867808883576e-06
50238.78489 1.61686237327993e-06
50252.2972 1.78772402992278e-06
50265.80952 1.8199298322293e-06
50279.32183 1.60040748381242e-06
50292.83415 1.36852421880297e-06
50306.34646 1.14505012234482e-06
50319.85878 1.23773440902854e-06
50333.37109 1.30533346104243e-06
50346.88341 1.39388239408808e-06
50360.39572 1.43238347598718e-06
50373.90803 1.58099580416854e-06
50387.42035 1.91086604204909e-06
50400.93266 2.1717782169159e-06
50414.44498 2.38231677536191e-06
50427.95729 2.41179587708153e-06
50441.46961 2.40261294512587e-06
50454.98192 2.25227597584723e-06
50468.49423 2.09737438488847e-06
50482.00655 1.82825910600194e-06
50495.51886 1.50151572584611e-06
50509.03118 1.23723560448875e-06
50522.54349 1.01944999568348e-06
50536.05581 8.22243641131324e-07
50549.56812 6.06917985006926e-07
50563.08044 3.69133707038053e-07
50576.59275 1.33748248411024e-07
50590.10506 2.27642833058018e-08
50603.61738 7.09706762089119e-09
50617.12969 4.10679725122016e-08
50630.64201 4.15962634901771e-08
50644.15432 4.14887773636692e-08
50657.66664 4.13809794659549e-08
50671.17895 4.12728590049203e-08
50684.69126 4.11644045496207e-08
50698.20358 4.10489931483932e-08
50711.71589 3.77991851466979e-08
50725.22821 4.11300767358869e-09
50738.74052 3.4724786677215e-09
50752.25284 3.46593749651997e-09
50765.76515 3.51345506947152e-09
50779.27747 8.07075870410638e-09
50792.78978 5.92176317123065e-08
50806.30209 1.1069223534082e-07
50819.81441 1.91060635280021e-07
50833.32672 2.76384875039993e-07
50846.83904 3.36384391388696e-07
50860.35135 3.68312683815765e-07
50873.86367 4.10439194948332e-07
50887.37598 4.76433123393294e-07
50900.88829 4.27894364367879e-07
50914.40061 3.76680058328516e-07
50927.91292 3.00821981240589e-07
50941.42524 3.21479180108327e-07
50954.93755 4.36431319765906e-07
50968.44987 6.31164102407656e-07
50981.96218 7.86883469477337e-07
50995.4745 7.60082393236244e-07
