"wave" "response"
5502.00012207031 4.26305972635387e-10
5512.00012207031 2.89113281148012e-10
5522.00012207031 4.42052119384158e-10
5532.00012207031 6.29115955773223e-10
5542.00012207031 6.79127508720002e-10
5552.00012207031 5.57570222056917e-10
5562.00012207031 5.27151810188156e-10
5572.00012207031 5.92506606184912e-10
5582.00012207031 3.45209904165122e-10
5592.00012207031 1.73756393084202e-10
5602.00012207031 2.33386443879536e-10
5612.00012207031 2.35538683694936e-10
5622.00012207031 3.27951826747842e-10
5632.00012207031 2.74444950906784e-10
5642.00012207031 5.04129943013459e-10
5652.00012207031 8.58587480728633e-10
5662.00012207031 1.06993991287128e-09
5672.00012207031 1.69835812520895e-09
5682.00012207031 1.8600622133661e-09
5692.00012207031 2.51325584898395e-09
5702.00012207031 1.76976494113439e-09
5712.00012207031 1.57600478215023e-09
5722.00012207031 9.84588582692657e-10
5732.00012207031 1.86778389198718e-09
5742.00012207031 2.12774826518244e-09
5752.00012207031 1.76001459677393e-09
5762.00012207031 2.67672644454764e-09
5772.00012207031 2.22615729110794e-09
5782.00012207031 2.86357490297885e-09
5792.00012207031 1.57965869568101e-09
5802.00012207031 2.29518308413452e-09
5812.00012207031 1.78633044639105e-09
5822.00012207031 2.57415279750724e-09
5832.00012207031 2.67896845114137e-09
5842.00012207031 3.31493131860892e-09
5852.00012207031 4.71458885180449e-09
5862.00012207031 6.07340504440372e-09
5872.00012207031 7.49075091662302e-09
5882.00012207031 5.95535762004084e-09
5892.00012207031 6.21694067265513e-09
5902.00012207031 7.73174019374328e-09
5912.00012207031 9.11948167131176e-09
5922.00012207031 9.33446887227041e-09
5932.00012207031 8.60531900167011e-09
5942.00012207031 1.12299876778556e-08
5952.00012207031 1.24432035549739e-08
5962.00012207031 1.24639056683392e-08
5972.00012207031 1.09610565895564e-08
5982.00012207031 1.24424511209531e-08
5992.00012207031 1.53578637122348e-08
6002.00012207031 1.88277821062621e-08
6012.00012207031 3.15716061084466e-08
6022.00012207031 5.62892280875802e-08
6032.00012207031 9.12960228469269e-08
6042.00012207031 1.21553187871367e-07
6052.00012207031 1.45535174797003e-07
6062.00012207031 1.61424172588091e-07
6072.00012207031 1.71427626120513e-07
6082.00012207031 1.72903696658006e-07
6092.00012207031 1.70654958090687e-07
6102.00012207031 1.80302413888044e-07
6112.00012207031 2.1552050678186e-07
6122.00012207031 2.80333189371559e-07
6132.00012207031 3.69694875071756e-07
6142.00012207031 4.70627453602224e-07
6152.00012207031 5.51729163894681e-07
6162.00012207031 5.88034576159751e-07
6172.00012207031 5.85162639512685e-07
6182.00012207031 6.00147889427088e-07
6192.00012207031 6.99597573250614e-07
6202.00012207031 9.33201747243351e-07
6212.00012207031 1.28070395248331e-06
6222.00012207031 1.66012222146367e-06
6232.00012207031 1.94175531587121e-06
6242.00012207031 2.03185645226689e-06
6252.00012207031 1.90457497883183e-06
6262.00012207031 1.60125372739546e-06
6272.00012207031 1.23393612504848e-06
6282.00012207031 8.98817853993585e-07
6292.00012207031 6.69167111086172e-07
6302.00012207031 5.34750988263484e-07
6312.00012207031 4.56249705154281e-07
6322.00012207031 4.02175757611107e-07
6332.00012207031 3.63766625897242e-07
6342.00012207031 3.44664312169701e-07
6352.00012207031 3.41303232960929e-07
6362.00012207031 3.44153443712892e-07
6372.00012207031 3.4202278761725e-07
6382.00012207031 3.18242863910266e-07
6392.00012207031 2.80095204343332e-07
6402.00012207031 2.32549843040766e-07
6412.00012207031 1.89049115504028e-07
6422.00012207031 1.52622923885111e-07
6432.00012207031 1.25574217634641e-07
6442.00012207031 1.07990770692738e-07
6452.00012207031 9.50810077521717e-08
6462.00012207031 9.33696897209091e-08
6472.00012207031 9.53736588066937e-08
6482.00012207031 9.6483934705106e-08
6492.00012207031 9.41687068100968e-08
6502.00012207031 9.26872605193787e-08
6512.00012207031 1.00185416948335e-07
6522.00012207031 9.6873265774509e-08
6532.00012207031 9.41511128648499e-08
6542.00012207031 9.19772606829573e-08
6552.00012207031 9.77597261220766e-08
6562.00012207031 1.0938651024192e-07
6572.00012207031 1.11846351882696e-07
6582.00012207031 1.04745910320168e-07
6592.00012207031 9.64962689612368e-08
6602.00012207031 9.62030956685568e-08
6612.00012207031 1.03575996316743e-07
6622.00012207031 1.1306511439551e-07
6632.00012207031 1.15669180125663e-07
6642.00012207031 1.22353654271632e-07
6652.00012207031 1.24079826045625e-07
6662.00012207031 1.26416350004679e-07
6672.00012207031 1.36612815478482e-07
6682.00012207031 1.50588573266463e-07
6692.00012207031 1.61769078534181e-07
6702.00012207031 1.5818852824468e-07
6712.00012207031 1.53769170058902e-07
6722.00012207031 1.54134736704353e-07
6732.00012207031 1.55589656844763e-07
6742.00012207031 1.56640405992918e-07
6752.00012207031 1.60666174550882e-07
6762.00012207031 1.69933091051338e-07
6772.00012207031 1.70469759711948e-07
6782.00012207031 1.6650499495076e-07
6792.00012207031 1.65118582079234e-07
6802.00012207031 1.65249150196147e-07
6812.00012207031 1.56608800302066e-07
6822.00012207031 1.53535860719806e-07
6832.00012207031 1.4049114320869e-07
6842.00012207031 1.36208198125054e-07
6852.00012207031 1.27050782405576e-07
6862.00012207031 1.29512720189962e-07
6872.00012207031 1.38739169830356e-07
6882.00012207031 1.5583640962393e-07
6892.00012207031 1.74776591471572e-07
6902.00012207031 1.75329027146748e-07
6912.00012207031 1.73629119307082e-07
6922.00012207031 1.61188717794908e-07
6932.00012207031 1.67314466551045e-07
6942.00012207031 1.68872784506891e-07
6952.00012207031 1.68641450670995e-07
6962.00012207031 1.60187233146098e-07
6972.00012207031 1.44616795766193e-07
6982.00012207031 1.38036394704676e-07
6992.00012207031 1.3438191373908e-07
7002.00012207031 1.3123453520189e-07
7012.00012207031 1.41310163457559e-07
7022.00012207031 1.44099684019899e-07
7032.00012207031 1.52395655625185e-07
7042.00012207031 1.48484170233727e-07
7052.00012207031 1.55415146030719e-07
7062.00012207031 1.52175713757017e-07
7072.00012207031 1.48169604951998e-07
7082.00012207031 1.4622332922863e-07
7092.00012207031 1.62712377441002e-07
7102.00012207031 1.7802226743538e-07
7112.00012207031 1.68346630355925e-07
7122.00012207031 1.55555032420378e-07
7132.00012207031 1.37904200976423e-07
7142.00012207031 1.3686106671935e-07
7152.00012207031 1.14535294183592e-07
7162.00012207031 9.86190787609372e-08
7172.00012207031 1.00485540153782e-07
7182.00012207031 1.02218107894814e-07
7192.00012207031 1.15294272807082e-07
7202.00012207031 1.19367563203909e-07
7212.00012207031 1.50333756385738e-07
7222.00012207031 1.49887144393925e-07
7232.00012207031 1.47518259039094e-07
7242.00012207031 1.15139869408294e-07
7252.00012207031 1.16062191075191e-07
7262.00012207031 1.13628416379864e-07
7272.00012207031 1.35326604139467e-07
7282.00012207031 1.35794421691472e-07
7292.00012207031 1.39665180774381e-07
7302.00012207031 1.51351539901862e-07
7312.00012207031 1.62151352159933e-07
7322.00012207031 1.78033735778143e-07
7332.00012207031 1.72941808605847e-07
7342.00012207031 1.88365902941123e-07
7352.00012207031 1.8355995097941e-07
7362.00012207031 1.91477859632092e-07
7372.00012207031 1.83344955303007e-07
7382.00012207031 1.7886297602617e-07
7392.00012207031 1.65700936064538e-07
7402.00012207031 1.49260179784885e-07
7412.00012207031 1.62132336402063e-07
7422.00012207031 1.70329822819876e-07
7432.00012207031 1.65263529724844e-07
7442.00012207031 1.3108412075687e-07
7452.00012207031 9.30553368868528e-08
7462.00012207031 8.82592343005511e-08
7472.00012207031 1.05938878351904e-07
7482.00012207031 1.35395351140975e-07
7492.00012207031 1.40883501872703e-07
7502.00012207031 1.62969004959977e-07
7512.00012207031 1.67077119207015e-07
7522.00012207031 1.93667686419378e-07
7532.00012207031 1.47496515049465e-07
7542.00012207031 1.47701584163401e-07
7552.00012207031 1.43968039716297e-07
7562.00012207031 1.75169999476085e-07
7572.00012207031 1.89190071260474e-07
7582.00012207031 1.91594153633972e-07
7592.00012207031 1.77627567716927e-07
7602.00012207031 1.68849102050174e-07
7612.00012207031 1.47597298691906e-07
7622.00012207031 1.43684446347919e-07
7632.00012207031 1.39433486025615e-07
7642.00012207031 1.42674608653204e-07
7652.00012207031 1.56594098284828e-07
7662.00012207031 1.46584954570994e-07
7672.00012207031 1.39307439118828e-07
7682.00012207031 1.34976245028633e-07
7692.00012207031 1.50272210774043e-07
7702.00012207031 1.63559212023056e-07
7712.00012207031 1.75716916087497e-07
7722.00012207031 1.45415980768109e-07
7732.00012207031 1.09932192561956e-07
7742.00012207031 8.70859495909218e-08
7752.00012207031 1.44894723846693e-07
7762.00012207031 1.45165242557844e-07
7772.00012207031 1.52478791356448e-07
7782.00012207031 7.52617377356035e-08
7792.00012207031 1.23199475074498e-07
7802.00012207031 1.69270841030163e-07
7812.00012207031 1.9245596853197e-07
7822.00012207031 1.80627717472006e-07
7832.00012207031 1.19895060285754e-07
7842.00012207031 9.94635462274828e-08
7852.00012207031 8.45259927135444e-08
7862.00012207031 6.34030339752936e-08
7872.00012207031 7.90448893744612e-08
7882.00012207031 5.72357496180025e-08
7892.00012207031 6.41898560620621e-08
7902.00012207031 3.24937864679602e-08
7912.00012207031 2.32111879994653e-08
7922.00012207031 1.96949015191609e-08
7932.00012207031 4.91162272348427e-08
7942.00012207031 4.51860637785865e-08
7952.00012207031 5.9185752003882e-08
7962.00012207031 9.67646666101748e-08
7972.00012207031 9.69641177315379e-08
7982.00012207031 7.13928984679226e-08
7992.00012207031 1.04732577130991e-08
8002.00012207031 8.94895733465777e-09
8012.00012207031 7.93435305897126e-09
8022.00012207031 2.18376220171382e-09
8032.00012207031 8.4196533725132e-10
8042.00012207031 1.5044089044455e-09
8052.00012207031 6.92094315176557e-10
8062.00012207031 6.96042159516183e-10
8072.00012207031 1.03663442322502e-08
8082.00012207031 1.03956278789345e-08
8092.00012207031 1.04208020900879e-08
8102.00012207031 9.14990442506235e-09
8112.00012207031 1.77564507215138e-08
8122.00012207031 4.22970958804449e-08
8132.00012207031 3.82470556857298e-08
8142.00012207031 2.96724757664922e-08
8152.00012207031 5.0952425533119e-09
8162.00012207031 1.5596518745311e-08
8172.00012207031 1.82353813620671e-08
8182.00012207031 2.05594490412108e-08
8192.00012207031 4.96568761380328e-09
8202.00012207031 2.33668758476301e-09
8212.00012207031 7.80180519153904e-09
8222.00012207031 7.81060634343773e-09
8232.00012207031 2.08537068762597e-08
8242.00012207031 2.10284467076306e-08
8252.00012207031 3.35998034767823e-08
8262.00012207031 4.13853653933131e-08
8272.00012207031 3.44456524527037e-08
8282.00012207031 3.00064875606677e-08
8292.00012207031 1.40176666286412e-08
8302.00012207031 3.15503548060599e-08
8312.00012207031 3.44237634151938e-08
8322.00012207031 3.25049642207002e-08
8332.00012207031 4.40088362032077e-08
8342.00012207031 4.19168631803451e-08
8352.00012207031 3.95372404761802e-08
8362.00012207031 1.93856865228942e-08
8372.00012207031 2.06538395575765e-08
8382.00012207031 2.12449941840396e-08
8392.00012207031 2.97621516126291e-08
8402.00012207031 2.88826966005552e-08
8412.00012207031 4.63100168816374e-08
8422.00012207031 2.7821801518166e-08
8432.00012207031 2.15800773923159e-08
8442.00012207031 3.03891471776497e-09
8452.00012207031 3.0438304483678e-09
8462.00012207031 1.36095237580475e-08
8472.00012207031 2.6100209694153e-08
8482.00012207031 2.61249193483372e-08
8492.00012207031 3.7214707095092e-08
8502.00012207031 2.47810671863514e-08
8512.00012207031 3.42263718726494e-08
8522.00012207031 2.96212727519782e-08
8532.00012207031 2.96828550778331e-08
8542.00012207031 2.02654110863202e-08
8552.00012207031 3.01103582894629e-11
8562.00012207031 1.72158734225662e-08
8572.00012207031 1.72516963263982e-08
8582.00012207031 1.72786218443457e-08
8592.00012207031 2.46586263345657e-08
8602.00012207031 2.47004888746962e-08
8612.00012207031 4.16678458770523e-08
8622.00012207031 2.59328041139683e-08
8632.00012207031 2.90777795762806e-08
8642.00012207031 1.20789019412461e-08
8652.00012207031 3.14093092968294e-09
8662.00012207031 1.81056105121672e-08
8672.00012207031 2.19679589375961e-08
8682.00012207031 2.19758262571091e-08
8692.00012207031 2.1654582122321e-08
8702.00012207031 3.693089997774e-08
8712.00012207031 9.73288573961531e-08
8722.00012207031 1.08781840561739e-07
8732.00012207031 8.96569739972716e-08
8742.00012207031 2.91734984930321e-08
8752.00012207031 4.53545896097596e-08
8762.00012207031 4.54044201177245e-08
8772.00012207031 7.16708841434841e-08
8782.00012207031 2.62484807870075e-08
8792.00012207031 7.84562056947937e-08
8802.00012207031 5.22554150882725e-08
8812.00012207031 1.3715841519802e-07
8822.00012207031 8.48172443085042e-08
8832.00012207031 8.48556689336618e-08
8842.00012207031 3.10587957671695e-11
8852.00012207031 2.45320387825023e-08
8862.00012207031 9.39655131376994e-08
8872.00012207031 1.34893236750131e-07
8882.00012207031 1.10399452062237e-07
8892.00012207031 4.0908586066875e-08
8902.00012207031 7.49647437747524e-08
8912.00012207031 7.5161089559745e-08
8922.00012207031 7.524631381312e-08
8932.00012207031 3.14159480143178e-11
8942.00012207031 3.1462238832114e-11
8952.00012207031 1.75041113896707e-07
8962.00012207031 5.40559268633162e-07
8972.00012207031 5.4039572496393e-07
8982.00012207031 3.89169542886705e-07
8992.00012207031 4.09898986573273e-08
9002.00012207031 7.88811500137556e-08
9012.00012207031 6.55273700055741e-08
9022.00012207031 7.18080454452267e-08
9032.00012207031 3.99845794009316e-08
9042.00012207031 6.47807792491005e-08
9052.00012207031 5.75778099631904e-08
9062.00012207031 5.16098969125941e-08
9072.00012207031 6.58038399127536e-08
9082.00012207031 8.47041760659067e-08
9092.00012207031 9.4857469897652e-08
9102.00012207031 6.52037639270024e-08
9112.00012207031 3.1068458567147e-08
9122.00012207031 2.55931659306028e-08
9132.00012207031 2.852719172046e-08
9142.00012207031 4.92717084899738e-08
9152.00012207031 6.21810652728536e-08
9162.00012207031 4.7191615278213e-08
9172.00012207031 4.65920086845524e-08
9182.00012207031 2.91646688781532e-08
9192.00012207031 6.88899161996674e-08
9202.00012207031 4.75807799598555e-08
9212.00012207031 9.29648278451325e-08
9222.00012207031 7.00968103068723e-08
9232.00012207031 7.00498074876711e-08
9242.00012207031 4.16142496414077e-08
9252.00012207031 3.71523648686847e-08
9262.00012207031 5.18696754564577e-08
9272.00012207031 4.34199191116688e-08
9282.00012207031 5.19088829864573e-08
9292.00012207031 3.72146140099166e-08
9302.00012207031 6.18535019895297e-08
9312.00012207031 4.8174375690003e-08
9322.00012207031 8.83459046605552e-08
9332.00012207031 8.48781006955146e-08
9342.00012207031 8.80941757390615e-08
9352.00012207031 5.55950089794997e-08
9362.00012207031 2.76825879969239e-08
9372.00012207031 4.25608487173397e-08
9382.00012207031 3.6538925903437e-08
9392.00012207031 5.77143048011138e-08
9402.00012207031 4.04009768161809e-08
9412.00012207031 8.49884659261764e-08
9422.00012207031 7.3494118443902e-08
9432.00012207031 6.70070604775116e-08
9442.00012207031 6.80659573864454e-08
9452.00012207031 1.07783141552956e-07
9462.00012207031 1.4023637606439e-07
9472.00012207031 1.6652773158663e-07
9482.00012207031 1.53717412233239e-07
9492.00012207031 1.95049470316994e-07
9502.00012207031 1.93447648719699e-07
9512.00012207031 2.39035489152394e-07
9522.00012207031 2.60061362938377e-07
9532.00012207031 2.43213005892832e-07
9542.00012207031 2.50828221188056e-07
9552.00012207031 2.57841272001652e-07
9562.00012207031 3.40356472924848e-07
9572.00012207031 4.14666428243702e-07
9582.00012207031 5.34419728608268e-07
9592.00012207031 6.81187574189697e-07
9602.00012207031 8.71499235394573e-07
9612.00012207031 1.09747802612452e-06
9622.00012207031 1.35436824477348e-06
9632.00012207031 1.62468583333849e-06
9642.00012207031 1.88394688132195e-06
9652.00012207031 2.16485756019435e-06
9662.00012207031 2.48312519528836e-06
9672.00012207031 2.9293373477606e-06
9682.00012207031 3.48232808811103e-06
9692.00012207031 4.20446158942032e-06
9702.00012207031 5.01032088395165e-06
9712.00012207031 5.95184700911034e-06
9722.00012207031 6.91893762809356e-06
9732.00012207031 7.89212671729173e-06
9742.00012207031 8.79048608540484e-06
9752.00012207031 9.67260846364735e-06
9762.00012207031 1.05759177086477e-05
9772.00012207031 1.16766360387755e-05
9782.00012207031 1.30976864705985e-05
9792.00012207031 1.50311351366125e-05
9802.00012207031 1.763488805271e-05
9812.00012207031 2.11478414990581e-05
9822.00012207031 2.59055984384109e-05
9832.00012207031 3.22266429834411e-05
9842.00012207031 4.03868576043038e-05
9852.00012207031 5.07966872285519e-05
9862.00012207031 6.34952755120388e-05
9872.00012207031 7.87029678359682e-05
9882.00012207031 9.64730726216768e-05
9892.00012207031 0.000116806454905299
9902.00012207031 0.000139914750343359
9912.00012207031 0.000165641574469257
9922.00012207031 0.000194667782986353
9932.00012207031 0.000227798371643452
9942.00012207031 0.000266434209245941
9952.00012207031 0.000312148072994331
9962.00012207031 0.000369171732102551
9972.00012207031 0.000442097048953069
9982.00012207031 0.0130069070609388
9992.00012207031 0.027075596871288
10002.0001220703 0.0428147855889023
10012.0001220703 0.0476831997686823
10022.0001220703 0.0534746908178113
10032.0001220703 0.0594043251112833
10042.0001220703 0.0667910334388254
10052.0001220703 0.0749599399785038
10062.0001220703 0.085546777815513
10072.0001220703 0.0973747351641447
10082.0001220703 0.110892847273249
10092.0001220703 0.125959620129584
10102.0001220703 0.142038616505914
10112.0001220703 0.159726625024482
10122.0001220703 0.177810127051588
10132.0001220703 0.196057078075799
10142.0001220703 0.212324326093761
10152.0001220703 0.226329874432245
10162.0001220703 0.236459743445075
10172.0001220703 0.243699601938641
10182.0001220703 0.24743946851571
10192.0001220703 0.24963041956838
10202.0001220703 0.249793700298378
10212.0001220703 0.250261666153595
10222.0001220703 0.250079069776921
10232.0001220703 0.250113573474932
10241.9995117187 0.249845895235098
10251.9995117188 0.250314327443432
10261.9995117187 0.250756527351734
10271.9995117188 0.251705508599235
10281.9995117187 0.252747195730609
10291.9995117188 0.253877564930656
10301.9995117187 0.255082683343898
10311.9995117188 0.256275212670801
10321.9995117187 0.258663699683047
10331.9995117188 0.260133279979448
10341.9995117188 0.262402237551478
10351.9995117188 0.26398841058552
10361.9995117188 0.265626874222859
10371.9995117188 0.265954568160007
10381.9995117188 0.26770563247213
10391.9995117188 0.269277513854088
10401.9995117188 0.270916935511415
10411.9995117188 0.271162671891424
10421.9995117188 0.271870392780175
10431.9995117188 0.271918786535956
10441.9995117188 0.272390633709124
10451.9995117188 0.273165618251666
10461.9995117188 0.274092734504219
10471.9995117188 0.274926693795928
10481.9995117188 0.275897904607206
10491.9995117188 0.276496880971974
10501.9995117188 0.277265646642288
10511.9995117188 0.278808772178995
10521.9995117188 0.280158751479246
10531.9995117188 0.280862079101976
10541.9995117188 0.281872038305629
10551.9995117188 0.282427402512788
10561.9995117188 0.282448353499587
10571.9995117188 0.281722084565197
10581.9995117188 0.281734322098636
10591.9995117188 0.28166979964935
10601.9995117188 0.280976025507712
10611.9995117188 0.280240000503143
10621.9995117188 0.279373385143348
10631.9995117188 0.278057568437532
10641.9995117188 0.277150450251127
10651.9995117188 0.27608483610992
10661.9995117188 0.275617786727492
10671.9995117188 0.273528530296473
10681.9995117188 0.272127108516222
10691.9995117188 0.270208978567534
10701.9995117188 0.268115906388562
10711.9995117188 0.266500857271911
10721.9995117188 0.265164521539089
10731.9995117188 0.263776517243281
10741.9995117188 0.261777509737448
10751.9995117188 0.260488018091025
10761.9995117188 0.259950011673251
10771.9995117188 0.258909910975679
10781.9995117188 0.258744990947852
10791.9995117188 0.258554566660713
10801.9995117188 0.258547908123298
10811.9995117188 0.258841334633052
10821.9995117188 0.259810019198539
10831.9995117188 0.260175337994467
10841.9995117188 0.26100043896025
10851.9995117188 0.261726462423614
10861.9995117188 0.263637644682748
10871.9995117188 0.264795093125702
10881.9995117188 0.266784697531819
10891.9995117188 0.268692212085167
10901.9995117188 0.271332874508019
10911.9995117188 0.273475019045638
10921.9995117188 0.276083624868968
10931.9995117188 0.278459103242722
10941.9995117188 0.280850274308974
10951.9995117188 0.283038537503253
10961.9995117188 0.284887894925932
10971.9995117188 0.287614946639246
10981.9995117188 0.289655270969045
10991.9995117188 0.291704026472674
11001.9995117188 0.292502442162987
11011.9995117188 0.293558317801312
11021.9995117188 0.294458863119175
11031.9995117188 0.295634581082028
11041.9995117188 0.29649577609887
11051.9995117188 0.297422390910882
11061.9995117188 0.297473488302238
11071.9995117188 0.29757076861875
11081.9995117188 0.297381488830485
11091.9995117188 0.296802658240233
11101.9995117188 0.297083381745387
11111.9995117188 0.297143028831001
11121.9995117188 0.297468494483502
11131.9995117188 0.296901357671425
11141.9995117188 0.296792245615036
11151.9995117188 0.296629057029931
11161.9995117188 0.295919819920576
11171.9995117188 0.295169495003042
11181.9995117188 0.294505609023455
11191.9995117188 0.294096433522585
11201.9995117188 0.294066562672239
11211.9995117188 0.293177829553132
11221.9995117188 0.29278913706271
11231.9995117188 0.291573117146127
11241.9995117188 0.291861206171005
11251.9995117188 0.29215907335504
11261.9995117188 0.293212859708464
11271.9995117188 0.293692153434532
11281.9995117188 0.294893852027601
11291.9995117188 0.295714737247387
11301.9995117188 0.297111160948445
11311.9995117188 0.297850980058295
11321.9995117188 0.299503452083445
11331.9995117188 0.300484697761269
11341.9995117188 0.301965934718809
11351.9995117188 0.302931215658259
11361.9995117188 0.304167100306556
11371.9995117187 0.305710896425059
11381.9995117188 0.306705394716404
11391.9995117187 0.308089287636079
11401.9995117188 0.308643591545983
11411.9995117187 0.310689738787745
11421.9995117188 0.312811885224124
11431.9995117187 0.314893439268896
11441.9995117188 0.317226296760764
11451.9995117187 0.319356040273918
11461.9995117188 0.320798375483553
11471.9995117187 0.322466800458007
11481.9995117188 0.323978873824173
11491.9995117187 0.326102222581896
11501.9995117188 0.327771598807299
11511.9995117187 0.329587815146294
11521.9995117188 0.331583781098473
11531.9995117187 0.332743869939023
11541.9995117188 0.334214051243191
11551.9995117187 0.336025036976142
11561.9995117188 0.337922588934725
11571.9995117187 0.340138414302403
11581.9995117188 0.341633674173092
11591.9995117188 0.344080366690932
11601.9995117188 0.345097163509249
11611.9995117188 0.346778555635391
11621.9995117188 0.347887506632292
11631.9995117188 0.34973164809015
11641.9995117188 0.350885104015166
11651.9995117188 0.351825564046609
11661.9995117188 0.352587610742998
11671.9995117188 0.353640801798682
11681.9995117188 0.35420360020731
11691.9995117188 0.354500580206831
11701.9995117188 0.354796988993996
11711.9995117188 0.355087932321149
11721.9995117188 0.35552016256699
11731.9995117188 0.35547676145382
11741.9995117188 0.355895960544225
11751.9995117188 0.356680854214722
11761.9995117188 0.356262760393349
11771.9995117188 0.356678210628178
11781.9995117188 0.356103103320546
11791.9995117188 0.355688296228646
11801.9995117188 0.355165043691216
11811.9995117188 0.355560822790209
11821.9995117188 0.356452923161434
11831.9995117188 0.356068856982714
11841.9995117188 0.355580201471841
11851.9995117188 0.355000429304233
11861.9995117188 0.354557052250381
11871.9995117188 0.353274668361808
11881.9995117188 0.352952600887067
11891.9995117188 0.353379472935313
11901.9995117188 0.354129471822341
11911.9995117188 0.353556775860966
11921.9995117188 0.351653138849712
11931.9995117188 0.351250892598566
11941.9995117188 0.350407630532665
11951.9995117188 0.34965620987121
11961.9995117188 0.348510721421708
11971.9995117188 0.348265214109332
11981.9995117188 0.348141331911975
11991.9995117188 0.348057095579781
12001.9995117188 0.347851797206004
12011.9995117188 0.348441687757368
12021.9995117188 0.348580361144636
12031.9995117188 0.347940860670796
12041.9995117188 0.34825038918856
12051.9995117188 0.348136468166694
12061.9995117188 0.34811482169595
12071.9995117188 0.347987656104457
12081.9995117188 0.347981886896312
12091.9995117188 0.349295859030201
12101.9995117188 0.348868860952499
12111.9995117188 0.349475931814186
12121.9995117188 0.349036806750686
12131.9995117188 0.350035561458653
12141.9995117188 0.35001961431257
12151.9995117188 0.350719699298278
12161.9995117188 0.350468367625412
12171.9995117188 0.35067262562162
12181.9995117188 0.351778790992451
12191.9995117188 0.352702859623086
12201.9995117188 0.353763129962419
12211.9995117188 0.35492646024264
12221.9995117188 0.356914699528418
12231.9995117188 0.358572854138304
12241.9995117188 0.359668527567974
12251.9995117188 0.361007824164264
12261.9995117188 0.362873128197976
12271.9995117188 0.364876767766855
12281.9995117188 0.36643733258898
12291.9995117188 0.3676846160658
12301.9995117188 0.369452088194868
12311.9995117188 0.370529453863971
12321.9995117188 0.372297330422689
12331.9995117188 0.372861052876115
12341.9995117188 0.374457255887451
12351.9995117188 0.375314754937388
12361.9995117188 0.376234070014359
12371.9995117188 0.376928108488926
12381.9995117188 0.377538789767161
12391.9995117188 0.377741001795206
12401.9995117188 0.378880244181587
12411.9995117188 0.379576547188474
12421.9995117188 0.381415721587134
12431.9995117188 0.382109884308504
12441.9995117188 0.383525048969169
12451.9995117188 0.384448054020958
12461.9995117188 0.385256400904969
12471.9995117188 0.385405727731134
12481.9995117188 0.386051484916147
12491.9995117188 0.387126783451701
12501.9995117188 0.387687563032752
12511.9995117188 0.389173304764296
12521.9995117188 0.390086333715139
12531.9995117188 0.390978455234205
12541.9995117188 0.390821152906909
12551.9995117188 0.390562873455987
12561.9995117188 0.390757582326652
12571.9995117188 0.391617204844226
12581.9995117188 0.391690141755122
12591.9995117188 0.392122073603151
12601.9995117188 0.391841682690577
12611.9995117188 0.392166196968696
12621.9995117187 0.392244757127716
12631.9995117188 0.392015078688085
12641.9995117187 0.391842396146626
12651.9995117188 0.391981736246671
12661.9995117187 0.391039895978668
12671.9995117188 0.391072986827488
12681.9995117187 0.39052896141667
12691.9995117188 0.390181433566666
12701.9995117187 0.387885318763044
12711.9995117188 0.38459784788502
12721.9995117187 0.379250502060015
12731.9995117188 0.373197632790353
12741.9995117187 0.364032829067442
12751.9995117188 0.352237382571792
12761.9995117187 0.335259010301329
12771.9995117188 0.314971801790849
12781.9995117187 0.290358940172665
12791.9995117188 0.263072423815863
12801.9995117187 0.234054313075508
12811.9995117188 0.205486165280088
12821.9995117187 0.178413082885248
12831.9995117188 0.154184007681562
12841.9995117188 0.132806695656515
12851.9995117188 0.114376728154301
12861.9995117188 0.0979352841861675
12871.9995117188 0.0841572756209043
12881.9995117188 0.0720675563895123
12891.9995117188 0.0625324452201639
12901.9995117188 0.0543058313088702
12911.9995117188 0.0476394055510772
12921.9995117188 0.0416098463110671
12931.9995117188 0.0368859684430605
12941.9995117188 0.0325704863650734
12951.9995117188 0.0290411729469134
12961.9995117188 0.025423962394405
12971.9995117188 0.0218652139301071
12981.9995117188 0.0182125175173516
12991.9995117188 0.0149378957512039
13001.9995117188 0.0121744723699987
13011.9995117188 0.00986614446007902
13021.9995117188 0.00799853074265432
13031.9995117188 0.00648383089296468
13041.9995117188 0.00528762721889841
13051.9995117188 0.00430647466539496
13061.9995117188 0.00351159944217394
13071.9995117188 0.00287280174063897
13081.9995117188 0.0023675498364092
13091.9995117188 0.00196509815240553
13101.9995117188 0.00163682578076814
13111.9995117188 0.00136708666481893
13121.9995117188 0.00114643605121048
13131.9995117188 0.000968961831336034
13141.9995117188 0.000818760456919447
13151.9995117188 0.00069468231037561
13161.9995117188 0.000590008371320636
13171.9995117188 0.000503628194319512
13181.9995117188 0.000431423358062314
13191.9995117188 0.000370328198718954
13201.9995117188 0.000318189857119579
13211.9995117188 0.000275165830731254
13221.9995117188 0.000238960559146724
13231.9995117188 0.000208668060459798
13241.9995117188 0.00018219334755163
13251.9995117188 0.000159001647202449
13261.9995117188 0.000139811160418122
13271.9995117188 0.000122978562655233
13281.9995117188 0.000108654922112774
13291.9995117188 9.5259924239167e-05
13301.9995117188 8.48132423088205e-05
13311.9995117188 7.54387761191678e-05
13321.9995117188 6.7529913515037e-05
13331.9995117188 6.0230525751975e-05
13341.9995117188 5.41532289064744e-05
13351.9995117188 4.84487121883939e-05
13361.9995117188 4.35543733726444e-05
13371.9995117188 3.92962399044613e-05
13381.9995117188 3.5579336383196e-05
13391.9995117188 3.22273924461191e-05
13401.9995117188 2.93019440402313e-05
13411.9995117188 2.68653919886004e-05
13421.9995117188 2.4746357902344e-05
13431.9995117188 2.28532382456431e-05
13441.9995117188 2.12314825838752e-05
13451.9995117188 1.94210758933563e-05
13461.9995117188 1.7603074088484e-05
13471.9995117188 1.63772446042996e-05
13481.9995117188 1.51227761236144e-05
13491.9995117188 1.38205797779233e-05
13501.9995117188 1.24993062883509e-05
13511.9995117188 1.18427300484956e-05
13521.9995117188 1.09816765874296e-05
13531.9995117188 1.03897473487305e-05
13541.9995117188 9.18550985401783e-06
13551.9995117188 9.04430153351945e-06
13561.9995117188 8.37050453253029e-06
13571.9995117188 8.01608264457844e-06
13581.9995117188 7.56666044090599e-06
13591.9995117188 6.8182043028792e-06
13601.9995117188 6.31521147812216e-06
13611.9995117188 5.91762125368723e-06
13621.9995117188 5.69798241250835e-06
13631.9995117188 5.80890380564378e-06
13641.9995117188 5.16496633300947e-06
13651.9995117188 5.31275632665544e-06
13661.9995117188 4.6149618953644e-06
13671.9995117188 4.66311492837744e-06
13681.9995117188 4.65170820060997e-06
13691.9995117188 4.9904283436929e-06
13701.9995117188 4.69325516939365e-06
13711.9995117188 4.54536596948111e-06
13721.9995117188 4.89228456743849e-06
13731.9995117188 4.69642137255879e-06
13741.9995117188 4.55172267592487e-06
13751.9995117188 3.5449152089254e-06
13761.9995117188 4.0559336478862e-06
13771.9995117188 3.98128484334482e-06
13781.9995117188 4.43744880082718e-06
13791.9995117188 4.10009248092633e-06
13801.9995117188 3.58406110945466e-06
13811.9995117188 3.85841048572337e-06
13821.9995117188 3.85093933850158e-06
13831.9995117188 4.07200642931421e-06
13841.9995117188 3.63369303218276e-06
13851.9995117188 3.63500652923754e-06
13861.9995117188 3.52914367157862e-06
13871.9995117187 3.38838216901337e-06
13881.9995117188 3.13004767144265e-06
13891.9995117187 2.87657641076394e-06
13901.9995117188 2.81895512279023e-06
13911.9995117187 3.01917284417355e-06
13921.9995117188 3.17063795335476e-06
13931.9995117187 3.00188784019154e-06
13941.9995117188 3.02322011400832e-06
13951.9995117187 2.94124888587531e-06
13961.9995117188 2.47024839519105e-06
13971.9995117187 2.39409344967059e-06
13981.9995117188 2.56952098093906e-06
13991.9995117187 3.02229731935172e-06
14001.9995117188 3.07346694486152e-06
14011.9995117187 3.12632510344335e-06
14021.9995117188 3.09322999160046e-06
14031.9995117187 3.2846363501445e-06
14041.9995117188 3.06417783559904e-06
14051.9995117187 3.15753910674972e-06
14061.9995117188 2.75518266857061e-06
14071.9995117187 2.68296837863562e-06
14081.9995117188 2.73572185663097e-06
14091.9995117188 2.96374150861371e-06
14101.9995117188 2.9844742922715e-06
14111.9995117188 3.03609234448381e-06
14121.9995117188 3.05843056581469e-06
14131.9995117188 3.33781841346404e-06
14141.9995117188 3.38136383020987e-06
14151.9995117188 3.42394180692377e-06
14161.9995117188 3.11737119855372e-06
14171.9995117188 3.00306553391777e-06
14181.9995117188 3.21024070047129e-06
14191.9995117188 3.38995785184844e-06
14201.9995117188 3.36139120348068e-06
14211.9995117188 2.98469254914955e-06
14221.9995117188 3.24598584058072e-06
14231.9995117188 3.34345254599305e-06
14241.9995117188 3.12668977486206e-06
14251.9995117188 2.8942669352947e-06
14261.9995117188 2.52377547269192e-06
14271.9995117188 2.80592192352626e-06
14281.9995117188 2.87211756671965e-06
14291.9995117188 3.03940431316867e-06
14301.9995117188 2.87830033791901e-06
14311.9995117188 3.223354507842e-06
14321.9995117188 3.40201730234994e-06
14331.9995117188 3.3198819433803e-06
14341.9995117188 3.06166114411486e-06
14351.9995117188 2.7689385156157e-06
14361.9995117188 3.05963559651751e-06
14371.9995117188 2.71178232583868e-06
14381.9995117188 3.06425452239642e-06
14391.9995117188 2.62558071867913e-06
14401.9995117188 2.81905928793169e-06
14411.9995117188 2.50304363392096e-06
14421.9995117188 3.15574270655032e-06
14431.9995117188 2.94434653461483e-06
14441.9995117188 3.13948773243345e-06
14451.9995117188 2.65221933004282e-06
14461.9995117188 2.67315974689484e-06
14471.9995117188 2.54345532509266e-06
14481.9995117188 2.71663737550929e-06
14491.9995117188 2.3478506233093e-06
14501.9995117188 2.17764173099756e-06
14511.9995117188 2.15736982725517e-06
14521.9995117188 2.41289843922432e-06
14531.9995117188 2.84215353191124e-06
14541.9995117188 2.49115873997483e-06
14551.9995117188 2.44524245163913e-06
14561.9995117188 2.3642846044522e-06
14571.9995117188 2.63666431193023e-06
14581.9995117188 2.58168933052838e-06
14591.9995117188 2.52255470380455e-06
14601.9995117188 2.50774116919543e-06
14611.9995117188 2.44649245469497e-06
14621.9995117188 2.60977082686672e-06
14631.9995117188 2.36200775522696e-06
14641.9995117188 2.72370884895252e-06
14651.9995117188 2.81052043669267e-06
14661.9995117188 2.75284767292388e-06
14671.9995117188 2.71923557050069e-06
14681.9995117188 2.32335776196505e-06
14691.9995117188 2.44120212052118e-06
14701.9995117188 2.2466992233798e-06
14711.9995117188 2.34835860570217e-06
14721.9995117188 2.60918761247175e-06
14731.9995117188 2.90345845569364e-06
14741.9995117188 2.2026091390555e-06
14751.9995117188 2.53456124512594e-06
14761.9995117188 2.14182279667424e-06
14771.9995117188 2.41938496858278e-06
14781.9995117188 2.00550413846884e-06
14791.9995117188 2.26153510705458e-06
14801.9995117188 2.38154534397303e-06
14811.9995117188 1.93121490957064e-06
14821.9995117188 2.20978509636808e-06
14831.9995117188 2.08652798780919e-06
14841.9995117188 2.49192538431903e-06
14851.9995117188 2.11068068277879e-06
14861.9995117188 2.40167193513663e-06
14871.9995117188 1.91643374940814e-06
14881.9995117188 2.14509700362198e-06
14891.9995117188 2.12605631375337e-06
14901.9995117188 2.53158788526434e-06
14911.9995117188 2.21851878885758e-06
14921.9995117188 2.39223987715529e-06
14931.9995117188 2.22891797907442e-06
14941.9995117188 2.08269787942818e-06
14951.9995117188 2.123194105848e-06
14961.9995117188 2.62157763182196e-06
14971.9995117188 2.9537386044983e-06
14981.9995117188 2.75689642370278e-06
14991.9995117188 2.68360950922089e-06
15001.9995117188 3.11614601223558e-06
15011.9995117188 3.03995047825531e-06
15021.9995117188 3.37737008328776e-06
15031.9995117188 3.17729966540117e-06
15041.9995117188 2.94499972219669e-06
15051.9995117188 2.50967753906116e-06
15061.9995117188 2.55135809917487e-06
15071.9995117188 3.23322468922366e-06
15081.9995117188 3.51907234060146e-06
15091.9995117188 3.37317104380198e-06
15101.9995117188 2.87797336239541e-06
15111.9995117188 2.73219584289304e-06
15121.9995117187 2.70134848186962e-06
15131.9995117188 3.0255780814621e-06
15141.9995117187 2.87193371031713e-06
15151.9995117188 3.25979154948855e-06
15161.9995117187 2.87032698143986e-06
15171.9995117188 2.90924110962339e-06
15181.9995117187 2.69524590005849e-06
15191.9995117188 2.92399617837547e-06
15201.9995117187 2.86941033828045e-06
15211.9995117188 2.90190487400678e-06
15221.9995117187 2.95716794769549e-06
15231.9995117188 2.66793889949194e-06
15241.9995117187 2.78239296846557e-06
15251.9995117188 2.86597160841533e-06
15261.9995117187 3.32132150151642e-06
15271.9995117188 2.99171934474731e-06
15281.9995117187 3.6350440818076e-06
15291.9995117188 3.47951179434927e-06
15301.9995117187 4.19764656188891e-06
15311.9995117188 3.44921444062717e-06
15321.9995117187 3.35426333148093e-06
15331.9995117188 3.07699891752025e-06
15341.9995117188 3.40066323281018e-06
15351.9995117188 3.56635386558872e-06
15361.9995117188 3.29568957586009e-06
15371.9995117188 3.09137148376615e-06
15381.9995117188 3.40769742356141e-06
15391.9995117188 3.24300551880278e-06
15401.9995117188 3.20332740284187e-06
15411.9995117188 2.92998336189105e-06
15421.9995117188 2.63814064922619e-06
15431.9995117188 2.71211065162819e-06
15441.9995117188 2.73639010777492e-06
15451.9995117188 3.11161666581283e-06
15461.9995117188 3.30592458837678e-06
15471.9995117188 3.34464818357566e-06
15481.9995117188 3.11549888114443e-06
15491.9995117188 3.32650490563758e-06
15501.9995117188 3.07233903438676e-06
15511.9995117188 3.3769957556901e-06
15521.9995117188 3.14415533901608e-06
15531.9995117188 3.10891935402678e-06
15541.9995117188 3.01483791935297e-06
15551.9995117188 2.4062051689851e-06
15561.9995117188 2.45285714317323e-06
15571.9995117188 2.8948903349358e-06
15581.9995117188 3.5335593017239e-06
15591.9995117188 3.52895770243894e-06
15601.9995117188 3.08784142853261e-06
15611.9995117188 2.91165312780153e-06
15621.9995117188 3.13017064776148e-06
15631.9995117188 3.44113699516716e-06
15641.9995117188 3.43583672328968e-06
15651.9995117188 3.03767313382394e-06
15661.9995117188 2.99841322974404e-06
15671.9995117188 3.16781165142116e-06
15681.9995117188 3.44903926557388e-06
15691.9995117188 3.07347954456334e-06
15701.9995117188 2.32130719756728e-06
15711.9995117188 2.48995898613303e-06
15721.9995117188 2.33321101012563e-06
15731.9995117188 2.79911763599222e-06
15741.9995117188 2.79473784437811e-06
15751.9995117188 3.14183015938654e-06
15761.9995117188 3.56422475725812e-06
15771.9995117188 3.16320770291615e-06
15781.9995117188 3.07796899376865e-06
15791.9995117188 2.48774577755768e-06
15801.9995117188 3.23346983620932e-06
15811.9995117188 3.30723607926177e-06
15821.9995117188 3.77680483769411e-06
15831.9995117188 3.56935990610497e-06
15841.9995117188 3.71564630724646e-06
15851.9995117188 3.48904544287588e-06
15861.9995117188 3.08391046035631e-06
15871.9995117188 3.07192684334136e-06
15881.9995117188 3.1714338222626e-06
15891.9995117188 3.32522150972073e-06
15901.9995117188 3.10057533655514e-06
15911.9995117188 3.1428585637883e-06
15921.9995117188 3.24850645152677e-06
15931.9995117188 2.85001729606278e-06
15941.9995117188 3.40373395494903e-06
15951.9995117188 3.44407711303976e-06
15961.9995117188 4.17529821788326e-06
15971.9995117188 3.66550730760812e-06
15981.9995117188 3.41865900268983e-06
15991.9995117188 2.83001573723494e-06
16001.9995117188 2.66867833894257e-06
16011.9995117188 3.18968707850667e-06
16021.9995117188 3.42874137495036e-06
16031.9995117188 3.81377439545723e-06
16041.9995117188 3.97962646183868e-06
16051.9995117188 4.23919140378008e-06
16061.9995117188 3.67075882768986e-06
16071.9995117188 3.03367048481964e-06
16081.9995117188 3.30329098026636e-06
16091.9995117188 3.73354185234635e-06
16101.9995117188 3.56539826940266e-06
16111.9995117188 3.17117006306068e-06
16121.9995117188 3.25062236139273e-06
16131.9995117188 3.98373605343515e-06
16141.9995117188 4.14517585305915e-06
16151.9995117188 3.41589047624249e-06
16161.9995117188 2.87804250914302e-06
16171.9995117188 2.93565239530257e-06
16181.9995117188 3.44057834704552e-06
16191.9995117188 4.06643721563889e-06
16201.9995117188 3.73052121979494e-06
16211.9995117188 3.54427075970272e-06
16221.9995117188 2.73025355899036e-06
16231.9995117188 3.03838765742488e-06
16241.9995117188 3.44652567799728e-06
16251.9995117188 3.42830054601855e-06
16261.9995117188 3.45845118074156e-06
16271.9995117188 3.52740044557054e-06
16281.9995117188 3.99491726755488e-06
16291.9995117188 3.87336504743427e-06
16301.9995117188 4.05029852394449e-06
16311.9995117188 4.5822644890521e-06
16321.9995117188 3.71579101904929e-06
16331.9995117188 3.32963206793631e-06
16341.9995117188 2.65107815506137e-06
16351.9995117188 3.57477968335972e-06
16361.9995117188 2.94427045857978e-06
16371.9995117187 3.01365568647254e-06
16381.9995117188 2.79883441603097e-06
16391.9995117188 4.20439403515478e-06
16401.9995117188 4.09969197111409e-06
16411.9995117188 4.00256630922401e-06
16421.9995117188 3.33054344805421e-06
16431.9995117188 3.40057346259228e-06
16441.9995117188 3.85770718214598e-06
16451.9995117188 3.67570850312794e-06
16461.9995117188 3.37221566722872e-06
16471.9995117188 2.81946722451707e-06
16481.9995117188 3.06328807656176e-06
16491.9995117188 2.87569616233055e-06
16501.9995117188 3.6653205921057e-06
16511.9995117188 3.60675530826338e-06
16521.9995117188 3.70856781056435e-06
16531.9995117188 2.94601444135724e-06
16541.9995117188 3.06962379963819e-06
16551.9995117188 3.31973610774421e-06
16561.9995117188 3.72623984031315e-06
16571.9995117188 3.51329901484952e-06
16581.9995117188 4.00649442645575e-06
16591.9995117188 3.67382316000166e-06
16601.9995117188 3.2203000571294e-06
16611.9995117188 2.59945524012624e-06
16621.9995117188 3.82230643072402e-06
16631.9995117188 4.02469624941152e-06
16641.9995117188 4.44168877463804e-06
16651.9995117188 2.84264072067533e-06
16661.9995117188 3.19281234036016e-06
16671.9995117188 3.55872188346648e-06
16681.9995117188 4.87266395387335e-06
16691.9995117188 4.56420807665571e-06
16701.9995117188 4.59238020892562e-06
16711.9995117188 3.25006535901007e-06
16721.9995117188 4.15810446474818e-06
16731.9995117188 3.50099389669697e-06
16741.9995117188 3.82004218884778e-06
16751.9995117188 3.25998311752726e-06
16761.9995117188 3.52857391829913e-06
16771.9995117188 3.60035807721005e-06
16781.9995117188 3.52588976886587e-06
16791.9995117188 4.00299315482885e-06
16801.9995117188 3.56209828050482e-06
16811.9995117188 2.90727498828587e-06
16821.9995117188 1.98201434226334e-06
16831.9995117188 2.46399968101344e-06
16841.9995117188 2.91468668740698e-06
16851.9995117188 3.3733766972579e-06
16861.9995117188 4.11112730038353e-06
16871.9995117188 3.96151160694605e-06
16881.9995117188 2.96052430800051e-06
16891.9995117188 2.71943332073249e-06
16901.9995117188 2.80202074517561e-06
16911.9995117188 3.11907719989139e-06
16921.9995117188 2.9703442673434e-06
16931.9995117188 2.76808012367504e-06
16941.9995117188 3.80582830774747e-06
16951.9995117188 3.864041923023e-06
16961.9995117188 4.48552609814417e-06
16971.9995117188 4.12270245468805e-06
16981.9995117188 3.92095972497165e-06
16991.9995117188 3.33108897460475e-06
17001.9995117188 3.37507109465362e-06
17011.9995117188 3.61575811488246e-06
17021.9995117188 3.33893114602584e-06
17031.9995117188 2.677676770094e-06
17041.9995117188 2.69948763591181e-06
17051.9995117188 3.02713758543132e-06
17061.9995117188 2.66192365405778e-06
17071.9995117188 2.53124258710111e-06
17081.9995117188 3.14626429679465e-06
17091.9995117188 3.51473779968027e-06
17101.9995117188 4.34102978757438e-06
17111.9995117188 3.61114897026726e-06
17121.9995117188 4.33606153326622e-06
17131.9995117188 2.99662979112823e-06
17141.9995117188 2.98287197127007e-06
17151.9995117188 2.38587808557455e-06
17161.9995117188 3.35160008730946e-06
17171.9995117188 3.31476667322784e-06
17181.9995117188 3.52793265618696e-06
17191.9995117188 3.28150514580072e-06
17201.9995117188 5.05093713976538e-06
17211.9995117188 4.59173216413762e-06
17221.9995117188 4.89568319475273e-06
17231.9995117188 3.15058043278087e-06
17241.9995117188 4.16125280187936e-06
17251.9995117188 3.48490864364307e-06
17261.9995117188 4.62637872221563e-06
17271.9995117188 4.49475814238335e-06
17281.9995117188 4.82227964766957e-06
17291.9995117188 4.21708545813343e-06
17301.9995117188 3.91811245360782e-06
17311.9995117188 4.29269415156031e-06
17321.9995117188 4.48267483850942e-06
17331.9995117188 4.08407246251088e-06
17341.9995117188 3.88782540709387e-06
17351.9995117188 3.75504990648688e-06
17361.9995117188 4.32269544362038e-06
17371.9995117188 3.54256975353345e-06
17381.9995117188 3.87821100002689e-06
17391.9995117188 3.69564087216047e-06
17401.9995117188 3.92723173164138e-06
17411.9995117188 3.56784769966438e-06
17421.9995117188 3.42686341293861e-06
17431.9995117188 3.33520701631318e-06
17441.9995117188 3.02328477414673e-06
17451.9995117188 3.60472851062138e-06
17461.9995117188 5.01975792884949e-06
17471.9995117188 4.42323433288037e-06
17481.9995117188 4.08550003538442e-06
17491.9995117188 3.0332871549257e-06
17501.9995117188 3.72586033230519e-06
17511.9995117188 4.33114995025012e-06
17521.9995117188 3.43115617564353e-06
17531.9995117188 3.64381234537349e-06
17541.9995117188 3.35497872933555e-06
17551.9995117188 3.75360946507249e-06
17561.9995117188 3.17787275517448e-06
17571.9995117188 3.06267660900011e-06
17581.9995117188 3.27060681591415e-06
17591.9995117188 4.2316240413331e-06
17601.9995117188 3.6296688455066e-06
17611.9995117188 4.2306623996458e-06
17621.9995117188 3.30433966303604e-06
17631.9995117188 3.82869948467559e-06
17641.9995117188 3.58688282919726e-06
17651.9995117188 4.32253582819203e-06
17661.9995117188 3.29172367193985e-06
17671.9995117188 3.02711766945549e-06
17681.9995117188 3.97853456637438e-06
17691.9995117188 5.37044811827333e-06
17701.9995117188 5.2380318365387e-06
17711.9995117188 3.91894225414132e-06
17721.9995117188 3.63176650328426e-06
17731.9995117188 3.92847092853207e-06
17741.9995117188 4.28617709027944e-06
17751.9995117188 3.53522949099943e-06
17761.9995117188 3.43048507078419e-06
17771.9995117188 3.25945525275494e-06
17781.9995117188 3.79144023106685e-06
17791.9995117188 4.5343814743314e-06
17801.9995117188 4.91437939003955e-06
17811.9995117188 5.18351135419576e-06
17821.9995117188 4.49073490692269e-06
17831.9995117188 4.12262031061198e-06
17841.9995117188 4.71023322102621e-06
17851.9995117188 4.42709861913993e-06
17861.9995117188 4.75872928842915e-06
17871.9995117188 4.16700967556698e-06
17881.9995117188 5.04070576535567e-06
17891.9995117188 5.4385097540712e-06
17901.9995117188 5.32033224688794e-06
17911.9995117188 5.25614440100684e-06
17921.9995117188 4.89696170462729e-06
17931.9995117188 4.54314021854016e-06
17941.9995117188 4.76032602403314e-06
17951.9995117188 4.40833172456654e-06
17961.9995117188 4.97891152746954e-06
17971.9995117188 5.19516479060611e-06
17981.9995117188 5.1819852875876e-06
17991.9995117188 4.87925647309612e-06
18001.9995117188 3.33245113779125e-06
18011.9995117188 4.09662767671297e-06
18021.9995117188 3.82859728878875e-06
18031.9995117188 5.62945324294039e-06
18041.9995117188 4.64986942521258e-06
18051.9995117188 5.44766076245517e-06
18061.9995117188 3.95041472544266e-06
18071.9995117188 4.78627722096038e-06
18081.9995117188 4.56363407952681e-06
18091.9995117188 5.39123475217243e-06
18101.9995117188 6.11850656902683e-06
18111.9995117188 5.6322841461484e-06
18121.9995117188 4.63020268933546e-06
18131.9995117188 3.97229516797407e-06
18141.9995117188 5.62778140762826e-06
18151.9995117188 6.95585329921015e-06
18161.9995117188 5.78137080382727e-06
18171.9995117188 4.73333463896728e-06
18181.9995117188 5.00656242824544e-06
18191.9995117188 6.81016400502217e-06
18201.9995117188 6.75255316097159e-06
18211.9995117188 5.54770359223601e-06
18221.9995117188 5.50046529070678e-06
18231.9995117188 4.6208578309456e-06
18241.9995117188 5.46107790149255e-06
18251.9995117188 4.75257194472743e-06
18261.9995117188 5.9709006982201e-06
18271.9995117188 4.8780918116763e-06
18281.9995117188 3.92324529938181e-06
18291.9995117188 4.30036715456834e-06
18301.9995117188 4.95009431922396e-06
18311.9995117188 5.28417567294518e-06
18321.9995117188 4.96033155257507e-06
18331.9995117188 5.74858851793036e-06
18341.9995117188 5.64855560272275e-06
18351.9995117188 5.69049413849471e-06
18361.9995117188 4.98307838944263e-06
18371.9995117188 5.94746461943764e-06
18381.9995117188 6.03223428724826e-06
18391.9995117188 5.50221566699197e-06
18401.9995117188 5.08309761109972e-06
18411.9995117188 3.72435095961005e-06
18421.9995117188 5.58527071625473e-06
18431.9995117188 5.69068326499803e-06
18441.9995117188 7.58258332530174e-06
18451.9995117188 5.06355743454136e-06
18461.9995117188 6.30013431657901e-06
18471.9995117188 6.47860681101687e-06
18481.9995117188 8.66468502592224e-06
18491.9995117188 6.91018428413323e-06
18501.9995117188 6.6499431533207e-06
18511.9995117188 5.81738640290527e-06
18521.9995117188 8.20158260275869e-06
18531.9995117188 6.94234809994565e-06
18541.9995117188 9.40532364304529e-06
18551.9995117188 7.08756562312569e-06
18561.9995117188 8.63616540119002e-06
18571.9995117188 5.20552317496561e-06
18581.9995117188 7.54305635691095e-06
18591.9995117188 6.54364766035765e-06
18601.9995117188 7.72364700640279e-06
18611.9995117188 5.70559302992963e-06
18621.9995117188 5.59357254692211e-06
18631.9995117188 6.63252738911925e-06
18641.9995117188 6.55289832410823e-06
18651.9995117188 5.70654395194431e-06
18661.9995117188 4.73150708985013e-06
18671.9995117188 6.35952295740795e-06
18681.9995117188 7.79378107541805e-06
18691.9995117188 6.7700079689033e-06
18701.9995117188 5.98405038722978e-06
18711.9995117188 5.48918380920196e-06
18721.9995117188 5.88289610153282e-06
18731.9995117188 6.72241676789483e-06
18741.9995117188 6.68412535603553e-06
18751.9995117188 8.71624994778855e-06
18761.9995117188 7.87879553132517e-06
18771.9995117188 9.26107727331067e-06
18781.9995117188 7.2683096152197e-06
18791.9995117188 8.67081920252423e-06
18801.9995117188 5.93147780952779e-06
18811.9995117188 6.39117907618956e-06
18821.9995117188 5.17146385810455e-06
18831.9995117188 6.6786331397522e-06
18841.9995117188 7.27854152900175e-06
18851.9995117188 5.82109886625083e-06
18861.9995117188 6.29745680536476e-06
18871.9995117188 6.70293855400461e-06
18881.9995117188 6.55662841110404e-06
18891.9995117188 5.44672288848177e-06
18901.9995117188 6.11315283714776e-06
18911.9995117188 6.11973317109412e-06
18921.9995117188 6.81195467762374e-06
18931.9995117188 6.31638898928753e-06
18941.9995117188 6.96336926032596e-06
18951.9995117188 7.84272859647977e-06
18961.9995117188 6.85963027302213e-06
18971.9995117188 6.38784276239285e-06
18981.9995117188 6.22876312747937e-06
18991.9995117188 6.52201188197015e-06
19001.9995117188 8.71289446109206e-06
19011.9995117188 6.20823733336211e-06
19021.9995117188 8.11049462830271e-06
19031.9995117188 6.60753408530435e-06
19041.9995117188 8.16467272026851e-06
19051.9995117188 5.74766180517937e-06
19061.9995117188 6.37779087672343e-06
19071.9995117188 7.20669315970699e-06
19081.9995117188 8.50346007308287e-06
19091.9995117188 8.2273470347611e-06
19101.9995117188 7.84846881517685e-06
19111.9995117188 6.18925842800985e-06
19121.9995117188 6.76919094264667e-06
19131.9995117188 7.3746854443343e-06
19141.9995117188 8.29072194369531e-06
19151.9995117188 7.20603474525484e-06
19161.9995117188 4.73158595531587e-06
19171.9995117188 4.3054804420247e-06
19181.9995117188 5.60276848365307e-06
19191.9995117188 8.99539387972829e-06
19201.9995117188 9.25962171270205e-06
19211.9995117188 7.59582855721647e-06
19221.9995117188 8.04311746281703e-06
19231.9995117188 8.55559516199477e-06
19241.9995117188 9.46489693286284e-06
19251.9995117188 6.44175158461274e-06
19261.9995117188 5.19909328614948e-06
19271.9995117188 3.49943070835252e-06
19281.9995117188 5.80085437494823e-06
19291.9995117188 5.5152848207666e-06
19301.9995117188 6.27923009048393e-06
19311.9995117188 6.56531544614519e-06
19321.9995117188 7.60212974913176e-06
19331.9995117188 8.81288078303345e-06
19341.9995117188 6.78510592628272e-06
19351.9995117188 6.52153870308027e-06
19361.9995117188 5.25942767070251e-06
19371.9995117188 6.2407965755117e-06
19381.9995117188 5.48655081750705e-06
19391.9995117188 7.62003353774083e-06
19401.9995117188 7.39980928144755e-06
19411.9995117188 7.43157368973901e-06
19421.9995117188 6.20096055073354e-06
19431.9995117188 7.07488484239563e-06
19441.9995117188 7.09941458374863e-06
19451.9995117188 7.71241918550534e-06
19461.9995117188 6.53634889569704e-06
19471.9995117188 7.07370124836778e-06
19481.9995117188 6.10662170174867e-06
19491.9995117188 5.37824314575256e-06
19501.9995117188 5.51772028717858e-06
19511.9995117188 5.83932928517426e-06
19521.9995117188 8.02521157194108e-06
19531.9995117188 7.35489167372306e-06
19541.9995117188 8.57126967669486e-06
19551.9995117188 7.9194189411799e-06
19561.9995117188 7.70859217164602e-06
19571.9995117188 7.09960233112279e-06
19581.9995117188 7.15129184978019e-06
19591.9995117188 8.8957966586168e-06
19601.9995117188 8.74480177727279e-06
19611.9995117188 7.5359811189637e-06
19621.9995117188 6.48910139793439e-06
19631.9995117188 7.82586529474233e-06
19641.9995117188 7.90663483430947e-06
19651.9995117188 1.07204007801755e-05
19661.9995117188 9.82473725073019e-06
19671.9995117188 9.16870456724243e-06
19681.9995117188 7.47990753831771e-06
19691.9995117188 8.22932744474094e-06
19701.9995117188 8.32232200605594e-06
19711.9995117188 7.85886049935683e-06
19721.9995117188 8.85563840922362e-06
19731.9995117188 8.7539910012062e-06
19741.9995117188 8.04285145991618e-06
19751.9995117188 6.83141548467323e-06
19761.9995117188 7.54926114350528e-06
19771.9995117188 8.11623028396615e-06
19781.9995117188 7.50331410897922e-06
19791.9995117188 7.5249273082271e-06
19801.9995117188 8.46213635333895e-06
19811.9995117188 8.1457618428218e-06
19821.9995117188 9.24227824567141e-06
19831.9995117188 8.56937473744304e-06
19841.9995117188 8.48975831797967e-06
19851.9995117188 8.50097011057589e-06
19861.9995117188 7.9919429364977e-06
19871.9995117188 7.5031583620456e-06
19881.9995117188 6.47818269118256e-06
19891.9995117188 6.36452026073826e-06
19901.9995117188 6.86106345704348e-06
19911.9995117188 6.99545645371963e-06
19921.9995117188 7.31842103281254e-06
19931.9995117188 6.96651906400799e-06
19941.9995117188 7.73700118393156e-06
19951.9995117188 8.05666254249825e-06
19961.9995117188 8.80362171661325e-06
19971.9995117188 8.10767040817079e-06
19981.9995117188 7.77827782207065e-06
19991.9995117188 7.5953046125047e-06
20001.9995117188 7.3391362602984e-06
20011.9995117188 6.2935337505418e-06
20021.9995117188 6.25664840421975e-06
20031.9995117188 6.54847181328276e-06
20041.9995117188 6.71231228806498e-06
20051.9995117188 5.81079989865152e-06
20061.9995117188 6.29642636709806e-06
20071.9995117188 8.82624105203949e-06
20081.9995117188 7.99610668960986e-06
20091.9995117188 6.80233887863055e-06
20101.9995117188 4.47029570105421e-06
20111.9995117188 7.04120002455589e-06
20121.9995117188 7.08620581078515e-06
20131.9995117187 6.14168947571663e-06
20141.9995117188 5.69971215335368e-06
20151.9995117188 6.52175189836366e-06
20161.9995117188 7.28339501157426e-06
20171.9995117187 5.90311106568288e-06
20181.9995117188 6.27803561318547e-06
20191.9995117188 5.99507625939206e-06
20201.9995117188 6.08443680935223e-06
20211.9995117187 5.39704801540323e-06
20221.9995117188 6.34650947657188e-06
20231.9995117188 6.27053305155169e-06
20241.9995117188 5.80213326384911e-06
20251.9995117187 5.91962327970657e-06
20261.9995117188 7.06874608662955e-06
20271.9995117188 7.30936858020273e-06
20281.9995117188 8.38446915566852e-06
20291.9995117187 7.04501283986965e-06
20301.9995117188 8.16444482259349e-06
20311.9995117188 6.46086121526813e-06
20321.9995117188 6.25768051744881e-06
20331.9995117187 5.49742409814442e-06
20341.9995117188 5.67405025949769e-06
20351.9995117188 6.65536791890496e-06
20361.9995117188 7.00005993893755e-06
20371.9995117187 6.92349831865571e-06
20381.9995117188 6.29630641775907e-06
20391.9995117188 4.19555323398178e-06
20401.9995117188 4.56129623658765e-06
20411.9995117187 4.91385902087174e-06
20421.9995117188 5.77572385217458e-06
20431.9995117188 5.41395167652956e-06
20441.9995117188 4.62704110334609e-06
20451.9995117187 5.73877119869212e-06
20461.9995117188 7.74122874356514e-06
20471.9995117188 8.88262623962867e-06
20481.9995117188 7.40797747070301e-06
20491.9995117187 7.60843654444055e-06
20501.9995117188 7.55914252088521e-06
20511.9995117188 6.72993716566112e-06
20521.9995117188 4.10021200568278e-06
20531.9995117187 6.13376637698237e-06
20541.9995117188 8.28965836297345e-06
20551.9995117188 8.81305342193105e-06
20561.9995117188 6.90617393886344e-06
20571.9995117188 6.3485313330538e-06
20581.9995117188 8.36603564792836e-06
20591.9995117188 7.2453028895405e-06
20601.9995117188 7.26201111898916e-06
20611.9995117188 6.02855574524927e-06
20621.9995117188 6.61595189110375e-06
20631.9995117188 6.1658206114581e-06
20641.9995117188 6.33696305330681e-06
20651.9995117188 7.88297409296666e-06
20661.9995117188 7.75293468989771e-06
20671.9995117188 7.22363450273933e-06
20681.9995117188 5.24913751243206e-06
20691.9995117188 8.9254447223678e-06
20701.9995117188 8.07259770523612e-06
20711.9995117188 8.13996041386731e-06
20721.9995117188 6.75476254080719e-06
20731.9995117188 7.22550564835198e-06
20741.9995117188 7.76197021608944e-06
20751.9995117188 5.35976860691399e-06
20761.9995117188 5.2173370947258e-06
20771.9995117188 5.22973651466138e-06
20781.9995117188 7.16746107194933e-06
20791.9995117188 6.36883778492697e-06
20801.9995117188 6.44374749128531e-06
20811.9995117188 6.7445124460543e-06
20821.9995117188 8.61751005901909e-06
20831.9995117188 9.5972077268332e-06
20841.9995117188 9.39047908207989e-06
20851.9995117188 8.48733559573591e-06
20861.9995117188 7.38423894718408e-06
20871.9995117188 5.96950874755831e-06
20881.9995117188 5.8604163541204e-06
20891.9995117188 4.06633057426487e-06
20901.9995117188 6.90356854603768e-06
20911.9995117188 8.04076247392228e-06
20921.9995117188 1.10635459850464e-05
20931.9995117188 8.0050323627933e-06
20941.9995117188 8.66168220298115e-06
20951.9995117188 7.8405446622583e-06
20961.9995117188 8.75025763041947e-06
20971.9995117188 5.74240989169503e-06
20981.9995117188 5.78117564425071e-06
20991.9995117188 7.23772511597573e-06
21001.9995117188 7.63913577757468e-06
21011.9995117188 7.66170378958505e-06
21021.9995117188 5.71732799375438e-06
21031.9995117188 7.22272877846201e-06
21041.9995117188 6.4579546965563e-06
21051.9995117188 8.28442814297998e-06
21061.9995117188 8.80339537632892e-06
21071.9995117188 9.85341487437858e-06
21081.9995117188 8.58166019192822e-06
21091.9995117188 7.56061108982528e-06
21101.9995117188 9.55898028464715e-06
21111.9995117188 8.91269015387072e-06
21121.9995117188 1.05023032934261e-05
21131.9995117188 7.17426506635963e-06
21141.9995117188 9.27931047451621e-06
21151.9995117188 6.20743163149619e-06
21161.9995117188 8.22824920876089e-06
21171.9995117188 8.27589737954116e-06
21181.9995117188 9.19609064830333e-06
21191.9995117188 7.74211464668604e-06
21201.9995117188 5.53976908998515e-06
21211.9995117188 8.16730880077383e-06
21221.9995117188 8.96677023598003e-06
21231.9995117188 8.98490349727763e-06
21241.9995117188 6.59968955554747e-06
21251.9995117188 5.39044244139751e-06
21261.9995117188 5.13671531135273e-06
21271.9995117188 5.78757399858033e-06
21281.9995117188 6.87168957120781e-06
21291.9995117188 9.71021464895283e-06
21301.9995117188 8.25017552137356e-06
21311.9995117188 7.72879061597675e-06
21321.9995117188 6.46349527754094e-06
21331.9995117188 9.58458866743647e-06
21341.9995117188 1.02067914300335e-05
21351.9995117188 9.53103007914879e-06
21361.9995117188 8.0116778747445e-06
21371.9995117188 8.69082393276153e-06
21381.9995117187 1.0204277144879e-05
21391.9995117188 9.71940656609627e-06
21401.9995117188 7.23029843474494e-06
21411.9995117188 5.21425382118965e-06
21421.9995117187 5.6831313569224e-06
21431.9995117188 9.19358216552136e-06
21441.9995117188 8.68660009316656e-06
21451.9995117188 9.23243872687175e-06
21461.9995117187 5.31433966834476e-06
21471.9995117188 5.07895032464183e-06
21481.9995117188 4.30068647933887e-06
21491.9995117188 6.51020716249739e-06
21501.9995117187 7.71737541225588e-06
21511.9995117188 8.06930246674712e-06
21521.9995117188 7.16902081873909e-06
21531.9995117188 9.63352674514057e-06
21541.9995117187 9.3188827035952e-06
21551.9995117188 1.07745244951584e-05
21561.9995117188 9.04185458117479e-06
21571.9995117188 1.24076794482981e-05
21581.9995117187 1.24657193037954e-05
21591.9995117188 1.39795294018982e-05
21601.9995117188 1.48629755677831e-05
21611.9995117188 1.53470410933076e-05
21621.9995117187 1.2436144708203e-05
21631.9995117188 9.8673833598969e-06
21641.9995117188 9.38584717140788e-06
21651.9995117188 1.16186731308066e-05
21661.9995117187 1.2445972356659e-05
21671.9995117188 1.52623665125454e-05
21681.9995117188 1.35705753298502e-05
21691.9995117188 1.39951412180798e-05
21701.9995117187 1.06838469324679e-05
21711.9995117188 1.34040427038836e-05
21721.9995117188 1.3454169635443e-05
21731.9995117188 1.49949287078964e-05
21741.9995117187 1.25870791902613e-05
21751.9995117188 1.053240180666e-05
21761.9995117188 9.148224403605e-06
21771.9995117188 9.02370746553236e-06
21781.9995117187 9.86183574277641e-06
21791.9995117188 1.09991199601658e-05
21801.9995117188 1.16420905391906e-05
21811.9995117188 1.12191810165811e-05
21821.9995117188 1.03670420806104e-05
21831.9995117188 8.49313681318545e-06
21841.9995117188 5.41113481477395e-06
21851.9995117188 4.17012739986853e-06
21861.9995117188 4.63196487249448e-06
21871.9995117188 6.99546621028538e-06
21881.9995117188 9.42664484414075e-06
21891.9995117188 1.18777955089206e-05
21901.9995117188 1.10999230023717e-05
21911.9995117188 8.54604229378066e-06
21921.9995117188 4.63490260150797e-06
21931.9995117188 6.33805779428673e-06
21941.9995117188 8.2840279014543e-06
21951.9995117188 1.0015149701172e-05
21961.9995117188 1.02241542096105e-05
21971.9995117188 1.02332331692897e-05
21981.9995117188 1.60467851035897e-05
21991.9995117188 1.23287981598025e-05
22001.9995117188 9.58293739192194e-06
22011.9995117188 4.96559880800831e-06
22021.9995117188 1.01163819598189e-05
22031.9995117188 1.13838208820542e-05
22041.9995117188 1.4766584526656e-05
22051.9995117188 1.32882659487958e-05
22061.9995117188 1.26346423065542e-05
22071.9995117188 9.13818323759844e-06
22081.9995117188 6.96973137222566e-06
22091.9995117188 7.10952158426581e-06
22101.9995117188 7.18027984016442e-06
22111.9995117188 9.28384746474004e-06
22121.9995117188 1.36245119850333e-05
22131.9995117188 1.71642690066375e-05
22141.9995117188 1.61873227029383e-05
22151.9995117188 1.41653805962905e-05
22161.9995117188 9.77116940826858e-06
22171.9995117188 1.17582050673701e-05
22181.9995117188 1.21969761751477e-05
22191.9995117188 1.11002874186402e-05
22201.9995117188 8.80466086967088e-06
22211.9995117188 7.81993999032702e-06
22221.9995117188 1.02525078119532e-05
22231.9995117188 1.0662712546689e-05
22241.9995117188 1.04211956839891e-05
22251.9995117188 1.31901395242333e-05
22261.9995117188 1.42373458268408e-05
22271.9995117188 1.49903094717346e-05
22281.9995117188 1.17649781188315e-05
22291.9995117188 1.31729622763959e-05
22301.9995117188 1.29636157483359e-05
22311.9995117188 1.41945793831748e-05
22321.9995117188 1.23492823307311e-05
22331.9995117188 1.63822811980791e-05
22341.9995117188 1.83512266309837e-05
22351.9995117188 1.8424678326594e-05
22361.9995117188 1.85011009734507e-05
22371.9995117188 1.9395738232169e-05
22381.9995117188 1.9396280786639e-05
22391.9995117188 1.90172556006191e-05
22401.9995117188 1.75777828966283e-05
22411.9995117188 1.94851764314813e-05
22421.9995117188 1.95387861284651e-05
22431.9995117188 2.23947679765196e-05
22441.9995117188 2.71963207965372e-05
22451.9995117188 2.48008392636605e-05
22461.9995117188 2.13328818967144e-05
22471.9995117188 1.98357630110586e-05
22481.9995117188 2.13648343695605e-05
22491.9995117188 2.27021286107215e-05
22501.9995117188 2.49083974425744e-05
22511.9995117188 1.96820112515988e-05
22521.9995117188 1.95125712035529e-05
22531.9995117188 1.39053465978923e-05
22541.9995117188 1.63767841387853e-05
22551.9995117188 1.83064591255419e-05
22561.9995117188 1.68512844297362e-05
22571.9995117188 2.24960840418882e-05
22581.9995117188 2.18934146285472e-05
22591.9995117188 2.80226599821507e-05
22601.9995117188 2.66489309799217e-05
22611.9995117188 2.44276855859927e-05
22621.9995117188 2.09762343325127e-05
22631.9995117187 1.61890979807565e-05
22641.9995117188 1.54276079922347e-05
22651.9995117188 1.09713427282135e-05
22661.9995117188 1.12013276575136e-05
22671.9995117187 1.04384493579746e-05
22681.9995117188 1.56096032488581e-05
22691.9995117188 1.52417302629945e-05
22701.9995117188 1.60515711455884e-05
22711.9995117187 1.61892412907527e-05
22721.9995117188 1.69469569777279e-05
22731.9995117188 1.56073944026767e-05
22741.9995117188 1.35324995026754e-05
22751.9995117187 1.11566713055679e-05
22761.9995117188 1.00859650494331e-05
22771.9995117188 9.891722251024e-06
22781.9995117188 1.61449639275609e-05
22791.9995117187 1.56666608320679e-05
22801.9995117188 1.51903837042657e-05
22811.9995117188 9.96526370817571e-06
22821.9995117188 1.19241838735599e-05
22831.9995117187 1.04284602466031e-05
22841.9995117188 1.20071755892855e-05
22851.9995117188 1.00726940481143e-05
22861.9995117188 1.00782861643415e-05
22871.9995117187 7.88154757672978e-06
22881.9995117188 8.10628096425431e-06
22891.9995117188 6.63999401616922e-06
22901.9995117188 9.32378900435816e-06
22911.9995117187 8.87075369712553e-06
22921.9995117188 9.58193562759211e-06
22931.9995117188 8.29999574288083e-06
22941.9995117188 9.42282518509902e-06
22951.9995117187 8.13616001196529e-06
22961.9995117188 7.57948590163596e-06
22971.9995117188 6.64093413354185e-06
22981.9995117188 7.377704869642e-06
22991.9995117187 6.53125144191079e-06
23001.9995117188 7.1749031292887e-06
23011.9995117188 6.71491249724449e-06
23021.9995117188 6.60532801995944e-06
23031.9995117187 6.07695006238616e-06
23041.9995117188 6.91236526333118e-06
23051.9995117188 6.1559336657696e-06
23061.9995117188 6.85879126472793e-06
23071.9995117188 5.27732356781307e-06
23081.9995117188 6.98968494931499e-06
23091.9995117188 5.83328186331807e-06
23101.9995117188 5.65318602232251e-06
23111.9995117188 4.43812035717717e-06
23121.9995117188 4.37822978022324e-06
23131.9995117188 4.76831340108101e-06
23141.9995117188 4.2284756892376e-06
23151.9995117188 5.29178353518913e-06
23161.9995117188 5.6843152232653e-06
23171.9995117188 4.92389120699946e-06
23181.9995117188 4.48410040710346e-06
23191.9995117188 4.53001272257704e-06
23201.9995117188 6.67498985846305e-06
23211.9995117188 5.95875507023513e-06
23221.9995117188 5.12613497393416e-06
23231.9995117188 5.25535514298718e-06
23241.9995117188 5.25230416680644e-06
23251.9995117188 5.84914336897214e-06
23261.9995117188 4.20796654960861e-06
23271.9995117188 3.98169233099284e-06
23281.9995117188 3.6429557992751e-06
23291.9995117188 3.23593976732194e-06
23301.9995117188 3.39873266549565e-06
23311.9995117188 3.76952633204157e-06
23321.9995117188 3.59350573952486e-06
23331.9995117188 3.11305298374281e-06
23341.9995117188 2.73752530221099e-06
23351.9995117188 2.70096468880276e-06
23361.9995117188 2.71806980194162e-06
23371.9995117188 2.55670357598695e-06
23381.9995117188 3.10604284689895e-06
23391.9995117188 3.22728973087614e-06
23401.9995117188 2.96726645236791e-06
23411.9995117188 2.62879411621802e-06
23421.9995117188 2.33447108346239e-06
23431.9995117188 2.76601967698422e-06
23441.9995117188 2.61617962724534e-06
23451.9995117188 2.85807984138465e-06
23461.9995117188 2.66436810804436e-06
23471.9995117188 2.97244330182127e-06
23481.9995117188 2.45044083959803e-06
23491.9995117188 2.61623691596369e-06
23501.9995117188 2.43341441834687e-06
23511.9995117188 2.98535047141375e-06
23521.9995117188 2.97271400350801e-06
23531.9995117188 2.9094690535879e-06
23541.9995117188 2.97315263707133e-06
23551.9995117188 2.85620714196098e-06
23561.9995117188 2.37424260606842e-06
23571.9995117188 2.31313322690605e-06
23581.9995117188 2.35588728929692e-06
23591.9995117188 2.79815100330325e-06
23601.9995117188 2.92221617608672e-06
23611.9995117188 2.4084455300323e-06
23621.9995117188 2.37085723556917e-06
23631.9995117188 1.74473039393276e-06
23641.9995117188 1.67415215483495e-06
23651.9995117188 1.37142209886629e-06
23661.9995117188 1.4614297628974e-06
23671.9995117188 1.28304275230918e-06
23681.9995117188 1.12043966332622e-06
23691.9995117188 9.02483389139696e-07
23701.9995117188 8.13677488599538e-07
23711.9995117188 9.32272969917671e-07
23721.9995117188 7.95913229775783e-07
23731.9995117188 6.78535485284818e-07
23741.9995117188 4.29037204253357e-07
23751.9995117188 3.64871173520323e-07
23761.9995117188 3.71996739204193e-07
23771.9995117188 3.94531125032742e-07
23781.9995117188 4.70737667092859e-07
23791.9995117188 4.94740756051281e-07
23801.9995117188 4.36434060759141e-07
23811.9995117188 3.26487013843796e-07
23821.9995117188 2.44252922769192e-07
23831.9995117188 3.04798225326208e-07
23841.9995117188 3.04265623317473e-07
23851.9995117188 2.92614254604052e-07
23861.9995117188 2.44562591332039e-07
23871.9995117188 2.56664415652162e-07
23881.9995117187 2.27499867810382e-07
23891.9995117188 1.87336448556403e-07
23901.9995117188 1.47002506350327e-07
23911.9995117188 1.0705248387542e-07
23921.9995117187 9.09757598060293e-08
23931.9995117188 8.77990899160576e-08
23941.9995117188 1.05336845531772e-07
23951.9995117188 9.31673782741198e-08
23961.9995117187 8.38691434125624e-08
23971.9995117188 9.79069108976534e-08
23981.9995117188 1.00388480087471e-07
23991.9995117188 9.43932548968475e-08
24001.9995117187 7.19097488158378e-08
24011.9995117188 6.2515949612591e-08
24021.9995117188 5.13371666242862e-08
24031.9995117188 4.68103421782884e-08
24041.9995117187 4.47096255362752e-08
24051.9995117188 4.06061134557175e-08
24061.9995117188 3.5129182270493e-08
24071.9995117188 2.92210766171902e-08
24081.9995117187 2.87187445409155e-08
24091.9995117188 2.92602492850458e-08
24101.9995117188 2.44139778236664e-08
24111.9995117188 1.73517064985819e-08
24121.9995117187 1.22310256750785e-08
24131.9995117188 1.17154346655132e-08
24141.9995117188 1.13572209708688e-08
24151.9995117188 1.18989211670826e-08
24161.9995117187 1.05248149986904e-08
24171.9995117188 9.74512678252893e-09
24181.9995117188 8.2000932757865e-09
24191.9995117188 7.0363114313138e-09
24201.9995117187 6.32838574091037e-09
24211.9995117188 5.52380060913012e-09
24221.9995117188 5.57395342675193e-09
24231.9995117188 5.84574535477884e-09
24241.9995117187 4.91850341143826e-09
24251.9995117188 4.00077001047669e-09
24261.9995117188 2.57919329478005e-09
24271.9995117188 2.73987363116494e-09
24281.9995117187 2.47753045011562e-09
24291.9995117188 2.5780584601074e-09
24301.9995117188 1.94971223968776e-09
24311.9995117188 2.24676126831663e-09
24321.9995117188 2.1508045596862e-09
24331.9995117188 2.13088544651122e-09
24341.9995117188 1.74010076560853e-09
24351.9995117188 1.36538082796999e-09
24361.9995117188 1.31565385388559e-09
24371.9995117188 9.89794181317638e-10
24381.9995117188 8.92975624450227e-10
24391.9995117188 6.98129017958198e-10
24401.9995117188 7.31898073551322e-10
24411.9995117188 8.22757149022709e-10
24421.9995117188 7.24304933687688e-10
24431.9995117188 7.07291793166284e-10
24441.9995117188 5.46282800065776e-10
24451.9995117188 5.41299428719336e-10
24461.9995117188 4.28806654171332e-10
24471.9995117188 4.41164920498944e-10
24481.9995117188 3.81783466754769e-10
24491.9995117188 3.49692534875789e-10
24501.9995117188 2.62935321712912e-10
24511.9995117188 2.19447150561306e-10
24521.9995117188 2.48419456998485e-10
24531.9995117188 2.5541458394059e-10
24541.9995117188 2.53310941994012e-10
24551.9995117188 2.21862938747064e-10
24561.9995117188 1.89188280791509e-10
24571.9995117188 1.51802523003991e-10
24581.9995117188 1.34948256096505e-10
24591.9995117188 1.15477589663826e-10
24601.9995117188 1.19873114067621e-10
24611.9995117188 7.61006827500102e-11
24621.9995117188 8.32841716158702e-11
24631.9995117188 7.73666832391489e-11
24641.9995117188 8.16251440716904e-11
24651.9995117188 7.50078306232499e-11
24661.9995117188 6.4463244728473e-11
24671.9995117188 5.76091582197161e-11
24681.9995117188 4.8212930353354e-11
24691.9995117188 4.7368504252845e-11
24701.9995117188 4.41811273766661e-11
24711.9995117188 3.4949193833182e-11
24721.9995117188 3.26623185634681e-11
24731.9995117188 3.5012076906053e-11
24741.9995117188 3.5410362126e-11
24751.9995117188 3.1107697453871e-11
24761.9995117188 2.48253300537099e-11
24771.9995117188 2.23527625873512e-11
24781.9995117188 2.04463142127048e-11
24791.9995117188 1.79708032537406e-11
24801.9995117188 1.70875184333334e-11
24811.9995117188 1.59791801123013e-11
24821.9995117188 1.79591221377737e-11
24831.9995117188 1.27601098647015e-11
24841.9995117188 1.03545757043474e-11
24851.9995117188 7.05983196037828e-12
24861.9995117188 8.26960525309977e-12
24871.9995117188 8.20308396355271e-12
24881.9995117188 6.03700741238842e-12
24891.9995117188 5.20385447138333e-12
24901.9995117188 4.48887560076329e-12
24911.9995117188 5.78720667589321e-12
24921.9995117188 5.65821404872488e-12
24931.9995117188 5.31758345495418e-12
24941.9995117188 4.06326039126469e-12
24951.9995117188 4.19224860631337e-12
24961.9995117188 3.55849264341786e-12
24971.9995117188 3.53801637755018e-12
24981.9995117188 3.03113282591363e-12
24991.9995117188 2.71133555212543e-12
25001.9995117188 2.44162523051739e-12
25011.9995117188 1.96569343442553e-12
25021.9995117188 2.09262022974617e-12
25031.9995117188 2.08204130952716e-12
25041.9995117188 2.06037340754174e-12
25051.9995117188 1.67019180980462e-12
25061.9995117188 1.50817040142493e-12
25071.9995117188 1.34031691579996e-12
25081.9995117188 1.13190871255711e-12
25091.9995117188 1.16157049902841e-12
25101.9995117188 1.16752075877356e-12
25111.9995117188 1.15861582334898e-12
25121.9995117188 1.00650273521579e-12
25131.9995117187 9.40880734756605e-13
25141.9995117188 1.13674436334693e-12
25151.9995117188 9.49137886344178e-13
25161.9995117188 9.76951265282339e-13
25171.9995117187 7.41259064490091e-13
25181.9995117188 8.24316442435135e-13
25191.9995117188 6.29039693048286e-13
25201.9995117188 6.15896643749379e-13
25211.9995117187 4.84112374292151e-13
25221.9995117188 5.28516704082866e-13
25231.9995117188 4.85965035620659e-13
25241.9995117188 5.10792728760967e-13
25251.9995117187 4.33475732019537e-13
25261.9995117188 4.10501964703224e-13
25271.9995117188 3.86970705470055e-13
25281.9995117188 3.50293337164365e-13
25291.9995117187 3.21547401750348e-13
25301.9995117188 2.8156737407113e-13
25311.9995117188 2.90211013151349e-13
25321.9995117188 2.62805958920136e-13
25331.9995117187 2.7655223426721e-13
25341.9995117188 2.25704840836197e-13
25351.9995117188 2.2339547103078e-13
25361.9995117188 1.62182461507957e-13
25371.9995117187 1.54304482559739e-13
25381.9995117188 1.58413816582907e-13
25391.9995117188 1.71362603428741e-13
25401.9995117188 1.68617238647321e-13
25411.9995117187 1.46295347219976e-13
25421.9995117188 1.53855575358434e-13
25431.9995117188 1.48545783923419e-13
25441.9995117188 1.39234688298723e-13
25451.9995117187 1.04422825239217e-13
25461.9995117188 9.53304185143737e-14
25471.9995117188 9.58239540433271e-14
25481.9995117188 9.19404326168674e-14
25491.9995117187 7.92125251699202e-14
25501.9995117188 7.06081352664089e-14
25511.9995117188 6.9050495152859e-14
25521.9995117188 6.39192054689229e-14
25531.9995117187 5.57605791637093e-14
25541.9995117188 4.91773254874087e-14
25551.9995117188 5.4364099474497e-14
25561.9995117188 5.24006277183849e-14
25571.9995117188 4.94191222585609e-14
25581.9995117188 3.06083102064364e-14
25591.9995117188 2.70333819303779e-14
25601.9995117188 2.25700448953288e-14
25611.9995117188 2.60816810285383e-14
25621.9995117188 2.50840154160744e-14
25631.9995117188 2.14426163425372e-14
25641.9995117188 2.35426612653576e-14
25651.9995117188 2.31774591536241e-14
25661.9995117188 2.20720289573616e-14
25671.9995117188 1.76102444963123e-14
25681.9995117188 1.80419393226884e-14
25691.9995117188 1.73752777893304e-14
25701.9995117188 1.37574683659419e-14
25711.9995117188 9.49882449558627e-15
25721.9995117188 7.84335519900816e-15
25731.9995117188 9.50783789784068e-15
25741.9995117188 9.22541909873106e-15
25751.9995117188 9.22480513926359e-15
25761.9995117188 9.73383586288135e-15
25771.9995117188 8.66880819171292e-15
25781.9995117188 8.78199279553982e-15
25791.9995117188 7.47136255441861e-15
25801.9995117188 6.69797956479302e-15
25811.9995117188 5.42294363075185e-15
25821.9995117188 4.84972859888701e-15
25831.9995117188 4.87722371404278e-15
25841.9995117188 4.83126793450021e-15
25851.9995117188 4.28879435593052e-15
25861.9995117188 3.75262898112448e-15
25871.9995117188 3.09347599338491e-15
25881.9995117188 2.78368454427887e-15
25891.9995117188 2.98468817195326e-15
25901.9995117188 2.69498244758814e-15
25911.9995117188 2.39549413490952e-15
25921.9995117188 1.96006876799267e-15
25931.9995117188 1.8587902570253e-15
25941.9995117188 2.26497976605053e-15
25951.9995117188 1.87284730595633e-15
25961.9995117188 1.70649092988894e-15
25971.9995117188 1.2373030812061e-15
25981.9995117188 1.19841943326483e-15
