"wave" "response"
5505.99975585938 9.18395710278808e-11
5515.99975585938 7.32308020449889e-13
5525.99975585938 9.83084583493847e-12
5535.99975585938 8.58809590034346e-13
5545.99975585938 2.09857065469219e-11
5555.99975585938 1.30932161540041e-10
5565.99975585938 3.8054531277671e-11
5575.99975585938 2.3510313298985e-11
5585.99975585938 5.59056149128048e-11
5595.99975585938 5.96322580983811e-11
5605.99975585938 1.20849195980503e-12
5615.99975585938 2.15620401136739e-10
5625.99975585938 1.42418428497451e-12
5635.99975585938 7.30171247076433e-11
5645.99975585938 1.82585854680096e-10
5655.99975585938 7.84032020709316e-11
5665.99975585938 2.28969584069308e-10
5675.99975585938 2.08327018599842e-10
5685.99975585937 2.40468152527997e-12
5695.99975585937 1.45637841569271e-10
5705.99975585937 2.08640241134693e-10
5715.99975585937 3.63367234552009e-11
5725.99975585937 1.09852924694328e-10
5735.99975585937 3.27107271836062e-11
5745.99975585937 3.22101738227185e-10
5755.99975585937 8.60262544646992e-11
5765.99975585937 1.81173461605025e-11
5775.99975585937 1.20918954716175e-10
5785.99975585937 1.63843762319937e-10
5795.99975585938 1.0972335473519e-10
5805.99975585938 3.55185847828406e-12
5815.99975585938 1.20964116380021e-10
5825.99975585938 3.57376241161763e-10
5835.99975585938 8.1699101264951e-11
5845.99975585938 1.60853642203889e-10
5855.99975585938 2.45250012675471e-10
5865.99975585938 6.61928802479223e-12
5875.99975585938 1.11222746569867e-10
5885.99975585938 1.22551250058521e-10
5895.99975585938 6.82980885144347e-10
5905.99975585938 2.50143156330953e-10
5915.99975585938 6.84780244657942e-10
5925.99975585938 7.97677273290571e-11
5935.99975585938 1.86495306067938e-10
5945.99975585938 9.69568317143915e-10
5955.99975585938 2.02851737663926e-10
5965.99975585938 2.17256789807801e-10
5975.99975585938 3.31882077100686e-10
5985.99975585938 4.72267807986838e-11
5995.99975585938 1.21305914922205e-10
6005.99975585938 1.0131516227209e-11
6015.99975585938 1.42667657795254e-11
6025.99975585938 3.25902509563428e-11
6035.99975585938 9.69643462766647e-11
6045.99975585938 3.78773478075197e-10
6055.99975585938 1.89171600112838e-10
6065.99975585938 3.16169921536113e-10
6075.99975585938 1.83725609051391e-10
6085.99975585938 1.17466508073139e-11
6095.99975585938 2.14763797363228e-10
6105.99975585938 1.87022016064548e-10
6115.99975585938 7.56490981117665e-11
6125.99975585938 5.09333751666567e-10
6135.99975585938 4.52982866069472e-10
6145.99975585938 1.27172895004018e-11
6155.99975585938 1.72909992875874e-10
6165.99975585938 2.95828439803121e-10
6175.99975585938 1.32009252932697e-11
6185.99975585938 1.75935789531644e-10
6195.99975585938 1.024279651823e-10
6205.99975585938 1.3712073342573e-11
6215.99975585938 3.55677468941184e-10
6225.99975585938 3.22429432285817e-10
6235.99975585938 5.86562327174106e-11
6245.99975585938 5.95161018724974e-10
6255.99975585938 1.44652889220483e-11
6265.99975585938 6.41012489371269e-10
6275.99975585938 1.50423509458662e-10
6285.99975585938 1.07776400682634e-09
6295.99975585938 1.50758124096404e-11
6305.99975585938 9.26532484603206e-11
6315.99975585938 8.27650865984517e-10
6325.99975585938 8.11248686640272e-10
6335.99975585938 1.12832223004489e-09
6345.99975585938 3.70352877823976e-10
6355.99975585938 1.59021732159641e-11
6365.99975585938 1.00872210708975e-09
6375.99975585938 4.21849854472711e-11
6385.99975585938 6.30177815730911e-10
6395.99975585938 4.19518748478634e-10
6405.99975585938 9.7347043899496e-10
6415.99975585938 1.12580809281175e-10
6425.99975585938 1.16154891056187e-09
6435.99975585938 4.15844160516035e-11
6445.99975585938 1.19147090312294e-09
6455.99975585938 1.3344551502062e-09
6465.99975585938 7.08597179718652e-10
6475.99975585938 5.34764567592691e-10
6485.99975585938 4.01275489872873e-11
6495.99975585938 1.17223383857631e-09
6505.99975585938 2.78498609366172e-10
6515.99975585938 4.07765680346779e-11
6525.99975585938 4.36556449315354e-10
6535.99975585938 4.80932461120405e-10
6545.99975585938 7.94123942426349e-10
6555.99975585938 1.60376875957438e-09
6565.99975585938 5.25789490262066e-10
6575.99975585938 7.82675711444696e-10
6585.99975585938 1.1702892906031e-09
6595.99975585938 2.42843053073931e-10
6605.99975585938 3.37076894581633e-10
6615.99975585938 1.8784708007371e-11
6625.99975585938 1.86462687392281e-09
6635.99975585938 5.93139474104493e-10
6645.99975585938 6.34130505578094e-10
6655.99975585938 1.10571676663926e-09
6665.99975585938 4.67420764501838e-11
6675.99975585938 1.51214815047712e-09
6685.99975585938 1.42217674892463e-09
6695.99975585938 1.46526443242468e-10
6705.99975585938 4.6059092205664e-11
6715.99975585938 4.24516921259157e-10
6725.99975585938 8.32898571285572e-10
6735.99975585938 8.5577847216513e-10
6745.99975585938 2.54542120612205e-11
6755.99975585938 4.46315553264206e-10
6765.99975585938 2.37525783270275e-09
6775.99975585938 8.62109985681316e-10
6785.99975585938 8.90257206649827e-10
6795.99975585938 1.52786466170227e-09
6805.99975585938 6.80187660502788e-10
6815.99975585938 2.02263554710829e-11
6825.99975585938 1.77787919328671e-09
6835.99975585938 1.98705801657892e-09
6845.99975585938 8.54215890671208e-10
6855.99975585938 1.62058851482183e-09
6865.99975585938 1.93548765042138e-09
6875.99975585938 1.18558084380412e-09
6885.99975585938 2.06390956382848e-11
6895.99975585938 1.31405919387154e-09
6905.99975585938 1.39376473694602e-09
6915.99975585938 4.50187353240585e-10
6925.99975585938 1.49621361212965e-09
6935.99975585937 1.47139494161037e-09
6945.99975585937 7.20049233375584e-10
6955.99975585937 1.14831451261144e-09
6965.99975585937 2.14701920542035e-09
6975.99975585937 5.85437135461887e-10
6985.99975585937 4.60067133372615e-10
6995.99975585937 6.48670219886226e-10
7005.99975585937 6.88691523168931e-10
7015.99975585937 1.4482995790976e-09
7025.99975585937 3.77461172586301e-10
7035.99975585937 5.29527877294638e-11
7045.99975585938 8.80704059231873e-10
7055.99975585938 1.17618581210813e-10
7065.99975585938 4.38153218915079e-10
7075.99975585938 3.05601395758139e-10
7085.99975585938 1.44044330715657e-09
7095.99975585938 1.16176921921698e-09
7105.99975585938 1.2310412420154e-09
7115.99975585938 9.83800395251311e-10
7125.99975585938 8.23249189174164e-10
7135.99975585938 1.54660491539856e-09
7145.99975585938 2.5834513556618e-09
7155.99975585938 1.1808447877351e-09
7165.99975585938 5.20495306138704e-10
7175.99975585938 2.27638550196711e-11
7185.99975585938 4.68312485853069e-10
7195.99975585938 2.08997841483689e-09
7205.99975585938 1.39948156712876e-09
7215.99975585938 4.29003503991688e-10
7225.99975585938 1.8181735641264e-09
7235.99975585938 9.94379666480127e-11
7245.99975585938 1.08780343290293e-10
7255.99975585938 1.64788659669837e-09
7265.99975585938 5.77663757517188e-10
7275.99975585938 6.32557037856508e-10
7285.99975585938 6.65689181921959e-10
7295.99975585938 1.45094310746148e-09
7305.99975585938 1.2860105996633e-09
7315.99975585938 4.91503693648887e-10
7325.99975585938 2.84222421654331e-09
7335.99975585938 3.49934352428706e-09
7345.99975585938 2.02319015514566e-09
7355.99975585938 2.59720943608451e-09
7365.99975585938 2.54866932259558e-09
7375.99975585938 3.53345539592396e-09
7385.99975585938 1.96569866341114e-09
7395.99975585938 3.43219579539264e-09
7405.99975585938 1.40986120166214e-09
7415.99975585938 2.22827239178249e-09
7425.99975585938 1.01246426244339e-09
7435.99975585938 3.42712292581435e-09
7445.99975585938 5.72284555979659e-10
7455.99975585938 1.0953667100238e-09
7465.99975585938 5.90892464139713e-09
7475.99975585938 1.88564961929008e-09
7485.99975585938 1.21041891350141e-09
7495.99975585938 9.93752996118908e-10
7505.99975585938 2.57268116986428e-09
7515.99975585938 6.28366382904858e-11
7525.99975585938 3.42218682339766e-09
7535.99975585938 4.43734265797686e-09
7545.99975585938 4.57439872714213e-09
7555.99975585938 1.48037233964178e-09
7565.99975585938 8.29231377544884e-10
7575.99975585938 1.04171767732278e-09
7585.99975585938 1.25244524425478e-09
7595.99975585938 2.61466630334728e-11
7605.99975585938 3.18290348058248e-09
7615.99975585938 1.81230607354294e-09
7625.99975585938 2.84521930033263e-09
7635.99975585938 1.40079238925794e-09
7645.99975585938 3.46011947798057e-09
7655.99975585938 5.62125089520374e-09
7665.99975585938 3.16413039162522e-09
7675.99975585938 1.01548559777177e-09
7685.99975585938 2.38006876695859e-09
7695.99975585938 5.64236439341078e-10
7705.99975585938 1.7860697275749e-09
7715.99975585938 1.02224923830828e-09
7725.99975585938 3.07774669542397e-09
7735.99975585938 1.11040144532449e-09
7745.99975585938 2.07076274881557e-09
7755.99975585938 7.93950287456978e-09
7765.99975585938 5.07504357082126e-09
7775.99975585938 1.58225776137586e-09
7785.99975585938 8.9434432240005e-10
7795.99975585938 3.15551111768166e-09
7805.99975585938 2.22232240872125e-09
7815.99975585938 2.48970360976282e-09
7825.99975585938 3.98328928408287e-09
7835.99975585938 5.25439593852089e-09
7845.99975585938 7.96981206716286e-10
7855.99975585938 2.01650726373631e-09
7865.99975585938 6.36722230269573e-09
7875.99975585938 2.91754601726353e-09
7885.99975585938 4.1474904512888e-09
7895.99975585938 9.88782357811467e-10
7905.99975585938 1.75747843601636e-09
7915.99975585938 3.78881264975666e-09
7925.99975585938 1.25650032624572e-09
7935.99975585938 7.96745802206389e-09
7945.99975585938 1.88273641163504e-09
7955.99975585938 4.18478962405988e-09
7965.99975585938 6.97223619670006e-09
7975.99975585938 3.95691231885515e-09
7985.99975585938 2.43803565070318e-09
7995.99975585938 2.78136562067979e-11
8005.99975585938 4.00406427949794e-10
8015.99975585938 2.05598543201525e-09
8025.99975585938 2.86775426797512e-09
8035.99975585938 1.13870672544785e-09
8045.99975585938 6.31291615332168e-09
8055.99975585938 1.11822183432103e-08
8065.99975585938 6.46868642432336e-09
8075.99975585938 4.7044315751372e-09
8085.99975585938 2.6851420893689e-08
8095.99975585938 1.89656466213137e-08
8105.99975585938 1.76017801548465e-08
8115.99975585938 8.90152876023654e-09
8125.99975585938 9.68103396426398e-09
8135.99975585938 8.37207686885497e-09
8145.99975585938 1.00855902012603e-08
8155.99975585938 8.55027102032375e-09
8165.99975585938 4.30433679654123e-09
8175.99975585938 7.91609631238109e-09
8185.99975585937 9.72232693579262e-09
8195.99975585938 9.9618323404237e-09
8205.99975585938 9.30441843992348e-09
8215.99975585938 4.56583103340243e-09
8225.99975585938 8.89712112111546e-09
8235.99975585938 2.41012435762876e-09
8245.99975585938 2.83729178446086e-09
8255.99975585938 1.4744932743192e-09
8265.99975585938 7.82369936353483e-10
8275.99975585938 9.7858014768317e-09
8285.99975585938 2.90580363119712e-11
8295.99975585938 5.06796713638155e-10
8305.99975585938 1.78948161962215e-08
8315.99975585938 4.54771306640176e-09
8325.99975585938 9.35137700224418e-09
8335.99975585938 2.12159628935556e-08
8345.99975585938 2.65287674118552e-08
8355.99975585938 1.43746903732333e-09
8365.99975585938 8.2328430746032e-09
8375.99975585938 1.1294712902723e-08
8385.99975585938 1.49707730762846e-08
8395.99975585938 7.93991541444945e-09
8405.99975585938 1.39403226332614e-09
8415.99975585938 8.20341546731292e-10
8425.99975585938 1.5057149223139e-08
8435.99975585938 6.85754101577692e-09
8445.99975585938 1.64806342848003e-08
8455.99975585938 2.97128220611789e-11
8465.99975585938 2.47266691467285e-08
8475.99975585938 8.26863983365838e-09
8485.99975585938 1.33421268567344e-08
8495.99975585938 6.02494003177605e-08
8505.99975585938 1.41747342367925e-08
8515.99975585938 3.66320743727612e-08
8525.99975585938 7.19876241960403e-08
8535.99975585938 3.50549551935768e-08
8545.99975585938 4.25792177635497e-08
8555.99975585938 7.09522285349565e-08
8565.99975585938 6.6311550240729e-08
8575.99975585938 4.3074781459344e-08
8585.99975585938 1.05422139810354e-07
8595.99975585938 9.73841817782235e-08
8605.99975585938 4.36437288931501e-08
8615.99975585938 7.87055719618448e-08
8625.99975585938 1.34019439975775e-07
8635.99975585938 1.69389642547106e-07
8645.99975585938 3.04411274355286e-11
8655.99975585938 4.24483636812876e-07
8665.99975585938 8.26119660325714e-08
8675.99975585938 1.77457388654539e-08
8685.99975585938 1.07586331643593e-07
8695.99975585938 3.16696964605782e-07
8705.99975585938 2.05064503354157e-08
8715.99975585938 6.38192580117554e-08
8725.99975585938 1.96270051320128e-07
8735.99975585938 3.90279401622215e-07
8745.99975585938 1.01114208296526e-07
8755.99975585938 1.44004166945823e-07
8765.99975585938 4.95182047478573e-07
8775.99975585938 3.09304135710105e-11
8785.99975585938 8.01158291371026e-07
8795.99975585938 4.13861381884624e-07
8805.99975585938 7.09837289174296e-07
8815.99975585938 6.66192691504019e-07
8825.99975585938 5.88345698948078e-07
8835.99975585938 2.28081862717913e-06
8845.99975585938 3.10816139747969e-11
8855.99975585938 4.59664400958954e-08
8865.99975585938 7.20232554685025e-07
8875.99975585938 1.07515539047393e-06
8885.99975585938 1.19346489984169e-06
8895.99975585938 4.10316811332057e-07
8905.99975585938 7.34818213136332e-07
8915.99975585938 2.98468249855617e-07
8925.99975585938 3.13798601485764e-06
8935.99975585938 8.66189889046235e-07
8945.99975585938 5.62084246824218e-07
8955.99975585938 1.25441948580746e-06
8965.99975585938 2.49679061717177e-06
8975.99975585938 3.11147571354731e-07
8985.99975585938 7.31283629907211e-07
8995.99975585938 8.54268281869387e-07
9005.99975585938 1.50972869828074e-06
9015.99975585938 1.77578474606991e-06
9025.99975585938 1.02835246642226e-06
9035.99975585938 9.19494095566343e-07
9045.99975585938 7.70130240514743e-07
9055.99975585938 1.29594819232684e-06
9065.99975585938 6.51417579079762e-07
9075.99975585938 1.53790214084887e-06
9085.99975585938 1.34324987704371e-06
9095.99975585938 1.52637569134733e-06
9105.99975585938 1.00547306675231e-06
9115.99975585938 6.78702948528797e-07
9125.99975585938 1.48116512061473e-06
9135.99975585938 1.17148013744372e-06
9145.99975585938 1.13143393865801e-06
9155.99975585938 8.19803326657342e-07
9165.99975585938 1.08954485757018e-06
9175.99975585938 1.25051752601434e-06
9185.99975585938 6.34014233462027e-07
9195.99975585938 9.65817348848274e-07
9205.99975585938 8.71606842938657e-07
9215.99975585938 8.38503432859125e-07
9225.99975585938 3.37597103008443e-07
9235.99975585938 1.05493599265858e-06
9245.99975585938 9.61302087731741e-07
9255.99975585938 7.6013569797073e-07
9265.99975585938 7.47770268436134e-07
9275.99975585938 8.46688323492286e-07
9285.99975585938 6.35066345333165e-07
9295.99975585938 1.12927384375548e-06
9305.99975585938 9.89077724593671e-07
9315.99975585938 8.27646850010141e-07
9325.99975585938 1.97800753264904e-07
9335.99975585938 5.95616193710053e-07
9345.99975585938 4.43103101640481e-07
9355.99975585938 7.77985111369645e-07
9365.99975585938 6.28583968401838e-07
9375.99975585938 9.36765923428833e-07
9385.99975585938 9.75052001057474e-07
9395.99975585938 7.76079496488779e-07
9405.99975585938 5.36499073572588e-07
9415.99975585938 4.25206959493851e-07
9425.99975585938 4.05200248819174e-07
9435.99975585938 7.52784638627139e-07
9445.99975585938 9.67774529175871e-07
9455.99975585938 4.56759863311308e-07
9465.99975585938 6.34102333372153e-07
9475.99975585938 1.7121475876956e-07
9485.99975585938 1.01264092444827e-06
9495.99975585938 4.72978118760857e-07
9505.99975585938 1.01364475099701e-06
9515.99975585938 1.21370144076368e-07
9525.99975585938 7.13681829762208e-07
9535.99975585938 2.06405398806118e-07
9545.99975585938 6.79044366503073e-07
9555.99975585938 7.35234431600737e-07
9565.99975585938 2.75935256003836e-07
9575.99975585938 4.52541972192089e-07
9585.99975585938 3.87370254316613e-07
9595.99975585938 4.30646811853238e-07
9605.99975585938 3.13077283771832e-07
9615.99975585938 2.72804679077002e-07
9625.99975585938 6.41761712274648e-07
9635.99975585938 4.03495687107783e-07
9645.99975585938 4.64561027183553e-07
9655.99975585938 5.20794637700604e-07
9665.99975585938 2.10276077801143e-07
9675.99975585938 5.23296639284223e-07
9685.99975585938 3.54461935504962e-07
9695.99975585938 2.46296958232094e-07
9705.99975585938 2.52687447007555e-07
9715.99975585938 3.28640608483963e-07
9725.99975585938 2.05818038726917e-07
9735.99975585938 4.93864114915622e-07
9745.99975585938 2.06742356356071e-07
9755.99975585938 5.15071187657075e-07
9765.99975585938 2.99395359362715e-07
9775.99975585938 4.83481654841037e-07
9785.99975585938 5.30603782634476e-07
9795.99975585938 3.67602288503305e-07
9805.99975585938 7.4424410533912e-07
9815.99975585938 1.50618752757754e-07
9825.99975585938 4.1592071390361e-07
9835.99975585938 4.89099201669627e-07
9845.99975585938 2.03601055399876e-07
9855.99975585938 2.47638527205642e-07
9865.99975585938 5.0940162788162e-07
9875.99975585938 1.92320321266955e-07
9885.99975585938 3.68123213129869e-07
9895.99975585938 1.50806603927278e-07
9905.99975585938 2.84012749837529e-07
9915.99975585938 2.35584380991736e-07
9925.99975585938 3.10442122822642e-07
9935.99975585938 2.06933934824509e-07
9945.99975585938 4.14846471028768e-07
9955.99975585938 9.873618689348e-08
9965.99975585938 2.35220325468363e-07
9975.99975585938 2.99292711871082e-07
9985.99975585938 1.87817738171769e-07
9995.99975585938 2.72111490221982e-07
10005.9997558594 4.91105702950871e-07
10015.9997558594 3.02124968838888e-07
10025.9997558594 3.15493446697549e-07
10035.9997558594 3.15625129527919e-07
10045.9997558594 3.68205267849474e-07
10055.9997558594 2.57863484084432e-07
10065.9997558594 3.00916275789904e-07
10075.9997558594 2.6238346046588e-07
10085.9997558594 5.4865813637127e-07
10095.9997558594 2.18473909702383e-07
10105.9997558594 1.992726418864e-07
10115.9997558594 3.03985850290061e-07
10125.9997558594 3.75819602557591e-07
10135.9997558594 2.60678246699621e-07
10145.9997558594 3.89719845516802e-07
10155.9997558594 2.62027969336094e-07
10165.9997558594 3.04634398583443e-07
10175.9997558594 1.78238468913792e-07
10185.9997558594 1.72511106976991e-07
10195.9997558594 1.99810844878416e-07
10205.9997558594 3.18991850670684e-07
10215.9997558594 3.06454877377399e-07
10225.9997558594 4.39303223584145e-07
10235.9997558594 1.88047809777058e-07
10245.9997558594 1.88289985031002e-07
10255.9997558594 2.89548791115212e-07
10265.9997558594 3.82251799792321e-07
10275.9997558594 1.57012470662276e-07
10285.9997558594 1.79352260874788e-07
10295.9997558594 3.19987481347741e-07
10305.9997558594 3.71348527093732e-07
10315.9997558594 1.36934123258635e-07
10325.9997558594 2.88514020568812e-07
10335.9997558594 3.32265699162891e-07
10345.9997558594 3.46094377787234e-07
10355.9997558594 3.03687456812546e-07
10365.9997558594 2.88351108758076e-07
10375.9997558594 3.02369857988028e-07
10385.9997558594 1.88599317942936e-07
10395.9997558594 1.58104446256124e-07
10405.9997558594 1.68927254513913e-07
10415.9997558594 2.077357092652e-07
10425.9997558594 2.03095666672849e-07
10435.9997558594 2.6123607663159e-07
10445.9997558594 2.9577127808382e-07
10455.9997558594 2.5747609102234e-07
10465.9997558594 1.20466225313824e-07
10475.9997558594 2.31415772711026e-07
10485.9997558594 2.50847411293867e-07
10495.9997558594 3.06137867415671e-07
10505.9997558594 2.58805984750961e-07
10515.9997558594 2.10832911609664e-07
10525.9997558594 1.37621488554727e-07
10535.9997558594 2.5775644493894e-07
10545.9997558594 3.3970917206095e-07
10555.9997558594 2.85004514312091e-07
10565.9997558594 2.44831139760625e-07
10575.9997558594 2.85989943137419e-07
10585.9997558594 1.84699810338651e-07
10595.9997558594 2.28918957207311e-07
10605.9997558594 1.96230713706606e-07
10615.9997558594 2.55945308921531e-07
10625.9997558594 1.18118089809864e-07
10635.9997558594 1.4825870224008e-07
10645.9997558594 1.79028846571941e-07
10655.9997558594 3.80340955350823e-07
10665.9997558594 2.04354864152058e-07
10675.9997558594 2.55794158449317e-07
10685.9997558594 1.01743453216616e-07
10695.9997558594 2.15152520487687e-07
10705.9997558594 1.75386096793182e-07
10715.9997558594 1.67219523314034e-07
10725.9997558594 2.3577983643732e-07
10735.9997558594 1.43786045645591e-07
10745.9997558594 2.82510840531493e-07
10755.9997558594 2.62088484351057e-07
10765.9997558594 1.58560134301323e-07
10775.9997558594 1.49631105873951e-07
10785.9997558594 1.37465209863768e-07
10795.9997558594 1.86079716123567e-07
10805.9997558594 2.31507657903053e-07
10815.9997558594 1.71135441955296e-07
10825.9997558594 2.58357079733799e-07
10835.9997558594 1.58239784012802e-07
10845.9997558594 1.54942308429516e-07
10855.9997558594 3.02304404579967e-07
10865.9997558594 1.76716900484035e-07
10875.9997558594 1.85440444215086e-07
10885.9997558594 1.83684311910941e-07
10895.9997558594 1.29872129892176e-07
10905.9997558594 2.23350554563212e-07
10915.9997558594 3.09587818868288e-07
10925.9997558594 2.2436988487376e-07
10935.9997558594 1.09684599684153e-07
10945.9997558594 2.11008086569661e-07
10955.9997558594 5.32187795724964e-08
10965.9997558594 7.73465882359254e-08
10975.9997558594 2.25427129396949e-07
10985.9997558594 1.67667735021356e-07
10995.9997558594 1.83077920805391e-07
11005.9997558594 1.96460956936052e-07
11015.9997558594 1.55103456487055e-07
11025.9997558594 2.08875084535207e-07
11035.9997558594 1.79051631176407e-07
11045.9997558594 2.39603425257996e-07
11055.9997558594 2.17559504976393e-07
11065.9997558594 1.60651435680106e-07
11075.9997558594 2.99966077686598e-07
11085.9997558594 2.55192376396484e-07
11095.9997558594 1.75554341275404e-07
11105.9997558594 2.52631212705331e-07
11115.9997558594 1.43826286665437e-07
11125.9997558594 1.93423247404733e-07
11135.9997558594 1.25741394400717e-07
11145.9997558594 8.91606883183931e-08
11155.9997558594 2.23635352904557e-07
11165.9997558594 1.43034867578336e-07
11175.9997558594 1.54185791051307e-07
11185.9997558594 2.42367555727265e-07
11195.9997558594 1.84327912443695e-07
11205.9997558594 2.09645101252606e-07
11215.9997558594 1.54913328019778e-07
11225.9997558594 1.81383399806485e-07
11235.9997558594 1.94644848679068e-07
11245.9997558594 1.18794427257914e-07
11255.9997558594 2.52612187901755e-07
11265.9997558594 1.27494238171473e-07
11275.9997558594 2.26933167464845e-07
11285.9997558594 1.66005783644186e-07
11295.9997558594 1.16434760521814e-07
11305.9997558594 1.73357261854479e-07
11315.9997558594 2.17861606744163e-07
11325.9997558594 1.19090950391905e-07
11335.9997558594 2.4097616635215e-07
11345.9997558594 2.07111380095701e-07
11355.9997558594 8.6970426206332e-08
11365.9997558594 1.93442717378471e-07
11375.9997558594 2.62734017875724e-07
11385.9997558594 5.51979484879151e-08
11395.9997558594 2.03305037509912e-07
11405.9997558594 1.77433327184341e-07
11415.9997558594 2.16733528924887e-07
11425.9997558594 2.3195692111741e-07
11435.9997558594 1.28740944091221e-07
11445.9997558594 1.09206479918395e-07
11455.9997558594 2.09995036002919e-07
11465.9997558594 1.47919161646811e-07
11475.9997558594 1.92299309161571e-07
11485.9997558594 1.79165705781232e-07
11495.9997558594 1.02762268497184e-07
11505.9997558594 7.74277926931679e-08
11515.9997558594 1.27201998721354e-07
11525.9997558594 9.58452637186163e-08
11535.9997558594 1.15792750938375e-07
11545.9997558594 2.33090079964094e-07
11555.9997558594 2.00171135937319e-07
11565.9997558594 2.05264062576453e-07
11575.9997558594 1.82559671838184e-07
11585.9997558594 1.20330220942576e-07
11595.9997558594 1.3052067733987e-07
11605.9997558594 2.35788747246038e-07
11615.9997558594 2.46828919284613e-07
11625.9997558594 9.83685220999782e-08
11635.9997558594 1.21101371150118e-07
11645.9997558594 1.91113319385204e-07
11655.9997558594 1.77679231352769e-07
11665.9997558594 1.5928155947988e-07
11675.9997558594 1.42040141190861e-07
11685.9997558594 1.29290308070167e-07
11695.9997558594 1.65628992421916e-07
11705.9997558594 1.89508620618428e-07
11715.9997558594 1.28218695624574e-07
11725.9997558594 1.79955299077199e-07
11735.9997558594 1.92262891877087e-07
11745.9997558594 2.75623827689144e-07
11755.9997558594 2.84355988040419e-07
11765.9997558594 6.86637119770873e-08
11775.9997558594 1.91421247396334e-07
11785.9997558594 2.39274166311375e-07
11795.9997558594 2.05635654989265e-07
11805.9997558594 1.68112814971269e-07
11815.9997558594 2.70227941345427e-07
11825.9997558594 2.56658048662192e-07
11835.9997558594 2.39420497833872e-07
11845.9997558594 1.63469664524908e-07
11855.9997558594 1.79041768556891e-07
11865.9997558594 2.35922363155883e-07
11875.9997558594 2.56892408270619e-07
11885.9997558594 1.28049830823681e-07
11895.9997558594 1.73655067750102e-07
11905.9997558594 1.82390811112998e-07
11915.9997558594 1.56616393408125e-07
11925.9997558594 2.17958708116948e-07
11935.9997558594 1.40719351872523e-07
11945.9997558594 2.75922767568848e-07
11955.9997558594 9.92422779885677e-08
11965.9997558594 1.72391295478334e-07
11975.9997558594 1.64665302625862e-07
11985.9997558594 2.33681597075044e-07
11995.9997558594 2.13496620161679e-07
12005.9997558594 2.82655655511904e-07
12015.9997558594 1.46275511210252e-07
12025.9997558594 2.06382484950863e-07
12035.9997558594 3.35046744456971e-07
12045.9997558594 1.28503405051365e-07
12055.9997558594 2.14056624473863e-07
12065.9997558594 2.94570394505823e-07
12075.9997558594 1.50368934022424e-07
12085.9997558594 1.7101868921972e-07
12095.9997558594 3.56990999155579e-07
12105.9997558594 2.53810184697512e-07
12115.9997558594 1.30284691536842e-07
12125.9997558594 1.69004951467279e-07
12135.9997558594 2.26462346669834e-07
12145.9997558594 1.22417012063249e-07
12155.9997558594 2.36458773344084e-07
12165.9997558594 2.35447511197997e-07
12175.9997558594 2.27546306427179e-07
12185.9997558594 2.09449326807384e-07
12195.9997558594 2.66808721156561e-07
12205.9997558594 1.61564961125337e-07
12215.9997558594 1.92922686585037e-07
12225.9997558594 2.11913530526439e-07
12235.9997558594 2.33704256254038e-07
12245.9997558594 1.2719563147621e-07
12255.9997558594 2.25663157681744e-07
12265.9997558594 3.0109580302287e-07
12275.9997558594 1.49802269825553e-07
12285.9997558594 9.72223361333812e-08
12295.9997558594 2.44579570236765e-07
12305.9997558594 2.90798018392191e-07
12315.9997558594 1.46359383437426e-07
12325.9997558594 1.41389262983717e-07
12335.9997558594 2.59705321434759e-07
12345.9997558594 1.92565398016843e-07
12355.9997558594 2.61450613896592e-07
12365.9997558594 1.8687879422032e-07
12375.9997558594 3.40012777389842e-07
12385.9997558594 1.79788200231574e-07
12395.9997558594 1.06424229823243e-07
12405.9997558594 2.75107912280342e-07
12415.9997558594 1.15288787866911e-07
12425.9997558594 2.19154193707897e-07
12435.9997558594 2.00999275625903e-07
12445.9997558594 1.94216255507464e-07
12455.9997558594 2.13272743137848e-07
12465.9997558594 2.19262467793001e-07
12475.9997558594 1.3375055202951e-07
12485.9997558594 2.00149018475591e-07
12495.9997558594 2.95486835123555e-07
12505.9997558594 2.21975861262575e-07
12515.9997558594 2.0893267451424e-07
12525.9997558594 3.09679717030232e-07
12535.9997558594 1.88433774211798e-07
12545.9997558594 9.51247718449663e-08
12555.9997558594 2.27829435996228e-07
12565.9997558594 2.59325358065761e-07
12575.9997558594 2.86856852507802e-07
12585.9997558594 2.15123717126439e-07
12595.9997558594 2.39129740230891e-07
12605.9997558594 2.60757921738582e-07
12615.9997558594 3.09001147262252e-07
12625.9997558594 2.62231292874982e-07
12635.9997558594 1.62963834626773e-07
12645.9997558594 2.05850815542231e-07
12655.9997558594 3.46593173684781e-07
12665.9997558594 2.36760920704808e-07
12675.9997558594 3.66904782434834e-07
12685.9997558594 2.36622282247269e-07
12695.9997558594 2.89274787110261e-07
12705.9997558594 1.81485732005006e-07
12715.9997558594 2.49680826501103e-07
12725.9997558594 2.45148360061279e-07
12735.9997558594 1.55359311575617e-07
12745.9997558594 2.38120965904609e-07
12755.9997558594 1.72988277007729e-07
12765.9997558594 2.81460303128868e-07
12775.9997558594 2.67240208695676e-07
12785.9997558594 2.60243275324522e-07
12795.9997558594 2.14865390870576e-07
12805.9997558594 1.29060210300726e-07
12815.9997558594 1.67749334415365e-07
12825.9997558594 2.4267409839025e-07
12835.9997558594 2.97932402516134e-07
12845.9997558594 2.5671082032676e-07
12855.9997558594 1.55215614554167e-07
12865.9997558594 2.73496439988113e-07
12875.9997558594 1.95170647676748e-07
12885.9997558594 2.56319060832117e-07
12895.9997558594 1.23004393872131e-07
12905.9997558594 2.64348473334467e-07
12915.9997558594 2.37108381177253e-07
12925.9997558594 1.89166961878542e-07
12935.9997558594 2.04934330872574e-07
12945.9997558594 3.97694860683653e-07
12955.9997558594 2.52288322197805e-07
12965.9997558594 3.65428419489175e-07
12975.9997558594 2.07806490595833e-07
12985.9997558594 2.0791914608907e-07
12995.9997558594 1.5781188844119e-07
13005.9997558594 1.56912629092165e-07
13015.9997558594 1.58703908927253e-07
13025.9997558594 1.72970800306363e-07
13035.9997558594 2.88276489890941e-07
13045.9997558594 2.28132113197658e-07
13055.9997558594 2.82359474595835e-07
13065.9997558594 1.67868735518579e-07
13075.9997558594 2.19026492852882e-07
13085.9997558594 1.21964481054131e-07
13095.9997558594 2.66396047869141e-07
13105.9997558594 2.46105131929907e-07
13115.9997558594 1.65896352691726e-07
13125.9997558594 2.09658168369799e-07
13135.9997558594 2.32367184443944e-07
13145.9997558594 2.17445936495052e-07
13155.9997558594 1.2904234605422e-07
13165.9997558594 1.57257384165284e-07
13175.9997558594 1.91025027431476e-07
13185.9997558594 2.26460246210085e-07
13195.9997558594 1.28592635221838e-07
13205.9997558594 1.391969222333e-07
13215.9997558594 1.84351533057265e-07
13225.9997558594 1.51632960397269e-07
13235.9997558594 2.01058785957976e-07
13245.9997558594 1.68614476293223e-07
13255.9997558594 2.30252443151357e-07
13265.9997558594 1.5623462754666e-07
13275.9997558594 2.71262900198723e-07
13285.9997558594 1.99853347766261e-07
13295.9997558594 1.8026919199159e-07
13305.9997558594 3.60314476126285e-07
13315.9997558594 1.52556511117483e-07
13325.9997558594 3.01709994295241e-07
13335.9997558594 1.37263775365415e-07
13345.9997558594 2.97007878284211e-07
13355.9997558594 2.83124132474412e-07
13365.9997558594 2.36556975213261e-07
13375.9997558594 2.04039769898911e-07
13385.9997558594 2.9472627822022e-07
13395.9997558594 2.47220475225403e-07
13405.9997558594 2.65804398182944e-07
13415.9997558594 2.14047535436178e-07
13425.9997558594 3.53897137137693e-07
13435.9997558594 2.43217028027095e-07
13445.9997558594 1.10841054106635e-07
13455.9997558594 2.39566185648924e-07
13465.9997558594 2.21982850782253e-07
13475.9997558594 2.9481952989149e-07
13485.9997558594 2.76413100089086e-07
13495.9997558594 2.57091130796794e-07
13505.9997558594 2.11012674375364e-07
13515.9997558594 2.8460078966265e-07
13525.9997558594 2.71237607028344e-07
13535.9997558594 2.15004913891205e-07
13545.9997558594 3.36583192628129e-07
13555.9997558594 1.83701683237494e-07
13565.9997558594 2.99546630376432e-07
13575.9997558594 1.13605986418713e-07
13585.9997558594 2.25113189181028e-07
13595.9997558594 2.25483501496347e-07
13605.9997558594 2.68307471146179e-07
13615.9997558594 1.6064172938292e-07
13625.9997558594 3.02979163797787e-07
13635.9997558594 2.73298362781124e-07
13645.9997558594 1.67096773561316e-07
13655.9997558594 2.04159947055744e-07
13665.9997558594 3.07641745995189e-07
13675.9997558594 1.3986249031457e-07
13685.9997558594 3.75093478571793e-07
13695.9997558594 1.79409739922575e-07
13705.9997558594 3.27601700282326e-07
13715.9997558594 3.18840904083388e-07
13725.9997558594 3.04733232722872e-07
13735.9997558594 2.41515083976348e-07
13745.9997558594 2.78973515528021e-07
13755.9997558594 3.13376818126691e-07
13765.9997558594 2.82661914013492e-07
13775.9997558594 2.54095772893396e-07
13785.9997558594 3.09138855215604e-07
13795.9997558594 9.92703103084512e-08
13805.9997558594 2.70828499223215e-07
13815.9997558594 1.76418053045176e-07
13825.9997558594 3.58701348108199e-07
13835.9997558594 3.3430665650046e-07
13845.9997558594 2.17796218403935e-07
13855.9997558594 2.12134384063325e-07
13865.9997558594 3.1851253380797e-07
13875.9997558594 2.07948612300438e-07
13885.9997558594 1.83870869054813e-07
13895.9997558594 3.24408993501614e-07
13905.9997558594 3.53628298856921e-07
13915.9997558594 1.64029571553707e-07
13925.9997558594 2.42867676247103e-07
13935.9997558594 1.82874257305746e-07
13945.9997558594 2.11390917972548e-07
13955.9997558594 3.69332048172109e-07
13965.9997558594 1.85091065099375e-07
13975.9997558594 2.12630630459752e-07
13985.9997558594 2.41232034939828e-07
13995.9997558594 2.43413965295335e-07
14005.9997558594 3.30814797635321e-07
14015.9997558594 2.85295711156476e-07
14025.9997558594 3.3547465355434e-07
14035.9997558594 2.43974878425883e-07
14045.9997558594 5.434514419338e-07
14055.9997558594 9.50210411834418e-08
14065.9997558594 2.57844675230193e-07
14075.9997558594 2.72379210025688e-07
14085.9997558594 1.69000903200167e-07
14095.9997558594 2.7467807652109e-07
14105.9997558594 2.08150706346024e-07
14115.9997558594 1.8948038474623e-07
14125.9997558594 1.5322734285703e-07
14135.9997558594 4.14512122313268e-07
14145.9997558594 2.33134596885465e-07
14155.9997558594 1.8602348324922e-07
14165.9997558594 3.29759992100852e-07
14175.9997558594 1.33300710807151e-07
14185.9997558594 2.19533442443919e-07
14195.9997558594 2.24853447087893e-07
14205.9997558594 2.71371460602305e-07
14215.9997558594 3.88428396537167e-07
14225.9997558594 3.38907579550392e-07
14235.9997558594 3.60090846786736e-07
14245.9997558594 1.88548450656628e-07
14255.9997558594 2.71416186941231e-07
14265.9997558594 2.36041560483588e-07
14275.9997558594 7.40382614693706e-08
14285.9997558594 2.53092706990282e-07
14295.9997558594 2.7426812146115e-07
14305.9997558594 1.66025835019071e-07
14315.9997558594 1.8167585158199e-07
14325.9997558594 2.08982850187156e-07
14335.9997558594 2.54501600515916e-07
14345.9997558594 2.53954733023011e-07
14355.9997558594 2.49364383376963e-07
14365.9997558594 2.44426410567141e-07
14375.9997558594 2.71546623872262e-07
14385.9997558594 1.84130813005097e-07
14395.9997558594 1.96539772255239e-07
14405.9997558594 1.67047635175344e-07
14415.9997558594 1.60574299208383e-07
14425.9997558594 2.0001065890962e-07
14435.9997558594 2.71447351987055e-07
14445.9997558594 2.80401564888868e-07
14455.9997558594 1.76718311591838e-07
14465.9997558594 6.72249154184598e-08
14475.9997558594 3.98260179708403e-07
14485.9997558594 2.20493415352422e-07
14495.9997558594 2.52499619252209e-07
14505.9997558594 3.40574668343972e-07
14515.9997558594 1.39539839140536e-07
14525.9997558594 2.76719540975917e-07
14535.9997558594 3.18735864972209e-07
14545.9997558594 3.37710056277035e-07
14555.9997558594 2.77118696553492e-07
14565.9997558594 3.30361554715217e-07
14575.9997558594 2.09234633460311e-07
14585.9997558594 3.1284200959235e-07
14595.9997558594 2.77977361684379e-07
14605.9997558594 2.19404436350109e-07
14615.9997558594 3.88308377145054e-07
14625.9997558594 4.47705730602037e-07
14635.9997558594 3.60637461500479e-07
14645.9997558594 1.38379592772083e-07
14655.9997558594 2.62048395476683e-07
14665.9997558594 1.99039530285811e-07
14675.9997558594 3.42513578585144e-07
14685.9997558594 3.68394676241602e-07
14695.9997558594 2.02008889584212e-07
14705.9997558594 3.46628019480925e-07
14715.9997558594 2.62459840568084e-07
14725.9997558594 2.48134968025611e-07
14735.9997558594 1.72482118572753e-07
14745.9997558594 3.28818180109338e-07
14755.9997558594 3.4579329400582e-07
14765.9997558594 4.86145030772748e-07
14775.9997558594 2.70780141881952e-07
14785.9997558594 3.59908761404445e-07
14795.9997558594 4.38162783082529e-07
14805.9997558594 3.92780226551241e-07
14815.9997558594 4.12178022494146e-07
14825.9997558594 3.44070848494115e-07
14835.9997558594 4.44844096842938e-07
14845.9997558594 2.80343549286717e-07
14855.9997558594 2.63451137577995e-07
14865.9997558594 2.76450003234898e-07
14875.9997558594 2.67673899628256e-07
14885.9997558594 2.82040777639953e-07
14895.9997558594 2.25116078023101e-07
14905.9997558594 6.41165289479244e-07
14915.9997558594 4.60692877850464e-07
14925.9997558594 2.99918092700905e-07
14935.9997558594 2.67510012648762e-07
14945.9997558594 2.51750684640963e-07
14955.9997558594 4.88610484505044e-07
14965.9997558594 3.27671628921526e-07
14975.9997558594 3.33592658965147e-07
14985.9997558594 3.65239879566688e-07
14995.9997558594 3.14251461157793e-07
15005.9997558594 3.56365850000147e-07
15015.9997558594 4.40237881705252e-07
15025.9997558594 3.35307669010214e-07
15035.9997558594 2.86750694853853e-07
15045.9997558594 4.81735924761941e-07
15055.9997558594 1.84397994797442e-07
15065.9997558594 4.67553313239533e-07
15075.9997558594 4.72457899879748e-07
15085.9997558594 2.53636174551941e-07
15095.9997558594 2.96102767314675e-07
15105.9997558594 3.73420459472008e-07
15115.9997558594 3.63316222682648e-07
15125.9997558594 4.3626685394435e-07
15135.9997558594 2.30660644039383e-07
15145.9997558594 4.87248150534932e-07
15155.9997558594 3.19790460921112e-07
15165.9997558594 4.31569907574469e-07
15175.9997558594 3.06862559680062e-07
15185.9997558594 3.44787663542144e-07
15195.9997558594 3.31309752878103e-07
15205.9997558594 3.44419512017649e-07
15215.9997558594 4.79699099989464e-07
15225.9997558594 3.02934075023145e-07
15235.9997558594 3.98832379491368e-07
15245.9997558594 2.33209820841261e-07
15255.9997558594 4.63069967141726e-07
15265.9997558594 3.13919357283656e-07
15275.9997558594 4.87151540777142e-07
15285.9997558594 3.88582091336565e-07
15295.9997558594 2.55731027466016e-07
15305.9997558594 3.905321939497e-07
15315.9997558594 3.63839831032391e-07
15325.9997558594 3.31606283911957e-07
15335.9997558594 4.73020491631441e-07
15345.9997558594 3.1609453139222e-07
15355.9997558594 2.15675941650222e-07
15365.9997558594 2.10364623202385e-07
15375.9997558594 3.41902083564384e-07
15385.9997558594 2.84640848848339e-07
15395.9997558594 3.13181897998235e-07
15405.9997558594 3.90150444947755e-07
15415.9997558594 5.35838330528705e-07
15425.9997558594 2.61842070407414e-07
15435.9997558594 2.19408491499229e-07
15445.9997558594 4.66365339000958e-07
15455.9997558594 3.0315681051282e-07
15465.9997558594 3.21704917689368e-07
15475.9997558594 2.98456051561639e-07
15485.9997558594 4.63823312789049e-07
15495.9997558594 4.09433630105418e-07
15505.9997558594 4.44177134051827e-07
15515.9997558594 2.76896206335745e-07
15525.9997558594 3.97482772600988e-07
15535.9997558594 2.66213595870161e-07
15545.9997558594 4.7442433635621e-07
15555.9997558594 3.5134343272667e-07
15565.9997558594 2.31018996873332e-07
15575.9997558594 3.31662927545901e-07
15585.9997558594 3.14112620672665e-07
15595.9997558594 5.11581873593535e-07
15605.9997558594 4.06730075465625e-07
15615.9997558594 3.58106322177111e-07
15625.9997558594 3.11070654800782e-07
15635.9997558594 4.10841779290888e-07
15645.9997558594 5.67811727783336e-07
15655.9997558594 1.77590070641453e-07
15665.9997558594 1.67550546372722e-07
15675.9997558594 3.36195861771677e-07
15685.9997558594 4.81698128904789e-07
15695.9997558594 3.98714540729984e-07
15705.9997558594 5.35038621249341e-07
15715.9997558594 2.55580072477869e-07
15725.9997558594 4.95634530187085e-07
15735.9997558594 3.36521442877924e-07
15745.9997558594 2.87816201203418e-07
15755.9997558594 3.9797854138208e-07
15765.9997558594 2.66513529560628e-07
15775.9997558594 2.67184131758518e-07
15785.9997558594 2.49184481201013e-07
15795.9997558594 2.58766415870469e-07
15805.9997558594 2.64118875538467e-07
15815.9997558594 5.82315873630101e-07
15825.9997558594 3.04943933471023e-07
15835.9997558594 4.49552873698882e-07
15845.9997558594 5.61837817467858e-07
15855.9997558594 4.55766362145495e-07
15865.9997558594 3.97791399789732e-07
15875.9997558594 4.18304569973388e-07
15885.9997558594 3.58144493411842e-07
15895.9997558594 3.41688020609604e-07
15905.9997558594 2.60607023063484e-07
15915.9997558594 2.86352096091706e-07
15925.9997558594 4.17718326802315e-07
15935.9997558594 5.20530732371021e-07
15945.9997558594 1.55183138611418e-07
15955.9997558594 4.46300554690951e-07
15965.9997558594 7.25788486848632e-07
15975.9997558594 5.11633122499331e-07
15985.9997558594 2.2887235737052e-07
15995.9997558594 4.77266271505384e-07
16005.9997558594 4.27525373397062e-07
16015.9997558594 4.38564444266119e-07
16025.9997558594 2.36859177283555e-07
16035.9997558594 2.25389085878987e-07
16045.9997558594 5.10281407528901e-07
16055.9997558594 2.01313716709634e-07
16065.9997558594 3.23933769238507e-07
16075.9997558594 6.84517682912856e-07
16085.9997558594 2.34183950987252e-07
16095.9997558594 6.26365093327569e-07
16105.9997558594 2.6174018126979e-07
16115.9997558594 4.13066098353532e-07
16125.9997558594 3.66480881205024e-07
16135.9997558594 4.58992083365654e-07
16145.9997558594 5.03617797112574e-07
16155.9997558594 4.98446292550803e-07
16165.9997558594 5.66115470556284e-07
16175.9997558594 3.86992944916067e-07
16185.9997558594 6.30977269781068e-07
16195.9997558594 4.62543881405789e-07
16205.9997558594 3.26679266529957e-07
16215.9997558594 3.81534537062225e-07
16225.9997558594 4.62215665320126e-07
16235.9997558594 3.57927209801637e-07
16245.9997558594 3.0919398074075e-07
16255.9997558594 6.67891786702646e-07
16265.9997558594 2.08199410502304e-07
16275.9997558594 5.62402031400701e-07
16285.9997558594 4.21629815363153e-07
16295.9997558594 4.7639264756951e-07
16305.9997558594 3.98306354619128e-07
16315.9997558594 5.79466748671037e-07
16325.9997558594 4.94108491622923e-07
16335.9997558594 5.76736953450631e-07
16345.9997558594 3.78816498297057e-07
16355.9997558594 5.92708559578786e-07
16365.9997558594 5.96333617621661e-07
16375.9997558594 7.21979985644201e-07
16385.9997558594 5.74224107461348e-07
16395.9997558594 4.99409049945276e-07
16405.9997558594 5.25953535139607e-07
16415.9997558594 6.41246380862197e-07
16425.9997558594 7.35625395729593e-07
16435.9997558594 4.88735121946152e-07
16445.9997558594 4.48840388507651e-07
16455.9997558594 4.50833368059711e-07
16465.9997558594 3.46110874075483e-07
16475.9997558594 7.92366353836493e-07
16485.9997558594 5.12104504390622e-07
16495.9997558594 6.51438725230971e-07
16505.9997558594 5.091570031382e-07
16515.9997558594 6.4030353122043e-07
16525.9997558594 5.34600220860017e-07
16535.9997558594 3.97843183564318e-07
16545.9997558594 5.37532930476872e-07
16555.9997558594 5.02995932417263e-07
16565.9997558594 5.74192328000728e-07
16575.9997558594 6.63111346609055e-07
16585.9997558594 4.76309213768898e-07
16595.9997558594 5.42269482025674e-07
16605.9997558594 1.18429896163743e-06
16615.9997558594 2.39280340638256e-07
16625.9997558594 7.94587812127124e-07
16635.9997558594 3.07709073151479e-07
16645.9997558594 6.07434408802275e-07
16655.9997558594 5.82876842747375e-07
16665.9997558594 3.98348864358295e-07
16675.9997558594 7.81834735345297e-07
16685.9997558594 3.46966637411886e-07
16695.9997558594 5.47043881439356e-07
16705.9997558594 4.27257094165809e-07
16715.9997558594 5.06257622555849e-07
16725.9997558594 4.2965148798703e-07
16735.9997558594 9.87256134455992e-07
16745.9997558594 3.5927319009679e-07
16755.9997558594 4.79904341016853e-07
16765.9997558594 5.17846508651631e-07
16775.9997558594 5.43940934220962e-07
16785.9997558594 8.51119373734982e-07
16795.9997558594 4.64513871771302e-07
16805.9997558594 4.54258000984939e-07
16815.9997558594 7.46088106373441e-07
16825.9997558594 5.62093343533746e-07
16835.9997558594 4.89118368815219e-07
16845.9997558594 8.89787407463835e-07
16855.9997558594 4.63099857553204e-07
16865.9997558594 8.06539493587364e-07
16875.9997558594 7.51081922463114e-07
16885.9997558594 4.23834934985025e-07
16895.9997558594 6.6225792275209e-07
16905.9997558594 6.90389251347807e-07
16915.9997558594 3.73287112730789e-07
16925.9997558594 7.58071786293153e-07
16935.9997558594 4.57044233703399e-07
16945.9997558594 4.62546763816607e-07
16955.9997558594 7.0387183156692e-07
16965.9997558594 1.09351978965947e-06
16975.9997558594 4.02149877024779e-07
16985.9997558594 9.23962903026243e-07
16995.9997558594 5.24700994749712e-07
17005.9997558594 5.04279677027142e-07
17015.9997558594 7.54147135992764e-07
17025.9997558594 8.19190656488043e-07
17035.9997558594 7.24560224757524e-07
17045.9997558594 9.2376063175675e-07
17055.9997558594 5.22169406231366e-07
17065.9997558594 8.44203561901173e-07
17075.9997558594 6.05500935246144e-07
17085.9997558594 7.73089375374542e-07
17095.9997558594 5.38439071031767e-07
17105.9997558594 4.98702011095704e-07
17115.9997558594 3.82638823200121e-07
17125.9997558594 7.94898058724455e-07
17135.9997558594 6.40965775981928e-07
17145.9997558594 9.64582066719091e-07
17155.9997558594 5.65309674118148e-07
17165.9997558594 8.13226785511655e-07
17175.9997558594 8.40768253468091e-07
17185.9997558594 7.35807034751531e-07
17195.9997558594 6.28446241459592e-07
17205.9997558594 9.66124886160262e-07
17215.9997558594 3.40194340602569e-07
17225.9997558594 6.87487732476428e-07
17235.9997558594 4.06710752660079e-07
17245.9997558594 7.34303714969631e-07
17255.9997558594 7.33672528028436e-07
17265.9997558594 5.75687266124569e-07
17275.9997558594 6.37573244061797e-07
17285.9997558594 6.26825316767973e-07
17295.9997558594 4.35764397237415e-07
17305.9997558594 7.74581009569969e-07
17315.9997558594 9.03901742374008e-07
17325.9997558594 5.45956606603401e-07
17335.9997558594 6.1365832277374e-07
17345.9997558594 4.47586094313386e-07
17355.9997558594 8.32822479647668e-07
17365.9997558594 2.45354035734461e-07
17375.9997558594 8.89472833720346e-07
17385.9997558594 7.7361923376953e-07
17395.9997558594 6.04970755523346e-07
17405.9997558594 7.90702353442941e-07
17415.9997558594 3.74404568915298e-07
17425.9997558594 8.95709387546742e-07
17435.9997558594 9.17083605395259e-07
17445.9997558594 7.07403043330905e-07
17455.9997558594 7.2517383144417e-07
17465.9997558594 8.47170247452183e-07
17475.9997558594 3.823145010212e-07
17485.9997558594 1.10435629709928e-06
17495.9997558594 1.48762357458939e-07
17505.9997558594 1.14642901233412e-06
17515.9997558594 9.20176469007775e-07
17525.9997558594 6.07531476219301e-07
17535.9997558594 4.94151380437734e-07
17545.9997558594 8.63609316411963e-07
17555.9997558594 7.05657174357359e-07
17565.9997558594 9.8536587979087e-07
17575.9997558594 1.01193175608849e-06
17585.9997558594 1.0137858102837e-06
17595.9997558594 5.25804107235713e-07
17605.9997558594 8.19192278213221e-07
17615.9997558594 9.47941091181432e-07
17625.9997558594 5.10573906100689e-07
17635.9997558594 8.07892901779299e-07
17645.9997558594 1.00746571270214e-06
17655.9997558594 9.85288695651274e-07
17665.9997558594 9.93324218634876e-07
17675.9997558594 7.35967034997111e-07
17685.9997558594 4.6893919224715e-07
17695.9997558594 9.61978153556823e-07
17705.9997558594 6.45363374021595e-07
17715.9997558594 6.12865909649667e-07
17725.9997558594 7.84385335715906e-07
17735.9997558594 4.60536632569445e-07
17745.9997558594 1.01807987429413e-06
17755.9997558594 1.01642003381429e-06
17765.9997558594 7.4121596415822e-07
17775.9997558594 6.70418716670396e-07
17785.9997558594 9.9664901792033e-07
17795.9997558594 8.74026607138066e-07
17805.9997558594 9.65569290646821e-07
17815.9997558594 8.8682222886408e-07
17825.9997558594 3.31926179962882e-07
17835.9997558594 9.70615948071399e-07
17845.9997558594 9.85987843706941e-07
17855.9997558594 3.52783001218757e-07
17865.9997558594 6.64814860056832e-07
17875.9997558594 7.41199497410674e-07
17885.9997558594 7.22137703592411e-07
17895.9997558594 1.02944763719017e-06
17905.9997558594 9.50597419496942e-07
17915.9997558594 3.00645540067743e-07
17925.9997558594 1.38440230119934e-06
17935.9997558594 4.47200776128984e-07
17945.9997558594 1.00618025897314e-06
17955.9997558594 1.33888627510259e-06
17965.9997558594 8.05059429133939e-07
17975.9997558594 4.84170724940996e-07
17985.9997558594 8.38226076623663e-07
17995.9997558594 7.51411346529419e-07
18005.9997558594 6.40809545641149e-07
18015.9997558594 1.15469920328315e-06
18025.9997558594 2.28671392901547e-07
18035.9997558594 6.2736808899087e-07
18045.9997558594 9.74352938136458e-07
18055.9997558594 1.13397605636638e-06
18065.9997558594 9.01366437359918e-07
18075.9997558594 1.06854222258299e-06
18085.9997558594 9.93529915410101e-07
18095.9997558594 1.31586338067354e-06
18105.9997558594 5.52343550698569e-07
18115.9997558594 6.08067207284431e-07
18125.9997558594 1.09818692340008e-06
18135.9997558594 8.21255069351619e-07
18145.9997558594 9.45388429764971e-07
18155.9997558594 1.49014496534058e-06
18165.9997558594 1.0881387429789e-06
18175.9997558594 7.37901405823407e-07
18185.9997558594 8.69590960544441e-07
18195.9997558594 1.13500188378433e-06
18205.9997558594 1.50900187137485e-06
18215.9997558594 1.38958126189587e-06
18225.9997558594 7.89962417086653e-07
18235.9997558594 1.28033650620983e-06
18245.9997558594 7.14253083351275e-07
18255.9997558594 1.08426858980763e-06
18265.9997558594 1.24179944691546e-06
18275.9997558594 8.89822495441968e-07
18285.9997558594 6.52548387268851e-07
18295.9997558594 1.03523678338118e-06
18305.9997558594 9.52360747952687e-07
18315.9997558594 1.16775866933872e-06
18325.9997558594 9.29416057801361e-07
18335.9997558594 6.50213701271371e-07
18345.9997558594 1.38661411973509e-06
18355.9997558594 6.16625628715123e-07
18365.9997558594 1.10574400015113e-06
18375.9997558594 1.00020263040035e-06
18385.9997558594 1.3337588112416e-06
18395.9997558594 1.18287902569026e-06
18405.9997558594 1.6716614608817e-06
18415.9997558594 1.03027101652099e-06
18425.9997558594 1.03778341544315e-06
18435.9997558594 7.78756795389681e-07
18445.9997558594 1.13945097946833e-06
18455.9997558594 1.27400464176284e-06
18465.9997558594 6.9872738483296e-07
18475.9997558594 1.63688270576483e-06
18485.9997558594 1.65899777955228e-06
18495.9997558594 1.10821514333256e-06
18505.9997558594 1.25073594193119e-06
18515.9997558594 9.74749816141017e-07
18525.9997558594 1.28591981526515e-06
18535.9997558594 1.45237296380126e-06
18545.9997558594 2.12414160696684e-06
18555.9997558594 1.0040013424422e-06
18565.9997558594 1.21632190207751e-06
18575.9997558594 1.03905078516589e-06
18585.9997558594 1.59691940998549e-06
18595.9997558594 1.82957432844043e-06
18605.9997558594 1.58690489693187e-06
18615.9997558594 5.65824314792203e-07
18625.9997558594 1.32098493777434e-06
18635.9997558594 1.52480201595842e-06
18645.9997558594 1.47519694351518e-06
18655.9997558594 1.7818327640942e-06
18665.9997558594 1.21659873920025e-06
18675.9997558594 1.64037857903888e-06
18685.9997558594 2.60249581621115e-06
18695.9997558594 2.24743479974646e-06
18705.9997558594 1.92430391888618e-06
18715.9997558594 9.00263949112292e-07
18725.9997558594 1.73942090378249e-06
18735.9997558594 1.69936937088179e-06
18745.9997558594 1.63465028385958e-06
18755.9997558594 2.16892483622248e-06
18765.9997558594 1.95777999959754e-06
18775.9997558594 2.37184499980982e-06
18785.9997558594 1.74999020478988e-06
18795.9997558594 1.49164070369118e-06
18805.9997558594 2.82813010684299e-06
18815.9997558594 2.5478861848921e-06
18825.9997558594 2.91150946081083e-06
18835.9997558594 2.18415645984143e-06
18845.9997558594 2.24220531239506e-06
18855.9997558594 2.18881897780167e-06
18865.9997558594 3.01421028425175e-06
18875.9997558594 2.69396433400246e-06
18885.9997558594 2.81103116951408e-06
18895.9997558594 2.36656980516722e-06
18905.9997558594 3.29148244891717e-06
18915.9997558594 3.97941688023097e-06
18925.9997558594 3.12378282164404e-06
18935.9997558594 4.32368804771796e-06
18945.9997558594 3.52789526745237e-06
18955.9997558594 4.69612902791548e-06
18965.9997558594 3.77966409703047e-06
18975.9997558594 5.40043698950285e-06
18985.9997558594 5.20601153733252e-06
18995.9997558594 4.95119053064757e-06
19005.9997558594 6.24705096973379e-06
19015.9997558594 6.34107371980285e-06
19025.9997558594 6.92666901036721e-06
19035.9997558594 7.83964539405e-06
19045.9997558594 8.048084867216e-06
19055.9997558594 8.83847898939279e-06
19065.9997558594 8.77966071192983e-06
19075.9997558594 9.80083152735652e-06
19085.9997558594 1.13751086936092e-05
19095.9997558594 1.13672870380191e-05
19105.9997558594 1.33865743338922e-05
19115.9997558594 1.39534764638775e-05
19125.9997558594 1.42002506969014e-05
19135.9997558594 1.74813900255654e-05
19145.9997558594 1.83177137101822e-05
19155.9997558594 2.02469368801754e-05
19165.9997558594 2.19801171627473e-05
19175.9997558594 2.44276065117806e-05
19185.9997558594 2.73862612359818e-05
19195.9997558594 3.04244112302528e-05
19205.9997558594 3.33876192306127e-05
19215.9997558594 3.57685737629004e-05
19225.9997558594 4.15414287202326e-05
19235.9997558594 4.52532037754422e-05
19245.9997558594 5.01539536369464e-05
19255.9997558594 5.70500938069369e-05
19265.9997558594 6.35753074785423e-05
19275.9997558594 6.98356980154794e-05
19285.9997558594 7.70046647805392e-05
19295.9997558594 9.12690467448395e-05
19305.9997558594 9.7843562189594e-05
19315.9997558594 0.000109809253498813
19325.9997558594 0.000123901025671287
19335.9997558594 0.000138586920473283
19345.9997558594 0.000159532469825256
19355.9997558594 0.00017551069356312
19365.9997558594 0.000199328993897985
19375.9997558594 0.000225056777122955
19385.9997558594 0.000252080246101843
19395.9997558594 0.000282056015304811
19405.9997558594 0.00031969349928923
19415.9997558594 0.000372242636665653
19425.9997558594 0.000406764308077525
19435.9997558594 0.000469472275872542
19445.9997558594 0.000527106085314741
19455.9997558594 0.000602724466968054
19465.9997558594 0.000676585112725066
19475.9997558594 0.000780766146581057
19485.9997558594 0.000889103932568202
19495.9997558594 0.000977173337183209
19505.9997558594 0.00113258974868443
19515.9997558594 0.00128294668595497
19525.9997558594 0.00147581228589226
19535.9997558594 0.00166335649849352
19545.9997558594 0.0019021532939391
19555.9997558594 0.00223705083019127
19565.9997558594 0.00251086602077493
19575.9997558594 0.00285024119900323
19585.9997558594 0.003347836205238
19595.9997558594 0.00378190234101542
19605.9997558594 0.00442213670560506
19615.9997558594 0.00502456417105462
19625.9997558594 0.00575124903949811
19635.9997558594 0.00678492777381893
19645.9997558594 0.00782947096847513
19655.9997558594 0.00911983532725111
19665.9997558594 0.0105140539148284
19675.9997558594 0.0122745270241121
19685.9997558594 0.0139335687563736
19695.9997558594 0.0162748220147727
19705.9997558594 0.0198021043777715
19715.9997558594 0.0224179678078958
19725.9997558594 0.025682403194958
19735.9997558594 0.0289650150129793
19745.9997558594 0.0335482400219678
19755.9997558594 0.0366636084182586
19765.9997558594 0.0413056469540228
19775.9997558594 0.0468873685610776
19785.9997558594 0.0507038579212846
19795.9997558594 0.0585026934171619
19805.9997558594 0.0644675374004297
19815.9997558594 0.072417828160987
19825.9997558594 0.0802412711166459
19835.9997558594 0.0898390508043729
19845.9997558594 0.102103009972
19855.9997558594 0.112551260561877
19865.9997558594 0.129992075327284
19875.9997558594 0.147530974436289
19885.9997558594 0.168015815042844
19895.9997558594 0.193467730332729
19905.9997558594 0.210080071598585
19915.9997558594 0.237135417357743
19925.9997558594 0.261985293511383
19935.9997558594 0.28733220356764
19945.9997558594 0.313345714461139
19955.9997558594 0.337201113875069
19965.9997558594 0.359763388343243
19975.9997558594 0.375924843589321
19985.9997558594 0.391364450215592
19995.9997558594 0.410302487102123
20005.9997558594 0.428063445046467
20015.9997558594 0.437316599149625
20025.9997558594 0.448011890305952
20035.9997558594 0.448893174615086
20045.9997558594 0.456332180296755
20055.9997558594 0.465990394287468
20065.9997558594 0.468812129084334
20075.9997558594 0.470801190455452
20085.9997558594 0.47224836582104
20095.9997558594 0.4735784181758
20105.9997558594 0.469277536273416
20115.9997558594 0.475577349504154
20125.9997558594 0.472535095496979
20135.9997558594 0.475133809212729
20145.9997558594 0.47685743287089
20155.9997558594 0.472806133434847
20165.9997558594 0.477407822476942
20175.9997558594 0.471462798786931
20185.9997558594 0.472460164462809
20195.9997558594 0.475417626151612
20205.9997558594 0.471790782314562
20215.9997558594 0.473883277460082
20225.9997558594 0.468479396346064
20235.9997558594 0.475931532077634
20245.9997558594 0.469412718471496
20255.9997558594 0.477564896452961
20265.9997558594 0.471833624463981
20275.9997558594 0.474663048903912
20285.9997558594 0.470729870871445
20295.9997558594 0.47313657755379
20305.9997558594 0.475064806807537
20315.9997558594 0.470080681217043
20325.9997558594 0.475893937331977
20335.9997558594 0.476200994145586
20345.9997558594 0.47072322926721
20355.9997558594 0.467143757107383
20365.9997558594 0.479981438742501
20375.9997558594 0.471614360268987
20385.9997558594 0.475774693406155
20395.9997558594 0.472260391166275
20405.9997558594 0.466248733922013
20415.9997558594 0.475910342106167
20425.9997558594 0.469922020464288
20435.9997558594 0.47047856199084
20445.9997558594 0.468998302081775
20455.9997558594 0.470194642852508
20465.9997558594 0.469589060285777
20475.9997558594 0.470895901040029
20486.0009765625 0.464538224236584
20496.0009765625 0.460008575608734
20506.0009765625 0.477125842172829
20516.0009765625 0.466286933552421
20526.0009765625 0.468443142751319
20536.0009765625 0.470020241510797
20546.0009765625 0.466117919856583
20556.0009765625 0.464207061723103
20566.0009765625 0.469040097753858
20576.0009765625 0.467214847048255
20586.0009765625 0.469364834424531
20596.0009765625 0.465248568437251
20606.0009765625 0.474594506055614
20616.0009765625 0.469210300611781
20626.0009765625 0.477338139458889
20636.0009765625 0.467179337743183
20646.0009765625 0.46937828408788
20656.0009765625 0.472839025911383
20666.0009765625 0.471604478258772
20676.0009765625 0.472689943867227
20686.0009765625 0.479016243552034
20696.0009765625 0.475584164323793
20706.0009765625 0.478311266069858
20716.0009765625 0.479745329427102
20726.0009765625 0.477051926192708
20736.0009765625 0.479913562169644
20746.0009765625 0.475944869714594
20756.0009765625 0.478643794571112
20766.0009765625 0.477010823282898
20776.0009765625 0.479176217535774
20786.0009765625 0.478342263016931
20796.0009765625 0.479004667128847
20806.0009765625 0.474771450643133
20816.0009765625 0.482992366834265
20826.0009765625 0.472556845810014
20836.0009765625 0.485895248279583
20846.0009765625 0.47836485642322
20856.0009765625 0.479064146809832
20866.0009765625 0.48013104263303
20876.0009765625 0.477209708945951
20886.0009765625 0.4854059601665
20896.0009765625 0.47857221175591
20906.0009765625 0.477415070882724
20916.0009765625 0.471316507321684
20926.0009765625 0.476014682607088
20936.0009765625 0.478876474216643
20946.0009765625 0.486877002237352
20956.0009765625 0.472392510151524
20966.0009765625 0.481515978507557
20976.0009765625 0.47243641721034
20986.0009765625 0.472870865949138
20996.0009765625 0.483503157387029
21006.0009765625 0.472518181472572
21016.0009765625 0.469611320179695
21026.0009765625 0.470355121271387
21036.0009765625 0.474917161368336
21046.0009765625 0.466424509315559
21056.0009765625 0.471947255508942
21066.0009765625 0.472536796553509
21076.0009765625 0.459179614598168
21086.0009765625 0.477248523274221
21096.0009765625 0.4694415352746
21106.0009765625 0.465149481204895
21116.0009765625 0.466655067768918
21126.0009765625 0.464112702674147
21136.0009765625 0.473626536374509
21146.0009765625 0.46468189984461
21156.0009765625 0.467441625578567
21166.0009765625 0.461860795596218
21176.0009765625 0.472351815215407
21186.0009765625 0.467584631670962
21196.0009765625 0.469697728928809
21206.0009765625 0.466350769787645
21216.0009765625 0.465794343729662
21226.0009765625 0.466280433959082
21236.0009765625 0.466505873896347
21246.0009765625 0.465230605896473
21256.0009765625 0.471460123743718
21266.0009765625 0.471071735724271
21276.0009765625 0.466571110359282
21286.0009765625 0.477417298314507
21296.0009765625 0.470860632470309
21306.0009765625 0.475955792752918
21316.0009765625 0.46882971200926
21326.0009765625 0.468498799784349
21336.0009765625 0.473796165145768
21346.0009765625 0.470192034648215
21356.0009765625 0.476369561935894
21366.0009765625 0.469428869653964
21376.0009765625 0.473047684351933
21386.0009765625 0.471057926055879
21396.0009765625 0.477677448405826
21406.0009765625 0.471228579056656
21416.0009765625 0.469842413718844
21426.0009765625 0.473211812655539
21436.0009765625 0.473026805726312
21446.0009765625 0.467602854485944
21456.0009765625 0.473585082655684
21466.0009765625 0.473909707285542
21476.0009765625 0.471808309389085
21486.0009765625 0.468532083867538
21496.0009765625 0.472372286482545
21506.0009765625 0.469436611393688
21516.0009765625 0.46779145852299
21526.0009765625 0.467379483664157
21536.0009765625 0.468505784142209
21546.0009765625 0.469437688869825
21556.0009765625 0.469302675181802
21566.0009765625 0.47285598491602
21576.0009765625 0.463863889165451
21586.0009765625 0.469396747454159
21596.0009765625 0.464124449632643
21606.0009765625 0.464847723884639
21616.0009765625 0.464287200718608
21626.0009765625 0.467146094942671
21636.0009765625 0.464040659872917
21646.0009765625 0.457083542429805
21656.0009765625 0.467413921551023
21666.0009765625 0.460531721187587
21676.0009765625 0.464546059862693
21686.0009765625 0.457930001687837
21696.0009765625 0.465548805947035
21706.0009765625 0.458988740050234
21716.0009765625 0.458173813386089
21726.0009765625 0.465489495285283
21736.0009765625 0.453961454444478
21746.0009765625 0.458787796211259
21756.0009765625 0.465800836970298
21766.0009765625 0.459757759670522
21776.0009765625 0.460438277543837
21786.0009765625 0.455790102696357
21796.0009765625 0.453638756124214
21806.0009765625 0.464168835504572
21816.0009765625 0.460083489779046
21826.0009765625 0.457516216871949
21836.0009765625 0.458215399626303
21846.0009765625 0.449569381612899
21856.0009765625 0.454308385890238
21866.0009765625 0.446232695355248
21876.0009765625 0.444244196650907
21886.0009765625 0.438204280991643
21896.0009765625 0.434937294109491
21906.0009765625 0.424171704572816
21916.0009765625 0.413053595080778
21926.0009765625 0.402358642975805
21936.0009765625 0.383627930703843
21946.0009765625 0.371795008824097
21956.0009765625 0.351161821165442
21966.0009765625 0.331452345500079
21976.0009765625 0.31160640230118
21986.0009765625 0.287799522482704
21996.0009765625 0.267186487703911
22006.0009765625 0.245531746854892
22016.0009765625 0.233649932750786
22026.0009765625 0.21283860656393
22036.0009765625 0.195695996700525
22046.0009765625 0.183196703104459
22056.0009765625 0.168410460271491
22066.0009765625 0.15729438760227
22076.0009765625 0.143142056260932
22086.0009765625 0.131644771482385
22096.0009765625 0.1197115436557
22106.0009765625 0.108804175729271
22116.0009765625 0.0976940947300259
22126.0009765625 0.0861172692009286
22136.0009765625 0.0784852086183778
22146.0009765625 0.069339492933548
22156.0009765625 0.0607143058642017
22166.0009765625 0.0528592705387185
22176.0009765625 0.045365863320831
22186.0009765625 0.0394602602486799
22196.0009765625 0.0345848912818389
22206.0009765625 0.0302539564876991
22216.0009765625 0.0255584781583268
22226.0009765625 0.022162161257992
22236.0009765625 0.0190073374916933
22246.0009765625 0.0164651878854364
22256.0009765625 0.0142655206474996
22266.0009765625 0.012252917128378
22276.0009765625 0.0105362144768502
22286.0009765625 0.00935341634023493
22296.0009765625 0.00809621380887978
22306.0009765625 0.00704854216995473
22316.0009765625 0.0061386120021661
22326.0009765625 0.00533479990039525
22336.0009765625 0.00464953986677784
22346.0009765625 0.00407359707127111
22356.0009765625 0.00357945536253492
22366.0009765625 0.00312288735679829
22376.0009765625 0.00275724230760547
22386.0009765625 0.00241381399252505
22396.0009765625 0.00211114778192474
22406.0009765625 0.00186987086810247
22416.0009765625 0.001608390904999
22426.0009765625 0.00146802089602426
22436.0009765625 0.00127275335394918
22446.0009765625 0.00114149637051958
22456.0009765625 0.000994275361634008
22466.0009765625 0.000875962938362221
22476.0009765625 0.000779506508725847
22486.0009765625 0.000684544356675795
22496.0009765625 0.00062419462876039
22506.0009765625 0.000545729977393772
22516.0009765625 0.000478558604199919
22526.0009765625 0.000432706926514855
22536.0009765625 0.000384218143906093
22546.0009765625 0.000338209640363404
22556.0009765625 0.000300437492059759
22566.0009765625 0.000272234474099722
22576.0009765625 0.000247156930345124
22586.0009765625 0.000220615970203649
22596.0009765625 0.000198178454061506
22606.0009765625 0.000174360332979398
22616.0009765625 0.000160226904449537
22626.0009765625 0.00014188453043485
22636.0009765625 0.000129832158425734
22646.0009765625 0.000116240152768842
22656.0009765625 0.000108888708811982
22666.0009765625 8.92955260788727e-05
22676.0009765625 8.43887905752689e-05
22686.0009765625 8.02842618957054e-05
22696.0009765625 7.14262664525542e-05
22706.0009765625 6.50085488358269e-05
22716.0009765625 6.25195956987416e-05
22726.0009765625 5.68505378107202e-05
22736.0009765625 5.06940518733819e-05
22746.0009765625 4.65631204754047e-05
22756.0009765625 4.45275464188211e-05
22766.0009765625 4.03823630592355e-05
22776.0009765625 3.81523516431824e-05
22786.0009765625 3.40221065028012e-05
22796.0009765625 3.22466317734716e-05
22806.0009765625 3.16664910992129e-05
22816.0009765625 2.83285568783709e-05
22826.0009765625 2.71628752354709e-05
22836.0009765625 2.45567104860447e-05
22846.0009765625 2.11826320736459e-05
22856.0009765625 2.19980905816885e-05
22866.0009765625 1.95817910970252e-05
22876.0009765625 1.95495799824608e-05
22886.0009765625 1.92262196416108e-05
22896.0009765625 1.75369549742831e-05
22906.0009765625 1.64508098020434e-05
22916.0009765625 1.68558586895918e-05
22926.0009765625 1.61606313920864e-05
22936.0009765625 1.4836136034202e-05
22946.0009765625 1.45139002324092e-05
22956.0009765625 1.33278880869112e-05
22966.0009765625 1.24247051879476e-05
22976.0009765625 1.2263894313494e-05
22986.0009765625 1.15140598117724e-05
22996.0009765625 1.14376504668342e-05
23006.0009765625 1.01670745515947e-05
23016.0009765625 1.10549740782541e-05
23026.0009765625 1.07144833445526e-05
23036.0009765625 9.96806390076506e-06
23046.0009765625 9.0206557888699e-06
23056.0009765625 8.82097786858916e-06
23066.0009765625 8.2157925840194e-06
23076.0009765625 6.79620640079803e-06
23086.0009765625 7.91626422480592e-06
23096.0009765625 6.71624487962575e-06
23106.0009765625 6.95913819203046e-06
23116.0009765625 6.32484303960075e-06
23126.0009765625 6.86193828303265e-06
23136.0009765625 6.38216343165579e-06
23146.0009765625 5.98278144319562e-06
23156.0009765625 5.30029444308674e-06
23166.0009765625 5.73082669858219e-06
23176.0009765625 4.33458174985903e-06
23186.0009765625 4.58267997973253e-06
23196.0009765625 4.65771343293997e-06
23206.0009765625 3.8253404385298e-06
23216.0009765625 3.63009443906733e-06
23226.0009765625 4.25566346767247e-06
23236.0009765625 3.37293691080291e-06
23246.0009765625 2.97160125372188e-06
23256.0009765625 3.01911817273222e-06
23266.0009765625 2.6529789907046e-06
23276.0009765625 2.21088954386854e-06
23286.0009765625 2.10237631789957e-06
23296.0009765625 2.41696308886348e-06
23306.0009765625 2.46009483047065e-06
23316.0009765625 1.67521848965103e-06
23326.0009765625 1.93774728160151e-06
23336.0009765625 1.77644386157227e-06
23346.0009765625 1.22939926948566e-06
23356.0009765625 1.57037428719403e-06
23366.0009765625 1.01696380513774e-06
23376.0009765625 1.31645445576383e-06
23386.0009765625 1.35601557747369e-06
23396.0009765625 1.20713186378091e-06
23406.0009765625 1.16978329920577e-06
23416.0009765625 8.29169737183768e-07
23426.0009765625 8.30778741070531e-07
23436.0009765625 1.05064929192588e-06
23446.0009765625 1.1340130391729e-06
23456.0009765625 8.8791163019133e-07
23466.0009765625 8.59895509243948e-07
23476.0009765625 8.2379231785981e-07
23486.0009765625 8.39589014432113e-07
23496.0009765625 5.889483952039e-07
23506.0009765625 8.90368146857809e-07
23516.0009765625 7.93369844270998e-07
23526.0009765625 7.76583342743335e-07
23536.0009765625 6.15989152884638e-07
23546.0009765625 8.31072234539117e-07
23556.0009765625 8.28323416030311e-07
23566.0009765625 5.32265526837022e-07
23576.0009765625 6.05475434439146e-07
23586.0009765625 4.4783459550231e-07
23596.0009765625 4.84456347096639e-07
23606.0009765625 5.04998240258487e-07
23616.0009765625 5.22280080783213e-07
23626.0009765625 5.21281275867645e-07
23636.0009765625 3.78646287425153e-07
23646.0009765625 4.3344422506545e-07
23656.0009765625 3.18137739844219e-07
23666.0009765625 3.31597997519885e-07
23676.0009765625 4.27764994370374e-07
23686.0009765625 1.60166965330981e-07
23696.0009765625 2.12879464192849e-07
23706.0009765625 2.14424866657773e-07
23716.0009765625 1.75276947504606e-07
23726.0009765625 2.11002366516548e-07
23736.0009765625 1.18916334073755e-07
23746.0009765625 9.22001183000151e-08
23756.0009765625 1.07923442071721e-07
23766.0009765625 5.43419868716292e-08
23776.0009765625 8.96609648200183e-08
23786.0009765625 9.761131976622e-08
23796.0009765625 8.06799426840751e-08
23806.0009765625 9.59874223836378e-08
23816.0009765625 6.81762110815737e-08
23826.0009765625 5.72683976233058e-08
23836.0009765625 4.68981689032085e-08
23846.0009765625 4.16464321720199e-08
23856.0009765625 6.18583448544325e-08
23866.0009765625 3.30305504461957e-08
23876.0009765625 5.46345513076898e-08
23886.0009765625 4.01409540757321e-08
23896.0009765625 4.71787242617619e-08
23906.0009765625 3.03126672959116e-08
23916.0009765625 2.46583091707407e-08
23926.0009765625 3.38078189122142e-08
23936.0009765625 2.27269814892262e-08
23946.0009765625 2.29257519514089e-08
23956.0009765625 1.98459614930529e-08
23966.0009765625 2.63737919892991e-08
23976.0009765625 1.9038590231127e-08
23986.0009765625 1.98423483373556e-08
23996.0009765625 9.2256526761918e-09
24006.0009765625 1.24881853461994e-08
24016.0009765625 8.94099018093313e-09
24026.0009765625 1.13270099325094e-08
24036.0009765625 5.55686581554267e-09
24046.0009765625 7.69737296643659e-09
24056.0009765625 6.14477513572567e-09
24066.0009765625 7.03002050766161e-09
24076.0009765625 4.22653246561442e-09
24086.0009765625 4.46249579821508e-09
24096.0009765625 3.41675181841332e-09
24106.0009765625 2.50144971476965e-09
24116.0009765625 3.64127393432886e-09
24126.0009765625 2.85757954318251e-09
24136.0009765625 2.8529824353733e-09
24146.0009765625 2.10569519302061e-09
24156.0009765625 2.29255108575696e-09
24166.0009765625 1.57074996865941e-09
24176.0009765625 2.13686515018408e-09
24186.0009765625 1.61176507747358e-09
24196.0009765625 8.27689263525654e-10
24206.0009765625 1.05338431643881e-09
24216.0009765625 6.95571049576648e-10
24226.0009765625 1.27912438148219e-09
24236.0009765625 3.51398633934157e-10
24246.0009765625 9.06126872976616e-10
24256.0009765625 4.58530762163538e-10
24266.0009765625 5.85889975084763e-10
24276.0009765625 1.80907526612122e-10
24286.0009765625 2.78767011127366e-10
24296.0009765625 2.74278401186122e-10
24306.0009765625 4.75541459715606e-10
24316.0009765625 2.40808679296784e-10
24326.0009765625 2.42565320437983e-10
24336.0009765625 2.3568911121003e-10
24346.0009765625 2.15071550295165e-10
24356.0009765625 1.14916728832433e-10
24366.0009765625 2.01451849820014e-10
24376.0009765625 1.33898117217757e-10
24386.0009765625 8.2240416688064e-11
24396.0009765625 1.15069738756423e-10
24406.0009765625 1.014579189272e-10
24416.0009765625 1.138389682431e-10
24426.0009765625 1.08830203653751e-10
24436.0009765625 9.88741196856105e-11
24446.0009765625 8.3657887859725e-11
24456.0009765625 1.50611775038376e-11
24466.0009765625 7.62222376335025e-11
24476.0009765625 5.60737265816325e-11
24486.0009765625 6.21101420621842e-11
24496.0009765625 1.25851400595551e-11
24506.0009765625 4.47218284849701e-11
24516.0009765625 3.4816244662675e-11
24526.0009765625 5.73081347534172e-11
24536.0009765625 3.35241016082766e-11
24546.0009765625 3.67881195300838e-11
24556.0009765625 1.78907880328398e-11
24566.0009765625 5.8611599383374e-11
24576.0009765625 2.60393166674088e-12
24586.0009765625 2.63918901846765e-11
24596.0009765625 3.24422187510661e-11
24606.0009765625 2.08250493210119e-11
24616.0009765625 1.23889535825138e-11
24626.0009765625 7.50356633403394e-12
24636.0009765625 6.57762465314911e-12
24646.0009765625 8.57320554920318e-12
24656.0009765625 1.1228648606387e-11
24666.0009765625 7.17763393924731e-12
24676.0009765625 1.27053213014551e-11
24686.0009765625 8.69343628216169e-12
24696.0009765625 7.62916593443012e-12
24706.0009765625 4.16235381130968e-12
24716.0009765625 6.54168599148889e-12
24726.0009765625 4.15253805673182e-12
24736.0009765625 5.09744907761025e-12
24746.0009765625 3.54926975567227e-12
24756.0009765625 6.21818552372534e-12
24766.0009765625 5.64349030059057e-12
24776.0009765625 1.05675709563419e-12
24786.0009765625 2.16318614663661e-12
24796.0009765625 3.11929814384241e-12
24806.0009765625 1.17226258500119e-12
24816.0009765625 2.46486201176753e-12
24826.0009765625 1.94402489589286e-12
24836.0009765625 2.12781728800812e-12
24846.0009765625 1.3219259929939e-12
24856.0009765625 9.36992384203075e-13
24866.0009765625 9.21331761357192e-13
24876.0009765625 1.35747961470689e-12
24886.0009765625 1.16169940835825e-12
24896.0009765625 1.33672786265854e-12
24906.0009765625 4.1701352388026e-13
24916.0009765625 9.94762991592241e-13
24926.0009765625 7.20828822648967e-13
24936.0009765625 2.77853897766778e-13
24946.0009765625 6.55772494684761e-13
24956.0009765625 6.15834076718214e-13
24966.0009765625 5.2305437081397e-13
24976.0009765625 4.94557310493868e-13
24986.0009765625 3.88061138238939e-13
24996.0009765625 4.47606913357873e-13
25006.0009765625 3.28380862534433e-13
25016.0009765625 5.92530887971811e-14
25026.0009765625 4.56105966504201e-13
25036.0009765625 3.11572450603165e-13
25046.0009765625 1.36375982911116e-13
25056.0009765625 9.82883890477924e-14
25066.0009765625 4.46229171945022e-14
25076.0009765625 2.13037776082866e-13
25086.0009765625 1.10538533654103e-13
25096.0009765625 1.76009988477035e-13
25106.0009765625 2.94695532201162e-13
25116.0009765625 9.36350826375934e-14
25126.0009765625 8.5701915872142e-14
25136.0009765625 8.72375592392165e-14
25146.0009765625 1.61707985869532e-13
25156.0009765625 8.44473818343691e-14
25166.0009765625 1.24485342064483e-13
25176.0009765625 1.16436584826296e-13
25186.0009765625 7.35755549255904e-14
25196.0009765625 8.21640956217543e-14
25206.0009765625 9.39225720149416e-14
25216.0009765625 8.81956990162835e-14
25226.0009765625 2.38190334702969e-14
25236.0009765625 7.26556341549333e-14
25246.0009765625 5.20049993054899e-14
25256.0009765625 3.63177032694344e-14
25266.0009765625 6.81055600333972e-14
25276.0009765625 5.51076310583651e-14
25286.0009765625 3.62273461631656e-14
25296.0009765625 3.37283720518436e-14
25306.0009765625 1.58053915524553e-14
25316.0009765625 4.11625460216779e-14
25326.0009765625 5.18726731625205e-14
25336.0009765625 2.99362743019444e-14
25346.0009765625 3.19909036192259e-14
25356.0009765625 3.47886920461267e-14
25366.0009765625 3.43578550318075e-14
25376.0009765625 1.16302246726184e-14
25386.0009765625 2.75229940461355e-14
25396.0009765625 1.57260644365409e-14
25406.0009765625 2.12145169030703e-14
25416.0009765625 1.67677958661425e-14
25426.0009765625 2.86231147038884e-14
25436.0009765625 3.61667416236995e-15
25446.0009765625 2.10152614489121e-14
25456.0009765625 1.33565060479171e-14
25466.0009765625 1.65839035740016e-14
25476.0009765625 1.00777019513917e-14
25486.0009765625 8.26339821548087e-15
25496.0009765625 1.74451769902229e-14
25506.0009765625 6.89235938561167e-15
25516.0009765625 3.95165822604797e-15
25526.0009765625 7.34439207268281e-15
25536.0009765625 6.91940109062379e-15
25546.0009765625 4.8285509201365e-15
25556.0009765625 9.80278442753524e-15
25566.0009765625 7.86316769100893e-15
25576.0009765625 6.90583977889819e-15
25586.0009765625 3.93914130815541e-15
25596.0009765625 7.42869198139982e-15
25606.0009765625 4.10424928618184e-15
25616.0009765625 4.11402987006884e-15
25626.0009765625 5.25820937686315e-15
25636.0009765625 4.13734730375677e-15
25646.0009765625 3.85879077657541e-15
25656.0009765625 2.1698319666011e-15
25666.0009765625 1.69879274346086e-15
25676.0009765625 2.10411854509508e-15
25686.0009765625 2.30632729060834e-15
25696.0009765625 7.75435567270889e-16
25706.0009765625 2.05287158156855e-15
25716.0009765625 1.37869520105388e-15
25726.0009765625 1.14984676514753e-15
25736.0009765625 1.11483461358984e-15
25746.0009765625 1.37663949277659e-15
25756.0009765625 1.8568442320209e-15
25766.0009765625 1.38253080364175e-15
25776.0009765625 9.45719596488678e-16
25786.0009765625 1.10252774626015e-15
25796.0009765625 4.63006556218846e-16
25806.0009765625 7.26663467621871e-16
25816.0009765625 1.11326177824336e-15
25826.0009765625 3.16488585246567e-16
25836.0009765625 5.04105099364859e-16
25846.0009765625 5.5515847530402e-16
25856.0009765625 7.52236824982833e-16
25866.0009765625 5.05036202163794e-16
25876.0009765625 3.77983888262281e-16
25886.0009765625 5.70748630450095e-16
25896.0009765625 4.3796327628305e-16
25906.0009765625 2.37721289683199e-16
25916.0009765625 3.9614054445203e-16
25926.0009765625 3.55838808111435e-16
25936.0009765625 6.68961693209395e-17
25946.0009765625 1.75976728193116e-16
25956.0009765625 6.49286456992086e-17
25966.0009765625 1.37988115339442e-16
25976.0009765625 1.85145411632257e-16
25986.0009765625 1.05851015593992e-16
25996.0009765625 1.01563528389444e-16
26006.0009765625 9.66358088911361e-17
