"wave" "response"
20004.66386 2.57732283755345e-10
20020.74478 2.33231746421236e-10
20036.8257 2.12349033975208e-10
20052.90662 1.9457727740134e-10
20068.98754 1.79141644615948e-10
20085.06846 1.66891644619788e-10
20101.14938 1.55870263524025e-10
20117.2303 1.45227500821058e-10
20133.31122 1.36855822759819e-10
20149.39214 1.29901319750284e-10
20165.47306 1.222457138098e-10
20181.55398 1.16908150223575e-10
20197.6349 1.10956475117724e-10
20213.71582 1.06868687359024e-10
20229.79674 1.03087965087047e-10
20245.87766 9.82786137870406e-11
20261.95858 9.50761601732823e-11
20278.03949 9.21925677953585e-11
20294.12041 8.97434329625986e-11
20310.20133 8.77198109751159e-11
20326.28225 8.59090253576597e-11
20342.36317 8.3308642404187e-11
20358.44409 8.21209996166519e-11
20374.52501 8.12903646219593e-11
20390.60593 8.08515146563888e-11
20406.68685 8.14713050712245e-11
20422.76777 8.14607296899785e-11
20438.84869 8.17605160255122e-11
20454.92961 8.25787973911015e-11
20471.01053 8.37992015453773e-11
20487.09145 8.58488901123676e-11
20503.17237 8.79006514471788e-11
20519.25329 8.97628532745645e-11
20535.33421 9.28643991969587e-11
20551.41513 9.55678969232184e-11
20567.49605 9.95194621853253e-11
20583.57697 1.0422326751421e-10
20599.65788 1.1071748371158e-10
20615.7388 1.17399741856926e-10
20631.81972 1.24433556251155e-10
20647.90064 1.32402356122915e-10
20663.98156 1.41427751640698e-10
20680.06248 1.51908209243868e-10
20696.1434 1.63759222020111e-10
20712.22432 1.76951035434369e-10
20728.30524 1.93256892248562e-10
20744.38616 2.10083243088383e-10
20760.46708 2.30732528788424e-10
20776.548 2.52589145926016e-10
20792.62892 2.7863103194752e-10
20808.70984 3.08961272295339e-10
20824.79076 3.43254743546463e-10
20840.87168 3.85360482076451e-10
20856.9526 4.34549550441508e-10
20873.03352 4.92214183844455e-10
20889.11444 5.6189172326677e-10
20905.19536 6.45037471400984e-10
20921.27627 7.42943341267876e-10
20937.35719 8.60797421852981e-10
20953.43811 1.00207583056063e-09
20969.51903 1.16162569077338e-09
20985.59995 1.35885603641632e-09
21001.68087 1.60100703941994e-09
21017.76179 1.8643460890227e-09
21033.84271 2.17202420601675e-09
21049.92363 2.52447706594025e-09
21066.00455 2.90226740652572e-09
21082.08547 3.31932315181158e-09
21098.16639 3.74446051883253e-09
21114.24731 4.14809700031625e-09
21130.32823 4.47766068790511e-09
21146.40915 4.72043639267478e-09
21162.49007 4.9309176436488e-09
21178.57099 5.02094296622597e-09
21194.65191 5.07660756260088e-09
21210.73283 5.06508605303824e-09
21226.81375 5.00575102620968e-09
21242.89466 4.8920013774598e-09
21258.97558 4.78191700058303e-09
21275.0565 4.66983751971086e-09
21291.13742 4.55499733013733e-09
21307.21834 4.46170746854561e-09
21323.29926 4.35903445757203e-09
21339.38018 4.24406451582925e-09
21355.4611 4.14137476276058e-09
21371.54202 4.05212217600693e-09
21387.62294 3.96576311598622e-09
21403.70386 3.85506588642068e-09
21419.78478 3.74240367272936e-09
21435.8657 3.6141869029835e-09
21451.94662 3.48631168741975e-09
21468.02754 3.35501432286805e-09
21484.10846 3.22467203022485e-09
21500.18938 3.0948135345985e-09
21516.2703 2.95545519355358e-09
21532.35122 2.8261707881243e-09
21548.43214 2.67330018038168e-09
21564.51305 2.53966512531751e-09
21580.59397 2.36812550148137e-09
21596.67489 2.21461206712532e-09
21612.75581 2.06074003710197e-09
21628.83673 1.90705947412455e-09
21644.91765 1.76660145426356e-09
21660.99857 1.63204022310612e-09
21677.07949 1.51310007476436e-09
21693.16041 1.41478016908135e-09
21709.24133 1.32412737931912e-09
21725.32225 1.22963111976282e-09
21741.40317 1.14294903636629e-09
21757.48409 1.05179924803965e-09
21773.56501 9.63171825248533e-10
21789.64593 8.88669938441124e-10
21805.72685 8.31824789839823e-10
21821.80777 7.82305657475508e-10
21837.88869 7.26695386751527e-10
21853.96961 6.80165209958817e-10
21870.05053 6.63839661719817e-10
21886.13145 6.58288668843742e-10
21902.21236 6.27018865609602e-10
21918.29328 5.82125529584229e-10
21934.3742 5.44597718087237e-10
21950.45512 5.34145411805026e-10
21966.53604 5.53312633167905e-10
21982.61696 6.12357960136593e-10
21998.69788 6.89597841599834e-10
22014.7788 7.33967238129579e-10
22030.85972 7.58507498134758e-10
22046.94064 8.6769437621285e-10
22063.02156 9.61531734846114e-10
22079.10248 1.0798379581767e-09
22095.1834 1.11750830366147e-09
22111.26432 1.18144128752818e-09
22127.34524 1.24137696763713e-09
22143.42616 1.30319087113613e-09
22159.50708 1.36034133366558e-09
22175.588 1.33919135162625e-09
22191.66892 1.41197235509187e-09
22207.74984 1.61085428553011e-09
22223.83075 1.95068460856324e-09
22239.91167 2.43967535693189e-09
22255.99259 3.05612380199582e-09
22272.07351 3.729775125275e-09
22288.15443 3.84250808373299e-09
22304.23535 3.9619845036166e-09
22320.31627 3.255202721083e-09
22336.39719 3.14985826501344e-09
22352.47811 2.8431402666035e-09
22368.55903 2.0653621989385e-09
22384.63995 1.56953596968116e-09
22400.72087 1.75770107515219e-09
22416.80179 2.33830627734241e-09
22432.88271 3.53539999818003e-09
22448.96363 4.51163800235808e-09
22465.04455 5.79289508702074e-09
22481.12547 5.33110931098176e-09
22497.20639 5.69262035757444e-09
22513.28731 4.9998399765066e-09
22529.36823 4.5622781619977e-09
22545.44914 5.41816462782465e-09
22561.53006 8.11350447701738e-09
22577.61098 1.23044171052727e-08
22593.6919 1.38927847576107e-08
22609.77282 1.57744102828902e-08
22625.85374 1.46002161640577e-08
22641.93466 1.20042538827733e-08
22658.01558 1.22763085002273e-08
22674.0965 8.4701558356806e-09
22690.17742 9.09854230303933e-09
22706.25834 1.31315635487376e-08
22722.33926 1.57085672472274e-08
22738.42018 1.95540272141788e-08
22754.5011 1.80501846270417e-08
22770.58202 1.84986385353821e-08
22786.66294 2.61088519916247e-08
22802.74386 2.89150271526647e-08
22818.82478 4.23883574850333e-08
22834.9057 4.95399673264886e-08
22850.98662 5.8075347353891e-08
22867.06753 6.1566942081865e-08
22883.14845 6.25804811125374e-08
22899.22937 6.63730588554572e-08
22915.31029 6.18913769250894e-08
22931.39121 5.79790210411993e-08
22947.47213 4.60649442539258e-08
22963.55305 4.26510127404712e-08
22979.63397 5.00249133982671e-08
22995.71489 4.03568035755267e-08
23011.79581 3.90477547568733e-08
23027.87673 3.92687838029456e-08
23043.95765 4.14215966753637e-08
23060.03857 5.56770083974053e-08
23076.11949 4.76636185968878e-08
23092.20041 3.95295087746837e-08
23108.28133 3.58750465545448e-08
23124.36225 3.53013698505668e-08
23140.44317 4.26335870986016e-08
23156.52409 3.87904404515787e-08
23172.60501 4.88193257576087e-08
23188.68592 1.04877494741225e-07
23204.76684 8.14563249446458e-08
23220.84776 8.9747517341342e-08
23236.92868 2.96236137259383e-08
23253.0096 1.41822834111448e-08
23269.09052 5.08380480397562e-08
23285.17144 9.04067063261717e-08
23301.25236 1.7425946092723e-07
23317.33328 3.0203559796777e-07
23333.4142 3.9549921828214e-07
23349.49512 5.39071081988135e-07
23365.57604 4.83610566433894e-07
23381.65696 3.75666504364323e-07
23397.73788 2.93875324449466e-07
23413.8188 2.30054624582213e-07
23429.89972 2.35918730725761e-07
23445.98064 1.93171184172383e-07
23462.06156 1.29795282158857e-07
23478.14248 3.28618799209446e-07
23494.2234 5.57715404086127e-07
23510.30431 7.32569475140221e-07
23526.38523 8.03293907144777e-07
23542.46615 6.06249359171421e-07
23558.54707 6.65226067572484e-07
23574.62799 7.17455318246547e-07
23590.70891 5.86689613886851e-07
23606.78983 5.35500643834744e-07
23622.87075 5.39874760418699e-07
23638.95167 5.59092891599785e-07
23655.03259 5.84343671404739e-07
23671.11351 6.32406550602709e-07
23687.19443 7.5638534978519e-07
23703.27535 8.92796344104607e-07
23719.35627 7.46151329268155e-07
23735.43719 6.26451990080415e-07
23751.51811 5.16531353532956e-07
23767.59903 5.02344920511279e-07
23783.67995 5.53383182944687e-07
23799.76087 7.10592092983204e-07
23815.84179 9.27638368171852e-07
23831.92271 9.94379056752102e-07
23848.00362 7.51504236486171e-07
23864.08454 6.65919886588289e-07
23880.16546 3.99870590122137e-07
23896.24638 2.63255689402286e-07
23912.3273 2.11704468395762e-07
23928.40822 2.16310809301779e-07
23944.48914 3.36597021385546e-07
23960.57006 6.55574891073849e-07
23976.65098 7.49546455636589e-07
23992.7319 1.10124525594337e-06
24008.81282 1.94208135595161e-06
24024.89374 2.32008420009193e-06
24040.97466 2.81377668851819e-06
24057.05558 1.9995472774269e-06
24073.1365 1.16344107842505e-06
24089.21742 7.43208902703408e-07
24105.29834 1.72232651567645e-07
24121.37926 1.33961214986259e-07
24137.46018 2.35654564678665e-07
24153.5411 2.81650358668352e-07
24169.62201 3.39991537506513e-07
24185.70293 3.77530743778891e-07
24201.78385 3.22965973027615e-07
24217.86477 3.62931492344436e-07
24233.94569 5.52187541095557e-07
24250.02661 5.36809470933295e-07
24266.10753 8.9917422709166e-07
24282.18845 1.13584363500988e-06
24298.26937 9.89254116068486e-07
24314.35029 9.68337585348312e-07
24330.43121 7.93843507913985e-07
24346.51213 8.76363224726587e-07
24362.59305 1.04515710752225e-06
24378.67397 8.16078220583481e-07
24394.75489 7.62867312483054e-07
24410.83581 7.40091655941406e-07
24426.91673 7.50938507279986e-07
24442.99765 8.48547414471134e-07
24459.07857 1.19539796174902e-06
24475.15949 8.96002885069063e-07
24491.2404 7.54718153016265e-07
24507.32132 5.90556462996278e-07
24523.40224 4.89110527901939e-07
24539.48316 5.01887584471674e-07
24555.56408 5.87884074280096e-07
24571.645 8.13379770988961e-07
24587.72592 1.59656171208641e-06
24603.80684 2.59398009343599e-06
24619.88776 2.37066381829706e-06
24635.96868 2.2029841522698e-06
24652.0496 1.83991652231941e-06
24668.13052 1.59945226419828e-06
24684.21144 1.59155429571665e-06
24700.29236 1.62272798548505e-06
24716.37328 1.67347533046724e-06
24732.4542 1.84044806441523e-06
24748.53512 2.07262400934646e-06
24764.61604 2.45588924176474e-06
24780.69696 2.97494102490191e-06
24796.77788 3.00385725425981e-06
24812.85879 2.99721123126415e-06
24828.93971 3.03959158808263e-06
24845.02063 2.68149598093779e-06
24861.10155 2.36737284257241e-06
24877.18247 2.11474328680769e-06
24893.26339 1.76304421725275e-06
24909.34431 1.60124162815349e-06
24925.42523 1.4839558924526e-06
24941.50615 1.1484254415003e-06
24957.58707 1.16997463032026e-06
24973.66799 1.25576548407735e-06
24989.74891 1.41590651911362e-06
24997.78162 2.2200742007123e-06
25011.29393 2.27099232319476e-06
25024.80624 3.8881385328511e-06
25038.31856 4.81072901095668e-06
25051.83087 6.45363622020438e-06
25065.34319 3.25815311307055e-06
25078.8555 1.80313311757251e-06
25092.36782 7.52516519886051e-07
25105.88013 1.00634690703623e-06
25119.39244 3.12971539011009e-06
25132.90476 4.08126892103878e-06
25146.41707 1.5521145149748e-06
25159.92939 1.39796367894436e-06
25173.4417 4.43866164992191e-07
25186.95402 4.80562662363865e-06
25200.46633 4.4679630606612e-06
25213.97865 5.65355738653018e-06
25227.49096 1.17045007412304e-06
25241.00327 1.95656150856897e-06
25254.51559 3.40925177251444e-06
25268.0279 3.10397336501813e-06
25281.54022 6.24014496441487e-07
25295.05253 2.68450064969773e-06
25308.56485 9.72407765935335e-07
25322.07716 3.07943855322056e-06
25335.58948 3.64214948143306e-06
25349.10179 2.87386278524834e-06
25362.6141 1.988541122503e-06
25376.12642 3.73460334241429e-06
25389.63873 1.0794791766882e-06
25403.15105 2.18621498843163e-06
25416.66336 1.34643489114672e-06
25430.17568 2.91865084239766e-06
25443.68799 4.97834989514643e-06
25457.2003 3.42934319688335e-06
25470.71262 7.33648981008709e-06
25484.22493 3.56550926740139e-06
25497.73725 4.48052913597588e-06
25511.24956 3.94950776429638e-06
25524.76188 2.2150691790072e-06
25538.27419 4.24528121742256e-06
25551.78651 1.88265047903553e-06
25565.29882 3.0884195511017e-06
25578.81113 8.49220546234096e-07
25592.32345 1.81676549082307e-06
25605.83576 2.4975040979463e-06
25619.34808 2.50665870500334e-06
25632.86039 5.48402300338914e-07
25646.37271 1.61443361434702e-06
25659.88502 3.8331531334555e-06
25673.39733 2.78618022202209e-06
25686.90965 3.896036250648e-06
25700.42196 5.52046975765927e-06
25713.93428 7.29072429268471e-06
25727.44659 1.87522982220736e-06
25740.95891 1.04070707654746e-06
25754.47122 2.63575523069049e-06
25767.98354 5.59285048355706e-06
25781.49585 3.81791657848268e-06
25795.00816 3.24662229551969e-06
25808.52048 7.67217983974736e-07
25822.03279 1.8870991271286e-06
25835.54511 3.74513839990819e-06
25849.05742 2.96617936002119e-06
25862.56974 3.68535611399004e-06
25876.08205 2.56766066308958e-06
25889.59437 6.30685333934309e-07
25903.10668 9.19612619642506e-07
25916.61899 2.26925703658262e-06
25930.13131 2.46311648229786e-06
25943.64362 1.44871212006154e-06
25957.15594 1.88185699604694e-08
25970.66825 4.00289150413787e-06
25984.18057 2.37290423821943e-06
25997.69288 9.81123204931406e-07
26011.20519 1.11488359764646e-06
26024.71751 1.94661598522259e-06
26038.22982 1.13381599496058e-06
26051.74214 1.60381999898964e-07
26065.25445 3.38577264327481e-06
26078.76677 1.34230523151468e-06
26092.27908 2.23483472316507e-06
26105.7914 6.63093294571177e-08
26119.30371 2.60185690314124e-07
26132.81602 1.20563139146272e-06
26146.32834 1.12513413240953e-06
26159.84065 8.46184269561528e-07
26173.35297 3.17313189585869e-06
26186.86528 2.18449965668119e-06
26200.3776 2.693651031845e-06
26213.88991 2.22179945574332e-06
26227.40222 3.66931567280258e-06
26240.91454 1.53583658425874e-06
26254.42685 7.77850964467127e-07
26267.93917 3.0974852786181e-06
26281.45148 3.42527827873997e-06
26294.9638 3.68583057969419e-06
26308.47611 2.66144475332155e-06
26321.98843 2.35098000999034e-06
26335.50074 3.83173882863908e-06
26349.01305 2.0270476727209e-06
26362.52537 2.20021738123539e-06
26376.03768 3.65950929341569e-06
26389.55 5.25490645383514e-06
26403.06231 5.93176761429565e-06
26416.57463 2.21861023627178e-06
26430.08694 4.08372545380644e-06
26443.59925 3.23563402300191e-06
26457.11157 3.48166346215682e-06
26470.62388 3.54920252655878e-06
26484.1362 2.16217202672942e-06
26497.64851 2.7608097084814e-06
26511.16083 3.25417314688853e-06
26524.67314 3.48597245659891e-06
26538.18546 4.90518504491311e-06
26551.69777 4.21213086968605e-06
26565.21008 3.34446814550481e-06
26578.7224 2.67805125499587e-06
26592.23471 3.58994230228572e-06
26605.74703 1.62810371074797e-06
26619.25934 3.37530798714269e-06
26632.77166 4.70007066258502e-06
26646.28397 3.21984611823634e-06
26659.79629 3.05697029045287e-07
26673.3086 1.50745443121769e-08
26686.82091 1.23926163416576e-06
26700.33323 5.64305634346792e-07
26713.84554 3.15501523234856e-06
26727.35786 3.5139671748752e-06
26740.87017 2.20023627932528e-06
26754.38249 3.67219359846875e-06
26767.8948 5.02833474420243e-06
26781.40711 5.49450265373859e-06
26794.91943 5.12972480043512e-06
26808.43174 2.44874185183319e-06
26821.94406 6.24745966783696e-07
26835.45637 1.71093195527748e-06
26848.96869 1.40385850528169e-06
26862.481 2.14600278831278e-06
26875.99332 4.80953577874225e-06
26889.50563 5.29494141974513e-06
26903.01794 1.44557896468344e-06
26916.53026 3.05890065064242e-06
26930.04257 2.95631621695449e-06
26943.55489 8.53259496239246e-07
26957.0672 2.10161080335968e-06
26970.57952 1.08057857411184e-06
26984.09183 1.98490156505571e-06
26997.60414 2.57996909003605e-06
27011.11646 3.77852256135788e-06
27024.62877 3.34096963345927e-06
27038.14109 4.29099681056443e-06
27051.6534 6.43800741247143e-06
27065.16572 3.45627760506356e-06
27078.67803 1.97284086982923e-06
27092.19035 3.1379183138417e-06
27105.70266 3.95972609759115e-06
27119.21497 2.51438649075992e-06
27132.72729 9.36155438409331e-07
27146.2396 5.29917185124421e-07
27159.75192 4.55346356273959e-07
27173.26423 1.32302325703564e-06
27186.77655 1.94826757703845e-06
27200.28886 3.33272038288344e-06
27213.80117 1.76049998961925e-06
27227.31349 1.03292728564427e-06
27240.8258 2.47682515308761e-06
27254.33812 2.68163272452465e-06
27267.85043 3.93535227680011e-06
27281.36275 3.27546752196441e-06
27294.87506 2.13003721400007e-06
27308.38738 2.43258023005293e-06
27321.89969 1.3355096353509e-06
27335.412 1.63199310146214e-06
27348.92432 1.16030496355675e-07
27362.43663 1.15566307018166e-06
27375.94895 1.30781555518979e-06
27389.46126 1.72747133303997e-06
27402.97358 1.46808231780337e-06
27416.48589 2.11737021111362e-06
27429.99821 8.67238439174327e-07
27443.51052 1.36277475155565e-06
27457.02283 2.68678321826062e-08
27470.53515 1.51578264140925e-08
27484.04746 7.74257460166676e-07
27497.55978 2.55535683172391e-06
27511.07209 3.26897239729741e-06
27524.58441 2.16130287383973e-06
27538.09672 3.19554255717743e-06
27551.60903 1.64572396217584e-06
27565.12135 1.55946084816575e-06
27578.63366 1.97926710151109e-06
27592.14598 2.41883597000492e-06
27605.65829 3.79739690273357e-06
27619.17061 3.44047585277597e-06
27632.68292 3.71619587232743e-06
27646.19524 4.42840737467526e-06
27659.70755 1.50541291352189e-06
27673.21986 4.91582846212077e-07
27686.73218 1.27408790552551e-06
27700.24449 2.39014843042744e-06
27713.75681 3.93839299732902e-06
27727.26912 3.81624133298225e-06
27740.78144 3.04252766247783e-06
27754.29375 2.61056690467169e-06
27767.80606 2.32295573372994e-06
27781.31838 2.66673709741275e-06
27794.83069 2.96425801881485e-06
27808.34301 3.43750452248569e-06
27821.85532 3.00720695335986e-06
27835.36764 2.84594627458632e-06
27848.87995 2.08905668926742e-06
27862.39227 2.60791697015328e-06
27875.90458 3.85174065601145e-06
27889.41689 2.11985010789879e-06
27902.92921 1.417217503567e-06
27916.44152 1.97949656140233e-06
27929.95384 7.75836012894555e-07
27943.46615 3.62290112115507e-06
27956.97847 3.67584591555275e-06
27970.49078 2.0350122256482e-06
27984.00309 1.24080064816857e-06
27997.51541 1.55746114072043e-06
28011.02772 2.49272397063968e-06
28024.54004 1.73355585917746e-06
28038.05235 2.15645765971569e-06
28051.56467 2.27084772597521e-06
28065.07698 9.48451824538245e-07
28078.5893 9.28587407952672e-07
28092.10161 1.33335091617227e-06
28105.61392 1.47695269338871e-06
28119.12624 1.42964906413234e-06
28132.63855 8.97817129602138e-07
28146.15087 1.38851123875525e-06
28159.66318 3.17564848551901e-06
28173.1755 2.22233639611433e-06
28186.68781 2.34200978832624e-06
28200.20013 4.43190295563031e-06
28213.71244 2.51930676708785e-06
28227.22475 3.34523677432278e-06
28240.73707 2.80693250024017e-06
28254.24938 2.58585264440024e-06
28267.7617 2.19645005345671e-06
28281.27401 1.38945156504249e-06
28294.78633 7.46229171136467e-07
28308.29864 1.51171307858173e-06
28321.81095 2.60236557413494e-06
28335.32327 2.31755025873384e-06
28348.83558 2.93031070524256e-06
28362.3479 2.76083900227754e-06
28375.86021 6.55836369129461e-06
28389.37253 5.36662963671849e-06
28402.88484 4.95509108172469e-06
28416.39716 1.33959768299446e-06
28429.90947 1.38779226705007e-06
28443.42178 3.23895704323844e-06
28456.9341 4.88677011009601e-06
28470.44641 3.00442521331515e-06
28483.95873 2.60122254511689e-06
28497.47104 5.05048612265169e-06
28510.98336 4.75509259845484e-06
28524.49567 2.74505112265661e-06
28538.00798 5.99104731203539e-07
28551.5203 5.66132680635205e-07
28565.03261 6.2766615018883e-07
28578.54493 1.95458508840776e-07
28592.05724 1.91948106746772e-06
28605.56956 1.22633584431812e-06
28619.08187 1.0676479746499e-06
28632.59419 1.16000044658666e-06
28646.1065 2.40464529392017e-06
28659.61881 1.6663515300912e-06
28673.13113 1.25893964732739e-06
28686.64344 4.83900234186882e-07
28700.15576 1.78237602224898e-07
28713.66807 1.24152814361099e-07
28727.18039 1.51670757311042e-06
28740.6927 1.26585221564536e-06
28754.20501 2.26318229394613e-06
28767.71733 2.0742617062876e-06
28781.22964 5.73990156183724e-07
28794.74196 2.57458734950892e-06
28808.25427 2.97923302783382e-06
28821.76659 3.02711318295695e-06
28835.2789 3.74511187195619e-06
28848.79122 3.93092036443641e-06
28862.30353 1.91415111346459e-06
28875.81584 3.36756892509413e-06
28889.32816 2.57642627304083e-06
28902.84047 4.83644658424261e-07
28916.35279 3.53839235287559e-07
28929.8651 9.30162528919512e-07
28943.37742 2.17249195272074e-06
28956.88973 3.56521555267329e-06
28970.40205 3.4808888599182e-06
28983.91436 4.10933295253851e-06
28997.42667 2.48018127379414e-06
29010.93899 2.3333481835233e-06
29024.4513 8.99933895167605e-07
29037.96362 1.48989777643117e-06
29051.47593 3.2564203804036e-06
29064.98825 3.09833935403717e-06
29078.50056 4.07310848610692e-06
29092.01287 3.34647425367264e-06
29105.52519 2.19771792085303e-06
29119.0375 1.60047941431912e-06
29132.54982 2.14616236063533e-06
29146.06213 4.43072850256662e-06
29159.57445 4.47897168360951e-06
29173.08676 2.74728314217414e-06
29186.59908 2.15220958708857e-06
29200.11139 1.76685356429182e-06
29213.6237 2.56744818344879e-06
29227.13602 1.4200136366815e-06
29240.64833 2.07492086938987e-06
29254.16065 3.63743200468571e-06
29267.67296 2.0561213460246e-06
29281.18528 1.9751534057852e-06
29294.69759 2.37220172237664e-06
29308.2099 4.99231808452148e-06
29321.72222 2.76835047696818e-06
29335.23453 2.08659344779728e-06
29348.74685 9.4832541618226e-07
29362.25916 2.14297112518259e-06
29375.77148 4.70109949138159e-06
29389.28379 1.88600097262274e-06
29402.79611 2.10376458866281e-06
29416.30842 2.63019134717073e-06
29429.82073 4.78918326337337e-06
29443.33305 2.92930116657618e-06
29456.84536 1.81084548239501e-06
29470.35768 9.39772528823133e-07
29483.86999 3.48808071346398e-07
29497.38231 3.53991720079921e-06
29510.89462 2.19883115944791e-06
29524.40694 1.3552579352829e-06
29537.91925 1.70317647652648e-06
29551.43156 3.09757307171144e-07
29564.94388 2.8348023963958e-07
29578.45619 1.6533918468554e-06
29591.96851 3.555408240327e-06
29605.48082 4.64262878278482e-06
29618.99314 1.61130149399059e-06
29632.50545 1.25791959113352e-06
29646.01776 1.400636508353e-06
29659.53008 2.09264006696598e-06
29673.04239 3.43790107993098e-06
29686.55471 3.74921126720207e-06
29700.06702 1.03392099495668e-06
29713.57934 2.18290494371858e-06
29727.09165 2.39577713371207e-06
29740.60397 3.7780820202921e-06
29754.11628 3.19394443951778e-06
29767.62859 3.0164404016053e-06
29781.14091 4.98072508679523e-06
29794.65322 4.57832027135373e-06
29808.16554 2.1658288542299e-06
29821.67785 4.05065748205387e-07
29835.19017 1.65254618250999e-06
29848.70248 5.83765226332853e-06
29862.21479 4.224883914189e-06
29875.72711 3.17555152381804e-06
29889.23942 2.64662757417792e-06
29902.75174 2.94301664197392e-06
29916.26405 4.29145247432348e-06
29929.77637 4.64200446357924e-06
29943.28868 4.48793541821993e-06
29956.801 4.61966171123961e-06
29970.31331 4.94012664636295e-06
29983.82562 4.17288184102476e-06
29997.33794 1.78832510420405e-06
30010.85025 1.98915221011764e-06
30024.36257 5.78660049027911e-06
30037.87488 7.26043555195715e-06
30051.3872 2.67421836230111e-06
30064.89951 1.9442542895467e-06
30078.41182 4.73096764496505e-08
30091.92414 1.43515474669602e-06
30105.43645 2.16079329783442e-06
30118.94877 1.19855244063298e-06
30132.46108 1.38425058009656e-06
30145.9734 1.59424400952466e-06
30159.48571 1.11628169577069e-06
30172.99803 7.38930055820211e-07
30186.51034 1.25231098748042e-06
30200.02265 1.12033567019522e-06
30213.53497 1.63744330177267e-06
30227.04728 6.86170861147173e-07
30240.5596 1.15787003339724e-06
30254.07191 1.15987966038458e-06
30267.58423 3.1316099732574e-06
30281.09654 2.94889314720572e-06
30294.60886 3.35488003405095e-06
30308.12117 2.08986921904935e-06
30321.63348 2.29865357586523e-06
30335.1458 2.70328447600155e-06
30348.65811 2.16561741288107e-06
30362.17043 2.93838199269049e-06
30375.68274 3.79021198180067e-06
30389.19506 3.23440436082121e-06
30402.70737 4.91684066257591e-06
30416.21968 2.80848841722198e-06
30429.732 2.10809142440472e-06
30443.24431 2.54112022241878e-06
30456.75663 6.82013340091766e-07
30470.26894 1.58294994829263e-06
30483.78126 2.92667298576973e-06
30497.29357 5.31614450875513e-06
30510.80589 3.84567612361206e-06
30524.3182 2.52166918688627e-06
30537.83051 5.14030572027407e-07
30551.34283 1.90409483222371e-06
30564.85514 2.37317237560933e-06
30578.36746 2.83538241403587e-06
30591.87977 1.19311206748682e-06
30605.39209 4.96064826476249e-06
30618.9044 4.13449618938981e-06
30632.41671 2.59750408942533e-06
30645.92903 2.44615162135433e-06
30659.44134 3.60522031457331e-06
30672.95366 4.05464476711353e-06
30686.46597 4.15989247762957e-06
30699.97829 4.90757447763965e-06
30713.4906 4.14205302803004e-06
30727.00292 2.78254999155598e-06
30740.51523 2.45102575354792e-06
30754.02754 2.15062669179169e-06
30767.53986 3.8969480799345e-06
30781.05217 3.3651856181401e-06
30794.56449 3.74237071255138e-06
30808.0768 4.89014227105772e-06
30821.58912 5.09007938025951e-06
30835.10143 5.18647115264102e-06
30848.61374 5.31869984764049e-06
30862.12606 5.90743744517843e-06
30875.63837 5.84455681164865e-06
30889.15069 4.1412167756608e-06
30902.663 2.11163558410314e-06
30916.17532 2.22257600863979e-06
30929.68763 2.27603132547602e-06
30943.19995 1.4846436280198e-06
30956.71226 2.0245113795662e-06
30970.22457 2.8874414301547e-06
30983.73689 2.74836317799902e-06
30997.2492 2.79492851572336e-06
31010.76152 1.80387940193909e-06
31024.27383 2.24089135161306e-06
31037.78615 1.32646740068687e-06
31051.29846 9.6221603321495e-07
31064.81078 1.72972529410699e-06
31078.32309 2.49195601383254e-06
31091.8354 4.21000740563499e-06
31105.34772 3.26519306798808e-06
31118.86003 3.83678080253208e-06
31132.37235 5.05566901293203e-06
31145.88466 4.4339560722977e-06
31159.39698 3.56443858986056e-06
31172.90929 3.44329267114027e-06
31186.4216 5.0347915320285e-06
31199.93392 4.98063426014406e-06
31213.44623 6.74334401002756e-06
31226.95855 7.47796074786603e-06
31240.47086 5.5755452174995e-06
31253.98318 1.77714136503273e-06
31267.49549 1.86992631101914e-06
31281.00781 3.08120131877329e-06
31294.52012 1.93126935236455e-06
31308.03243 1.0789939514864e-06
31321.54475 2.51185684685947e-06
31335.05706 2.75704030664175e-06
31348.56938 4.18491354951836e-06
31362.08169 4.18408184819592e-06
31375.59401 3.9641432614551e-06
31389.10632 2.81078417080643e-06
31402.61863 4.23662997469094e-06
31416.13095 3.89042731495097e-06
31429.64326 3.52173772920815e-06
31443.15558 3.13712124521119e-06
31456.66789 2.59618999615358e-06
31470.18021 4.02693568237787e-06
31483.69252 4.91250176496177e-06
31497.20484 4.80715644741219e-06
31510.71715 3.98474379700648e-06
31524.22946 3.02054597708445e-06
31537.74178 3.18699653790563e-06
31551.25409 2.0020721238686e-06
31564.76641 3.82007287180068e-06
31578.27872 2.96438030997058e-06
31591.79104 2.63740236772564e-06
31605.30335 3.74673426841065e-06
31618.81566 6.30198791650124e-06
31632.32798 5.58978327505005e-06
31645.84029 5.30752730490784e-06
31659.35261 4.93507304445056e-06
31672.86492 3.51250917093721e-06
31686.37724 4.71148248476071e-06
31699.88955 4.49794829373641e-06
31713.40187 3.55757935708101e-06
31726.91418 3.70652248498363e-06
31740.42649 2.34466675318401e-06
31753.93881 3.19214088921338e-06
31767.45112 4.45688342441941e-06
31780.96344 6.08677446379809e-06
31794.47575 4.97366928584222e-06
31807.98807 4.66269500433979e-06
31821.50038 3.63980190255367e-06
31835.0127 4.13852128239115e-06
31848.52501 4.82300790269217e-06
31862.03732 4.39114651595666e-06
31875.54964 2.45172911582955e-06
31889.06195 2.83664833115705e-06
31902.57427 4.49556286606874e-06
31916.08658 4.58723248657811e-06
31929.5989 4.32768072857973e-06
31943.11121 2.58155455345359e-06
31956.62352 2.31231494115203e-06
31970.13584 1.78389853624222e-06
31983.64815 9.72167278189652e-07
31997.16047 1.61544689568475e-06
32010.67278 2.51863638159282e-06
32024.1851 2.77295317016237e-06
32037.69741 3.15352027980108e-06
32051.20973 2.7669538218024e-06
32064.72204 7.91173712923563e-07
32078.23435 8.83133639332801e-07
32091.74667 5.32268093834882e-07
32105.25898 1.87256898108019e-06
32118.7713 2.89884653102484e-06
32132.28361 1.72634876024164e-06
32145.79593 1.81842530281798e-06
32159.30824 3.4515919056679e-06
32172.82055 3.85687611347903e-06
32186.33287 1.08414905209033e-06
32199.84518 1.22245230662271e-06
32213.3575 2.69488279281498e-06
32226.86981 1.36798896790859e-06
32240.38213 1.02557914605284e-06
32253.89444 1.36069921859638e-06
32267.40676 1.30577174002524e-06
32280.91907 6.68632097638218e-07
32294.43138 2.10602073457209e-06
32307.9437 1.66564068213236e-06
32321.45601 6.05067940928704e-07
32334.96833 4.24711764255499e-07
32348.48064 6.13427446996613e-07
32361.99296 4.54583458480978e-07
32375.50527 4.89627057443437e-07
32389.01759 1.00408055289366e-06
32402.5299 9.40518522511108e-07
32416.04221 2.1310727172808e-06
32429.55453 3.03752254454922e-06
32443.06684 2.20619646814756e-06
32456.57916 1.55645432980394e-06
32470.09147 6.85187050853389e-07
32483.60379 2.73813627157204e-08
32497.1161 5.47024011200972e-09
32510.62841 6.99921817684345e-09
32524.14073 1.35026015129534e-07
32537.65304 7.34489778556661e-07
32551.16536 8.19853602405627e-07
32564.67767 9.3717206544812e-07
32578.18999 1.34213493511083e-06
32591.7023 1.33463858515276e-06
32605.21462 1.09930845813268e-06
32618.72693 1.96037568411768e-07
32632.23924 1.19159949551645e-08
32645.75156 6.43939088615919e-08
32659.26387 3.60649498074091e-07
32672.77619 9.74029763641278e-07
32686.2885 1.49367867771753e-06
32699.80082 1.27271283359451e-06
32713.31313 4.71544018170433e-09
32726.82544 6.98795624467674e-08
32740.33776 2.62967380413853e-07
32753.85007 1.77755359501475e-08
32767.36239 4.72801851551187e-09
32780.8747 4.73127703372609e-09
32794.38702 4.73459338529778e-09
32807.89933 4.73797601920011e-09
32821.41165 1.0705763995861e-08
32834.92396 2.19231546961563e-07
32848.43627 2.63690633276009e-08
32861.94859 3.18362742842412e-08
32875.4609 3.80973709316227e-07
32888.97322 7.39184491236066e-07
32902.48553 1.80652972723671e-08
32915.99785 4.77318110740017e-09
32929.51016 2.43055976116691e-07
32943.02247 7.08041595743739e-07
32956.53479 1.14331998572431e-06
32970.0471 1.02318944955141e-06
32983.55942 4.98119202396104e-08
32997.07173 4.7987488744644e-09
33010.58405 3.80194901793904e-07
33024.09636 4.43800053323148e-07
33037.60868 5.94677593693202e-08
33051.12099 1.286916213861e-07
33064.6333 4.82687741350275e-09
33078.14562 7.92797852691835e-07
33091.65793 2.05709821563565e-08
33105.17025 4.82619332539891e-09
33118.68256 5.66791360199747e-09
33132.19488 6.87546955552651e-07
33145.70719 5.30091048045217e-08
33159.21951 5.00063531446344e-09
33172.73182 4.84844362378302e-09
33186.24413 2.2298034810576e-08
33199.75645 1.25019580380275e-06
33213.26876 1.84586177910208e-06
33226.78108 1.76948995221913e-06
33240.29339 2.87201892412131e-08
33253.80571 4.86870315377969e-09
33267.31802 9.65171488633687e-08
33280.83033 5.13918672360797e-08
33294.34265 4.87911337374155e-09
33307.85496 4.8790638033999e-09
33321.36728 5.26357811448405e-09
33334.87959 6.36316482853203e-08
33348.39191 8.76132273760542e-07
33361.90422 2.17435423812389e-08
33375.41654 6.64330824008514e-09
33388.92885 3.39698657777157e-07
33402.44116 9.59307364985656e-08
33415.95348 1.29451487845468e-06
33429.46579 5.86938069328544e-07
33442.97811 2.60683075157379e-07
33456.49042 8.38361076163668e-09
33470.00274 4.78733732083239e-09
33483.51505 4.77180513161345e-09
33497.02736 1.30730650252016e-08
33510.53968 7.1211180015987e-09
33524.05199 4.68618290031398e-09
33537.56431 5.36401025041713e-07
33551.07662 2.00034113485685e-06
33564.58894 2.01781010320998e-06
33578.10125 7.93672074891705e-07
33591.61357 5.84983064165923e-07
33605.12588 4.70836864212299e-08
33618.63819 8.22848256320778e-08
33632.15051 7.70148030055373e-07
33645.66282 9.9292555552272e-07
33659.17514 9.90996748738479e-07
33672.68745 3.56696743060162e-07
33686.19977 5.41838824576307e-09
33699.71208 2.48379219574796e-07
33713.22439 4.53341557399479e-07
33726.73671 5.05325644125193e-07
33740.24902 9.22174850741163e-07
33753.76134 1.40489907836454e-06
33767.27365 9.07070957340583e-08
33780.78597 4.77883003122611e-09
33794.29828 4.82165030789426e-09
33807.8106 2.9264751681225e-07
33821.32291 3.06449110289731e-06
33834.83522 2.45024985072212e-06
33848.34754 1.97065682601306e-06
33861.85985 1.0305812685676e-06
33875.37217 6.87102968831652e-07
33888.88448 9.14926089405647e-07
33902.3968 9.61301128257865e-07
33915.90911 2.48303171693546e-08
33929.42143 4.13709596688407e-07
33942.93374 9.36308062791384e-07
33956.44605 8.22943055552728e-08
33969.95837 5.43046667287515e-07
33983.47068 1.52148866610139e-06
33996.983 1.5186166642734e-06
34010.49531 8.70544917009748e-07
34024.00763 7.17045796183825e-07
34037.51994 5.86173107149011e-07
34051.03225 6.41717610023883e-09
34064.54457 5.15421908935887e-09
34078.05688 2.60655908870198e-07
34091.5692 2.38112608037302e-08
34105.08151 4.88066308325344e-09
34118.59383 4.87816654600692e-09
34132.10614 5.3430001777463e-09
34145.61846 3.56323136851726e-07
34159.13077 2.84859137407932e-07
34172.64308 9.36091996816836e-09
34186.1554 4.87096695423553e-09
34199.66771 5.44505041997136e-09
34213.18003 9.60866489544074e-07
34226.69234 7.11570332037916e-07
34240.20466 4.52015819947238e-07
34253.71697 7.82551491694911e-09
34267.22928 4.87598378904188e-09
34280.7416 4.87754118531818e-09
34294.25391 1.37473198043e-08
34307.76623 1.05566179626419e-08
34321.27854 2.49728497823487e-07
34334.79086 5.83335996557609e-07
34348.30317 4.87880599826708e-09
34361.81549 1.15170282501465e-08
34375.3278 3.16464988057472e-08
34388.84011 3.43079084492834e-07
34402.35243 7.11412852845616e-07
34415.86474 4.25539529637487e-07
34429.37706 7.48152550581447e-07
34442.88937 1.22050557030796e-06
34456.40169 2.74241659978933e-07
34469.914 7.18324936984442e-07
34483.42631 1.3753292585206e-06
34496.93863 1.55095290438481e-06
34510.45094 8.72209677333097e-07
34523.96326 1.81418120055176e-06
34537.47557 1.55504051381963e-06
34550.98789 5.69639817595957e-09
34564.5002 9.42824226715682e-07
34578.01252 6.82655962599125e-07
34591.52483 2.0471640463481e-06
34605.03714 3.02321371263024e-06
34618.54946 2.44307006034354e-06
34632.06177 3.4259074274286e-06
34645.57409 2.87870795146276e-06
34659.0864 1.56921016692478e-06
34672.59872 1.71288874079891e-06
34686.11103 1.72802168787685e-06
34699.62335 4.73348245474968e-06
34713.13566 4.07358366383697e-06
34726.64797 5.41464739586449e-06
34740.16029 6.24538610128893e-06
34753.6726 5.23724325962406e-06
34767.18492 5.28081290651339e-06
34780.69723 4.69595215373514e-06
34794.20955 4.45157843186265e-06
34807.72186 4.29143814221402e-06
34821.23417 4.89081973295659e-06
34834.74649 6.16971191261708e-06
34848.2588 5.9072525518343e-06
34861.77112 7.21439589399486e-06
34875.28343 8.78317640007206e-06
34888.79575 8.56022335708931e-06
34902.30806 7.2966701402779e-06
34915.82038 4.42365216373884e-06
34929.33269 4.40524968758561e-06
34942.845 5.93208180281934e-06
34956.35732 6.28309616105151e-06
34969.86963 7.99824603268261e-06
34983.38195 7.9008051076689e-06
34996.89426 7.26898027121228e-06
35010.40658 8.57871193209855e-06
35023.91889 9.4741690897222e-06
35037.4312 1.08896817704953e-05
35050.94352 9.94348116700849e-06
35064.45583 9.56512138728932e-06
35077.96815 8.59952402728874e-06
35091.48046 6.88381726411922e-06
35104.99278 1.01076243578468e-05
35118.50509 1.13887405973482e-05
35132.01741 1.24494641382935e-05
35145.52972 1.25112278512354e-05
35159.04203 1.04181772012927e-05
35172.55435 1.24642525569802e-05
35186.06666 1.13170525318825e-05
35199.57898 9.27240839380754e-06
35213.09129 1.01341372386588e-05
35226.60361 9.59963618193972e-06
35240.11592 1.12611724329748e-05
35253.62824 1.18116114102324e-05
35267.14055 1.13653547898307e-05
35280.65286 1.24516786307336e-05
35294.16518 9.15653622285669e-06
35307.67749 9.58849107363069e-06
35321.18981 1.27260776217534e-05
35334.70212 1.12336196967716e-05
35348.21444 1.07975342542521e-05
35361.72675 9.22670260815541e-06
35375.23906 1.2839413132816e-05
35388.75138 1.54946363202398e-05
35402.26369 1.41954025242869e-05
35415.77601 1.40316654420778e-05
35429.28832 1.23016699476173e-05
35442.80064 1.2958749701854e-05
35456.31295 1.43667619388955e-05
35469.82527 1.29780861749345e-05
35483.33758 1.50428821199085e-05
35496.84989 1.68556664701966e-05
35510.36221 1.69118595295495e-05
35523.87452 1.66480191696464e-05
35537.38684 1.55381550586253e-05
35550.89915 1.46622773471297e-05
35564.41147 1.63512252404521e-05
35577.92378 1.58099250016852e-05
35591.43609 1.58313325379419e-05
35604.94841 1.56498608833644e-05
35618.46072 1.60711137070742e-05
35631.97304 1.56887146536299e-05
35645.48535 1.43807971272374e-05
35658.99767 1.64439023423053e-05
35672.50998 1.60995068536722e-05
35686.0223 1.41072654696464e-05
35699.53461 1.2163559224087e-05
35713.04692 1.21388111505002e-05
35726.55924 1.44252455496583e-05
35740.07155 1.72970860467384e-05
35753.58387 1.71521552627182e-05
35767.09618 2.05072578153408e-05
35780.6085 2.12846343846743e-05
35794.12081 2.01262219601917e-05
35807.63312 2.13362272522715e-05
35821.14544 2.31286306757637e-05
35834.65775 2.4863985707248e-05
35848.17007 2.51630625748701e-05
35861.68238 2.42072285861813e-05
35875.1947 2.6194333744895e-05
35888.70701 2.5254452514997e-05
35902.21933 2.57033192710084e-05
35915.73164 2.86197621523909e-05
35929.24395 2.90910328771065e-05
35942.75627 3.27023846666572e-05
35956.26858 3.38724497154174e-05
35969.7809 3.15484525497376e-05
35983.29321 3.12255739734687e-05
35996.80553 3.12084083864176e-05
36010.31784 3.33513999570388e-05
36023.83016 3.43597363262426e-05
36037.34247 3.24615931942061e-05
36050.85478 3.56321174046482e-05
36064.3671 3.56909836924897e-05
36077.87941 3.295893362695e-05
36091.39173 3.82967307206554e-05
36104.90404 4.15080796708643e-05
36118.41636 4.08880468149849e-05
36131.92867 3.98664159345701e-05
36145.44098 3.89001458018707e-05
36158.9533 4.2580511627194e-05
36172.46561 4.65039499655575e-05
36185.97793 4.80167231678376e-05
36199.49024 5.08353605599505e-05
36213.00256 5.11698472439362e-05
36226.51487 5.36619121472206e-05
36240.02719 5.852910364476e-05
36253.5395 5.78088062552678e-05
36267.05181 5.87781617828558e-05
36280.56413 6.19084224090887e-05
36294.07644 6.18629703335969e-05
36307.58876 6.21159171689174e-05
36321.10107 5.95412286277218e-05
36334.61339 5.92719592394774e-05
36348.1257 6.26369781339971e-05
36361.63801 6.16674309222147e-05
36375.15033 6.20795710847898e-05
36388.66264 6.53227582797296e-05
36402.17496 6.65963734974944e-05
36415.68727 6.75908859306913e-05
36429.19959 6.62003505852394e-05
36442.7119 6.55743761691278e-05
36456.22422 6.90636173296351e-05
36469.73653 6.97101622892011e-05
36483.24884 7.04181339738003e-05
36496.76116 7.21147693024235e-05
36510.27347 6.94880074990734e-05
36523.78579 7.15312142536066e-05
36537.2981 7.44692187994188e-05
36550.81042 7.27619458766584e-05
36564.32273 7.57340270250253e-05
36577.83504 7.82111951544384e-05
36591.34736 7.76436925243402e-05
36604.85967 7.95692044845801e-05
36618.37199 8.1583246457648e-05
36631.8843 8.5841981780569e-05
36645.39662 9.02601331616281e-05
36658.90893 8.95774389049878e-05
36672.42125 9.15948245452789e-05
36685.93356 9.43635491324822e-05
36699.44587 9.2832704908077e-05
36712.95819 9.48232824714306e-05
36726.4705 9.8480420797462e-05
36739.98282 0.000102358116725314
36753.49513 0.000109673892556998
36767.00745 0.00011341522749926
36780.51976 0.000116162542955015
36794.03208 0.000122966018388452
36807.54439 0.000127709216404883
36821.0567 0.000133063642997281
36834.56902 0.000137721857781118
36848.08133 0.000139087406467743
36861.59365 0.000146599564881465
36875.10596 0.000153095727831973
36888.61828 0.000157022295366648
36902.13059 0.000169510225246524
36915.6429 0.000181042611460304
36929.15522 0.000187805595940679
36942.66753 0.00019650909064156
36956.17985 0.000201291114379832
36969.69216 0.00020761933819611
36983.20448 0.00022074021483357
36996.71679 0.000231650625826062
37010.22911 0.000243186369185793
37023.74142 0.000257554374353941
37037.25373 0.000269779840130731
37050.76605 0.00028495146197637
37064.27836 0.000302530123251571
37077.79068 0.000318652992706855
37091.30299 0.000336166556630189
37104.81531 0.000351620076706247
37118.32762 0.000367654595332512
37131.83993 0.000389567184542273
37145.35225 0.000409860233144881
37158.86456 0.000429930860697282
37172.37688 0.000453924784841988
37185.88919 0.000475055969905306
37199.40151 0.000497991941820126
37212.91382 0.000527349066539972
37226.42614 0.000557615087397973
37239.93845 0.000590575323122662
37253.45076 0.000624726930047403
37266.96308 0.000659071278465141
37280.47539 0.000701690983633187
37293.98771 0.000745663140508886
37307.50002 0.000785071515334732
37321.01234 0.000829492771056902
37334.52465 0.000876493747922691
37348.03696 0.000925238906064392
37361.54928 0.000983668987910381
37375.06159 0.00104177840997324
37388.57391 0.00110038377790228
37402.08622 0.00116747563115131
37415.59854 0.00123697435311992
37429.11085 0.00130848765373246
37442.62317 0.00138747608502242
37456.13548 0.00146641131481421
37469.64779 0.00154919062378879
37483.16011 0.00164063818974704
37496.67242 0.00173676436445762
37510.18474 0.0018432723062368
37523.69705 0.00195803206794292
37537.20937 0.00207303540052365
37550.72168 0.00219656979511428
37564.234 0.00232916878239896
37577.74631 0.00246565988141114
37591.25862 0.00261494671974414
37604.77094 0.00277570287427674
37618.28325 0.00294182878444441
37631.79557 0.00312002970444301
37645.30788 0.00330861528309496
37658.8202 0.00350643570595745
37672.33251 0.00372228989631062
37685.84482 0.00395085826961721
37699.35714 0.00418816966376271
37712.86945 0.00444381333432773
37726.38177 0.0047154599515785
37739.89408 0.00500163392914701
37753.4064 0.00531186420827461
37766.91871 0.0056460929275528
37780.43103 0.00599368427262547
37793.94334 0.00636425645758868
37807.45565 0.00675893832210318
37820.96797 0.0071773592803922
37834.48028 0.0076290893342931
37847.9926 0.00811039427497404
37861.50491 0.0086204538480628
37875.01723 0.00916846899934343
37888.52954 0.00974718045827818
37902.04185 0.0103587034733747
37915.55417 0.0110174213147681
37929.06648 0.0117180730158676
37942.5788 0.0124629434219083
37956.09111 0.013269446014622
37969.60343 0.0141252227770032
37983.11574 0.0150326020055857
37996.62806 0.0160127947730368
38010.14037 0.0170575559404954
38023.65268 0.0181724036692371
38037.165 0.0193779223041582
38050.67731 0.0206584721302859
38064.18963 0.0220258340874996
38077.70194 0.0234977263510565
38091.21426 0.0250611052310182
38104.72657 0.0267282594529537
38118.23889 0.0285163838820091
38131.7512 0.0304222928251062
38145.26351 0.0324592586636709
38158.77583 0.0346415076010484
38172.28814 0.0369746840729152
38185.80046 0.0394878934978437
38199.31277 0.0421397679174191
38212.82509 0.0449651999810671
38226.3374 0.0479762714306926
38239.84971 0.0511923350795132
38253.36203 0.0546118844522091
38266.87434 0.0582404434876074
38280.38666 0.0620992338304746
38293.89897 0.0661868948741476
38307.41129 0.0705085557602461
38320.9236 0.0750910114649928
38334.43592 0.0799265267493182
38347.94823 0.0850147230129717
38361.46054 0.0903833359764153
38374.97286 0.0960090587500103
38388.48517 0.10199304226817
38401.99749 0.108193802272833
38415.5098 0.114636720490532
38429.02212 0.121333910093974
38442.53443 0.128301414277825
38456.04674 0.135512253534552
38469.55906 0.142952095866367
38483.07137 0.150625336750754
38496.58369 0.15850723100382
38510.096 0.16657039771154
38523.60832 0.17481719932575
38537.12063 0.183227715813528
38550.63295 0.191759430333699
38564.14526 0.200408100649076
38577.65757 0.209340607615787
38591.16989 0.218201137507286
38604.6822 0.227058815485046
38618.19452 0.235949227631507
38631.70683 0.244805559154255
38645.21915 0.253661685954078
38658.73146 0.262497989206099
38672.24377 0.271265947729362
38685.75609 0.279978078521047
38699.2684 0.288625142998848
38712.78072 0.297166475368849
38726.29303 0.305613936091944
38739.80535 0.313971843385347
38753.31766 0.322207008859794
38766.82998 0.330311787192496
38780.34229 0.338307277648456
38793.8546 0.346157725308275
38807.36692 0.35384967248061
38820.87923 0.361419756261584
38834.39155 0.368784049139494
38847.90386 0.375956822466624
38861.41618 0.38296572269865
38874.92849 0.389764248886718
38888.44081 0.396341521485751
38901.95312 0.402722368844255
38915.46543 0.4088833496783
38928.97775 0.414803649276247
38942.49006 0.420492729057865
38956.00238 0.425945433073353
38969.51469 0.431126064590425
38983.02701 0.43655089835651
38996.53932 0.441228177037331
39010.05163 0.445576876414785
39023.56395 0.449642520866028
39037.07626 0.453449149555676
39050.58858 0.456970310831602
39064.10089 0.46023469666583
39077.61321 0.463261522097408
39091.12552 0.46604045512057
39104.63784 0.468582236143139
39118.15015 0.470913924779765
39131.66246 0.473024036573506
39145.17478 0.475180438533885
39158.68709 0.477133680988351
39172.19941 0.478632268116004
39185.71172 0.479932404531593
39199.22404 0.481085160581757
39212.73635 0.482092319885595
39226.24866 0.482959247037367
39239.76098 0.483719707276628
39253.27329 0.484387626438455
39266.78561 0.484959172646788
39280.29792 0.485448859368342
39293.81024 0.485876316907816
39307.32255 0.486219124595402
39320.83487 0.486488456098719
39334.34718 0.486722128130571
39347.85949 0.486900751571861
39361.37181 0.48703623790693
39374.88412 0.487425613548871
39388.39644 0.487807539262243
39401.90875 0.487897412533284
39415.42107 0.488048053432122
39428.93338 0.48820266953461
39442.44569 0.488347910203032
39455.95801 0.488500021022028
39469.47032 0.488656976483262
39482.98264 0.488798904786097
39496.49495 0.488945811292437
39510.00727 0.489037898366133
39523.51958 0.489106143785488
39537.0319 0.489177874728194
39550.54421 0.489263834209492
39564.05652 0.489359310683562
39577.56884 0.489459879751867
39591.08115 0.489589491257041
39604.59347 0.489734035179679
39618.10578 0.489881261908476
39631.6181 0.490034471642323
39645.13041 0.490184558534102
39658.64273 0.490325210980572
39672.15504 0.490461986263873
39685.66735 0.490596374320148
39699.17967 0.491216477643284
39712.69198 0.491390971724977
39726.2043 0.491538753344718
39739.71661 0.491685845415949
39753.22893 0.491836437816147
39766.74124 0.491992126515027
39780.25355 0.492708286599262
39793.76587 0.492846154021247
39807.27818 0.492969939693897
39820.7905 0.493077416224679
39834.30281 0.493156413390237
39847.81513 0.49322660582727
39861.32744 0.493290647705311
39874.83976 0.49334180009572
39888.35207 0.493389105498029
39901.86438 0.493436746528986
39915.3767 0.493480125248806
39928.88901 0.493519436115856
39942.40133 0.493566159679087
39955.91364 0.493602841966124
39969.42596 0.493620569370308
39982.93827 0.493630373104822
39996.45058 0.493626721186006
40009.9629 0.493600958373912
40023.47521 0.493563746739211
40036.98753 0.493525692995056
40050.49984 0.493483296619184
40064.01216 0.493447436915158
40077.52447 0.493423039163973
40091.03679 0.493396028889379
40104.5491 0.49338958498091
40118.06141 0.493429296772191
40131.57373 0.493465651983135
40145.08604 0.493486720180852
40158.59836 0.493499061436887
40172.11067 0.493507316671233
40185.62299 0.493826330331462
40199.1353 0.49407828169209
40212.64761 0.494576844257505
40226.15993 0.494526176253761
40239.67224 0.494479237250341
40253.18456 0.494448834457571
40266.69687 0.494430066790795
40280.20919 0.494403663079585
40293.7215 0.494376583542873
40307.23382 0.494345075655353
40320.74613 0.49430633690483
40334.25844 0.49426272985009
40347.77076 0.494219054928309
40361.28307 0.494169372035103
40374.79539 0.494121973297823
40388.3077 0.494089338416351
40401.82002 0.494074271677752
40415.33233 0.494123738757055
40428.84465 0.494179866732962
40442.35696 0.494243850018019
40455.86927 0.494305917697701
40469.38159 0.494367905339492
40482.8939 0.494427362900339
40496.40622 0.49448073675021
40509.91853 0.494484549025892
40523.43085 0.494474622200513
40536.94316 0.494463728699839
40550.45547 0.494440067497807
40563.96779 0.494428625207902
40577.4801 0.494432898078829
40590.99242 0.494446875658868
40604.50473 0.494724268036552
40618.01705 0.495064172805158
40631.52936 0.495089689370146
40645.04168 0.495104305398999
40658.55399 0.495120078974626
40672.0663 0.49513263762263
40685.57862 0.495139897375823
40699.09093 0.495145072204879
40712.60325 0.495217203096829
40726.11556 0.495625983295136
40739.62788 0.4959139071344
40753.14019 0.496000322112583
40766.6525 0.496091641455813
40780.16482 0.496184545476944
40793.67713 0.496279131851911
40807.18945 0.496340169615385
40820.70176 0.49635340657498
40834.21408 0.496357714775275
40847.72639 0.496357111603342
40861.23871 0.496348053658505
40874.75102 0.496330459294912
40888.26333 0.496311146456746
40901.77565 0.496294888343576
40915.28796 0.496276093150248
40928.80028 0.496264236841125
40942.31259 0.496257310609289
40955.82491 0.496250183251008
40969.33722 0.496237479733021
40982.84953 0.496225225780204
40996.36185 0.496205196745156
41009.87416 0.496124057924363
41023.38648 0.496019158955359
41036.89879 0.496301968718779
41050.41111 0.49635754619944
41063.92342 0.496225507473668
41077.43574 0.496101229121299
41090.94805 0.4959808227356
41104.46036 0.495883406771252
41117.97268 0.495831418914557
41131.48499 0.495787782946871
41144.99731 0.495740359552931
41158.50962 0.495686005553164
41172.02194 0.495628656559444
41185.53425 0.495869410391718
41199.04657 0.496044104819933
41212.55888 0.495973757818956
41226.07119 0.495904044165469
41239.58351 0.495836353257192
41253.09582 0.495778314344393
41266.60814 0.495732597263446
41280.12045 0.495697730957178
41293.63277 0.495669511373772
41307.14508 0.495620833676262
41320.65739 0.495552342065211
41334.16971 0.495488933961204
41347.68202 0.495427841607968
41361.19434 0.495369060509826
41374.70665 0.49531020202112
41388.21897 0.495251848022752
41401.73128 0.495216923631826
41415.2436 0.495300651091197
41428.75591 0.495394463448988
41442.26822 0.495504721222434
41455.78054 0.495641975472313
41469.29285 0.495795082084119
41482.80517 0.496528455545057
41496.31748 0.496703244796899
41509.8298 0.496837989740855
41523.34211 0.496958688472702
41536.85442 0.497088476155196
41550.36674 0.497223680187061
41563.87905 0.49735839011503
41577.39137 0.49749055658141
41590.90368 0.497633348776461
41604.416 0.498033260308821
41617.92831 0.498506430725721
41631.44063 0.498678141966487
41644.95294 0.498858366088845
41658.46525 0.499046669614165
41671.97757 0.499234818196739
41685.48988 0.499419521493854
41699.0022 0.49959711087959
41712.51451 0.499763851390792
41726.02683 0.499911728624417
41739.53914 0.500048179070294
41753.05146 0.500169290930919
41766.56377 0.500276196252605
41780.07608 0.500371667286642
41793.5884 0.500462750274063
41807.10071 0.500537111284056
41820.61303 0.50059902370404
41834.12534 0.500651807454428
41847.63766 0.500693771379609
41861.14997 0.500716422439525
41874.66228 0.500711007558627
41888.1746 0.500679440891251
41901.68691 0.500616741040404
41915.19923 0.500519569195707
41928.71154 0.500400651288945
41942.22386 0.500828402824725
41955.73617 0.500660736539381
41969.24849 0.500477709319822
41982.7608 0.500284413361015
41996.27311 0.500078144660146
42009.78543 0.499846092833091
42023.29774 0.499603616170092
42036.81006 0.499723771683095
42050.32237 0.499627825015499
42063.83469 0.499336304706747
42077.347 0.499035578609458
42090.85931 0.498715381608345
42104.37163 0.498379951644323
42117.88394 0.498038844724347
42131.39626 0.497697148698452
42144.90857 0.497349763574703
42158.42089 0.496999719772934
42171.9332 0.496652014094565
42185.44552 0.496311335230649
42198.95783 0.495964036374728
42212.47014 0.495605895052297
42225.98246 0.495248960971586
42239.49477 0.494890457158552
42253.00709 0.494516240438685
42266.5194 0.494125945227828
42280.03172 0.493715416528699
42293.54403 0.493278679597935
42307.05634 0.492816598328605
42320.56866 0.492344842643861
42334.08097 0.491855121108242
42347.59329 0.491329330912153
42361.1056 0.490768104645095
42374.61792 0.490180271726492
42388.13023 0.489549675755225
42401.64255 0.48886609525766
42415.15486 0.488124040473939
42428.66717 0.487809123377517
42442.17949 0.486993506299851
42455.6918 0.485973419558073
42469.20412 0.484843110423257
42482.71643 0.484127425729383
42496.22875 0.482745139819747
42509.74106 0.481156613574051
42523.25338 0.479423537304812
42536.76569 0.477526406858527
42550.278 0.475449729625946
42563.79032 0.473143460581974
42577.30263 0.470618184078455
42590.81495 0.467874592538887
42604.32726 0.464620097795736
42617.83958 0.460523780340364
42631.35189 0.456098416078397
42644.8642 0.451404998252747
42658.37652 0.446447087865322
42671.88883 0.441231056494134
42685.40115 0.435654650489806
42698.91346 0.42977232232436
42712.42578 0.423256321277435
42725.93809 0.41646812210915
42739.45041 0.409376806768736
42752.96272 0.40196214471096
42766.47503 0.394332048370495
42779.98735 0.386498025406175
42793.49966 0.378431346588429
42807.01198 0.371508055432606
42820.52429 0.365712980876538
42834.03661 0.359658443737185
42847.54892 0.353353498680605
42861.06123 0.346633830862449
42874.57355 0.33971216168616
42888.08586 0.332606939632982
42901.59818 0.325161281078605
42915.11049 0.316208900809864
42928.62281 0.3072083402512
42942.13512 0.298602851830946
42955.64744 0.289850024186911
42969.15975 0.280773247402707
42982.67206 0.271722538702826
42996.18438 0.262745914819261
43009.69669 0.253825821786953
43023.20901 0.244950777123339
43036.72132 0.236183114929687
43050.23364 0.227566096207948
43063.74595 0.219107041533819
43077.25826 0.210791714712014
43090.77058 0.202648383646911
43104.28289 0.194701314648788
43117.79521 0.186952670179071
43131.30752 0.179395163775547
43144.81984 0.172040416961174
43158.33215 0.164896055895363
43171.84447 0.157961368433751
43185.35678 0.151228978595651
43198.86909 0.144704375764363
43212.38141 0.138392550103776
43225.89372 0.132288926646325
43239.40604 0.126389660184023
43252.91835 0.120696698241573
43266.43067 0.115205026110181
43279.94298 0.10991319162892
43293.4553 0.104818048401777
43306.96761 0.0999149034830502
43320.47992 0.0951952793723183
43333.99224 0.0906585845132148
43347.50455 0.0863040591377729
43361.01687 0.0821245541589049
43374.52918 0.078109864155232
43388.0415 0.0742578959609403
43401.55381 0.0705694207012393
43415.06612 0.0670344460973546
43428.57844 0.0636449953999672
43442.09075 0.0603994646219585
43455.60307 0.0573388554752974
43469.11538 0.0544085434741964
43482.6277 0.0515816399333998
43496.14001 0.0488804825989675
43509.65233 0.0463109035008403
43523.16464 0.0439113842025576
43536.67695 0.0415728560102188
43550.18927 0.0393432801030462
43563.70158 0.0372295924953992
43577.2139 0.0352160756026272
43590.72621 0.0332987335074457
43604.23853 0.0314731524700874
43617.75084 0.0297517890431595
43631.26315 0.0281151854037712
43644.77547 0.0265596364405581
43658.28778 0.0250803068963115
43671.8001 0.0236903052150868
43685.31241 0.0223709743011767
43698.82473 0.0211183722816126
43712.33704 0.0199292444990429
43725.84936 0.0188137866997693
43739.36167 0.0177565859080728
43752.87398 0.0167531341181071
43766.3863 0.0158067360184587
43779.89861 0.0149223945302084
43793.41093 0.0140847559462143
43806.92324 0.0132853876761673
43820.43556 0.0125293963700389
43833.94787 0.0118228935119959
43847.46018 0.0111570958363858
43860.9725 0.0105218292920937
43874.48481 0.00992634304733616
43887.99713 0.00936926700387329
43901.50944 0.00884595997492946
43915.02176 0.00834468615298354
43928.53407 0.00787809396775385
43942.04639 0.00744120401953737
43955.5587 0.00703107481061925
43969.07101 0.00663373476392035
43982.58333 0.00626560418178318
43996.09564 0.00592265419746135
44009.60796 0.00560161147202468
44023.12027 0.00529132062219058
44036.63259 0.00500303703818602
44050.1449 0.00473623173274677
44063.65722 0.00448797418531691
44077.16953 0.00424128941246123
44090.68184 0.00400994699930184
44104.19416 0.00379946535249045
44117.70647 0.0036021083892645
44131.21879 0.0034132481350392
44144.7311 0.00323706871941333
44158.24342 0.00307544402781474
44171.75573 0.00291856288284002
44185.26804 0.00276732745811386
44198.78036 0.00262171462594449
44212.29267 0.0024947587027844
44225.80499 0.00237117014746004
44239.3173 0.0022512556863587
44252.82962 0.00213531258499553
44266.34193 0.00203242340775445
44279.85425 0.00193398374250193
44293.36656 0.00183716213931691
44306.87887 0.00174622061982092
44320.39119 0.00166436641393453
44333.9035 0.00158796528948443
44347.41582 0.00150989661200605
44360.92813 0.00143820840809338
44374.44045 0.00137265199685994
44387.95276 0.00131324416128805
44401.46507 0.00124912792229217
44414.97739 0.00119093219839242
44428.4897 0.00113778600447867
44442.00202 0.00108862316885585
44455.51433 0.00103470113653848
44469.02665 0.000984373122436112
44482.53896 0.000941739466229583
44496.05128 0.000905823653555458
44509.56359 0.000868230873690703
44523.0759 0.000829880031027799
44536.58822 0.000797405825421827
44550.10053 0.000764747973182467
44563.61285 0.000731131521211054
44577.12516 0.00069476063676857
44590.63748 0.000665992439004449
44604.14979 0.000638204646885631
44617.66211 0.000610196490314397
44631.17442 0.000581704233571316
44644.68673 0.000560477396395513
44658.19905 0.000542951184409178
44671.71136 0.000521816190545027
44685.22368 0.000497743262914273
44698.73599 0.000475362070632798
44712.24831 0.000457282786700603
44725.76062 0.000435071714559078
44739.27293 0.000415084340993598
44752.78525 0.000398087291757795
44766.29756 0.00039102235164248
44779.80988 0.000379019192767382
44793.32219 0.000363998764287581
44806.83451 0.000348792675673982
44820.34682 0.000337977983763713
44833.85914 0.000326313999804189
44847.37145 0.000310449561537301
44860.88376 0.000297555617305574
44874.39608 0.000287367512278823
44887.90839 0.000279790424805996
44901.42071 0.000264510039077136
44914.93302 0.000251651681206128
44928.44534 0.00024093054518964
44941.95765 0.000233301390963343
44955.46996 0.000223270940346112
44968.98228 0.000214261341108853
44982.49459 0.00021029848567171
44996.00691 0.000205624173938672
45009.51922 0.000198742061570914
45023.03154 0.000188638079681356
45036.54385 0.00018520550286764
45050.05617 0.00018110897277667
45063.56848 0.000175453825208804
45077.08079 0.000163951095901395
45090.59311 0.000157010568686072
45104.10542 0.000152827898473623
45117.61774 0.000146684881278099
45131.13005 0.000139358338930867
45144.64237 0.000133320951008132
45158.15468 0.000131704271066407
45171.66699 0.000123821925071184
45185.17931 0.000112787682338139
45198.69162 0.000104624803507222
45212.20394 0.000103602434702227
45225.71625 0.00010225910096167
45239.22857 9.83541801489434e-05
45252.74088 9.38096867521754e-05
45266.2532 9.14983344905022e-05
45279.76551 9.17962723743441e-05
45293.27782 8.68275565788851e-05
45306.79014 8.27495276414168e-05
45320.30245 7.97966465627552e-05
45333.81477 8.15782828123268e-05
45347.32708 7.93404210336768e-05
45360.8394 7.47782931024092e-05
45374.35171 7.01491475377522e-05
45387.86403 6.8770414840127e-05
45401.37634 6.81995474876946e-05
45414.88865 6.46413484042259e-05
45428.40097 6.15381403315882e-05
45441.91328 5.90409266256431e-05
45455.4256 5.77450068493436e-05
45468.93791 5.48269939515108e-05
45482.45023 5.29170960737552e-05
45495.96254 5.32821797688085e-05
45509.47485 5.24435960320128e-05
45522.98717 4.96761552162921e-05
45536.49948 4.56339512277707e-05
45550.0118 4.54264870636482e-05
45563.52411 4.60983862582649e-05
45577.03643 4.50302634897439e-05
45590.54874 3.94361689555475e-05
45604.06106 3.71831924219832e-05
45617.57337 3.82238404142385e-05
45631.08568 3.86654017939192e-05
45644.598 3.708927496047e-05
45658.11031 3.36212666419377e-05
45671.62263 3.28686543004171e-05
45685.13494 3.18807886121129e-05
45698.64726 3.10893890516984e-05
45712.15957 2.90975148157362e-05
45725.67188 2.8286243268689e-05
45739.1842 2.85230588304635e-05
45752.69651 2.69952103545801e-05
45766.20883 2.52892501580434e-05
45779.72114 2.33861882725769e-05
45793.23346 2.36399637056418e-05
45806.74577 2.27283345935419e-05
45820.25809 2.07238469352961e-05
45833.7704 1.71486704521408e-05
45847.28271 1.56186689141519e-05
45860.79503 1.55551316360662e-05
45874.30734 1.41878322181276e-05
45887.81966 1.37111153566239e-05
45901.33197 1.40717578887747e-05
45914.84429 1.53221009327542e-05
45928.3566 1.51221289587398e-05
45941.86891 1.43170429055929e-05
45955.38123 1.29596991304261e-05
45968.89354 1.28384276062727e-05
45982.40586 1.32000893286821e-05
45995.91817 1.18650572166253e-05
46009.43049 1.11285019659182e-05
46022.9428 1.09939621793809e-05
46036.45512 1.02051076833261e-05
46049.96743 8.7377804827837e-06
46063.47974 7.0041344574896e-06
46076.99206 7.94453257290073e-06
46090.50437 9.34549878936818e-06
46104.01669 1.081582073722e-05
46117.529 1.01804005195695e-05
46131.04132 1.14407590169855e-05
46144.55363 1.47973277055286e-05
46158.06595 1.59677339271828e-05
46171.57826 1.50964650927807e-05
46185.09057 1.31342983313146e-05
46198.60289 1.17473948897504e-05
46212.1152 1.04555860519642e-05
46225.62752 9.73795945716768e-06
46239.13983 1.02757466127262e-05
46252.65215 1.12046002445535e-05
46266.16446 1.27047533815799e-05
46279.67677 1.16110900087062e-05
46293.18909 9.43148117055772e-06
46306.7014 7.16850482005325e-06
46320.21372 6.74392152370922e-06
46333.72603 7.4757086963484e-06
46347.23835 6.72905117214783e-06
46360.75066 6.22093752084235e-06
46374.26298 6.63281894504191e-06
46387.77529 8.25301880977072e-06
46401.2876 9.56870481513814e-06
46414.79992 1.04402615274993e-05
46428.31223 1.17957904541545e-05
46441.82455 1.29724570112367e-05
46455.33686 1.32473296968339e-05
46468.84918 9.63343058724714e-06
46482.36149 7.21637022432181e-06
46495.8738 5.98418191273072e-06
46509.38612 6.82366340536435e-06
46522.89843 7.65477914887593e-06
46536.41075 7.10335586446629e-06
46549.92306 6.5584425420165e-06
46563.43538 6.11528497311562e-06
46576.94769 6.06883811826691e-06
46590.46001 6.17803551348332e-06
46603.97232 6.7082247002109e-06
46617.48463 9.03239715764707e-06
46630.99695 1.13934669905574e-05
46644.50926 1.32558101981912e-05
46658.02158 1.26324626708467e-05
46671.53389 1.20607238995693e-05
46685.04621 1.15581590580033e-05
46698.55852 1.01833406203872e-05
46712.07083 8.97300489924408e-06
46725.58315 7.99835428811777e-06
46739.09546 8.24183576763352e-06
46752.60778 8.8198824456644e-06
46766.12009 8.79723910337301e-06
46779.63241 8.51224620889277e-06
46793.14472 8.07364732257051e-06
46806.65704 8.65775398874611e-06
46820.16935 8.65653602195854e-06
46833.68166 8.21135667657728e-06
46847.19398 7.33279390778028e-06
46860.70629 6.69199129304826e-06
46874.21861 6.44266452951609e-06
46887.73092 6.09673218217362e-06
46901.24324 7.06281015347837e-06
46914.75555 8.91700191462563e-06
46928.26787 1.05980574244301e-05
46941.78018 1.20423590974449e-05
46955.29249 1.09480141678689e-05
46968.80481 1.01422596135799e-05
46982.31712 9.78436212142172e-06
46995.82944 1.00634619288144e-05
47009.34175 9.95843623742744e-06
47022.85407 9.30905135750292e-06
47036.36638 8.99545540696151e-06
47049.87869 9.26142694819922e-06
47063.39101 9.01154778711686e-06
47076.90332 8.62039773183473e-06
47090.41564 8.59707787646051e-06
47103.92795 9.24942185128927e-06
47117.44027 9.18178706445987e-06
47130.95258 8.34891858770937e-06
47144.4649 7.10144121329702e-06
47157.97721 7.59439549028184e-06
47171.48952 9.58567221067162e-06
47185.00184 9.95966114816969e-06
47198.51415 9.83746821290604e-06
47212.02647 8.93019895149097e-06
47225.53878 9.53054288210318e-06
47239.0511 1.09176720317871e-05
47252.56341 1.07600504867313e-05
47266.07572 9.95483840412724e-06
47279.58804 8.55181687590975e-06
47293.10035 8.51369580841359e-06
47306.61267 8.84709719462648e-06
47320.12498 8.50931209215736e-06
47333.6373 7.88772120741754e-06
47347.14961 7.31567291139835e-06
47360.66193 8.40072011090189e-06
47374.17424 9.44896709795149e-06
47387.68655 1.03774955649004e-05
47401.19887 1.09107426817169e-05
47414.71118 1.13050502764499e-05
47428.2235 1.14941323421191e-05
47441.73581 1.08239822106372e-05
47455.24813 9.48776813427612e-06
47468.76044 7.79446623859111e-06
47482.27276 6.41829699649582e-06
47495.78507 5.35003302146065e-06
47509.29738 4.23816497879948e-06
47522.8097 3.84191913032951e-06
47536.32201 4.35096450529997e-06
47549.83433 4.87913552299149e-06
47563.34664 5.31534510258334e-06
47576.85896 5.09296271635648e-06
47590.37127 5.11413407864623e-06
47603.88358 5.44324119765527e-06
47617.3959 4.93029922612212e-06
47630.90821 3.65346560709792e-06
47644.42053 2.22679647824813e-06
47657.93284 2.03164300668981e-06
47671.44516 2.93919557973575e-06
47684.95747 4.188560909679e-06
47698.46979 4.83200740080937e-06
47711.9821 4.09860360186817e-06
47725.49441 3.32749623997843e-06
47739.00673 3.82009420266555e-06
47752.51904 2.81706650045182e-06
47766.03136 2.89291194691168e-06
47779.54367 2.59358122987159e-06
47793.05599 1.94969987962122e-06
47806.5683 1.79386660750368e-06
47820.08061 1.15481495146187e-06
47833.59293 6.61184858502816e-07
47847.10524 7.81966435177891e-07
47860.61756 1.34813217963249e-06
47874.12987 3.30805235957164e-06
47887.64219 3.81307142294202e-06
47901.1545 4.43617642508946e-06
47914.66682 4.38596482757301e-06
47928.17913 4.0874642602936e-06
47941.69144 3.76828782266104e-06
47955.20376 3.04774654699674e-06
47968.71607 2.9082674448146e-06
47982.22839 2.97239372461755e-06
47995.7407 3.60418230656405e-06
48009.25302 4.63678344435325e-06
48022.76533 5.30076193600216e-06
48036.27764 6.18631051000162e-06
48049.78996 7.26492297389428e-06
48063.30227 6.97481663480504e-06
48076.81459 6.1928624704108e-06
48090.3269 4.9285255382111e-06
48103.83922 4.53165608782389e-06
48117.35153 4.43107923042576e-06
48130.86385 3.47309550662512e-06
48144.37616 1.26454864029118e-06
48157.88847 1.14999670307756e-06
48171.40079 1.92750126954158e-06
48184.9131 4.52116475356807e-06
48198.42542 6.29199527667338e-06
48211.93773 8.43474314257964e-06
48225.45005 9.39935722303607e-06
48238.96236 9.62867798745199e-06
48252.47468 1.01635015961188e-05
48265.98699 9.40407930498795e-06
48279.4993 8.57477640848471e-06
48293.01162 7.58631664467285e-06
48306.52393 7.33693945800193e-06
48320.03625 7.10306855199874e-06
48333.54856 6.20237614226694e-06
48347.06088 5.98782668290157e-06
48360.57319 6.29829725019647e-06
48374.0855 7.07361214993739e-06
48387.59782 8.42540360513614e-06
48401.11013 8.51485468571494e-06
48414.62245 9.59774267093574e-06
48428.13476 1.08080120672874e-05
48441.64708 1.27194982736488e-05
48455.15939 1.53868468735275e-05
48468.67171 1.35648998246561e-05
48482.18402 1.23685262486746e-05
48495.69633 1.20377484423958e-05
48509.20865 1.19363425453682e-05
48522.72096 1.20820335380505e-05
48536.23328 9.73158201254848e-06
48549.74559 9.05158137422845e-06
48563.25791 9.82769281129313e-06
48576.77022 1.10888135122529e-05
48590.28253 1.37954034840336e-05
48603.79485 1.15371100418444e-05
48617.30716 9.76868516914425e-06
48630.81948 9.30763555301042e-06
48644.33179 9.17613332090339e-06
48657.84411 9.58186997585772e-06
48671.35642 7.46756780583408e-06
48684.86874 7.62722653482783e-06
48698.38105 9.0658271896324e-06
48711.89336 1.02396990412477e-05
48725.40568 1.13756895244853e-05
48738.91799 1.00924098409465e-05
48752.43031 1.01788190624776e-05
48765.94262 1.11229919962182e-05
48779.45494 1.17608698785827e-05
48792.96725 1.19331061745628e-05
48806.47956 1.1514239228787e-05
48819.99188 1.11877817397705e-05
48833.50419 1.17187274934672e-05
48847.01651 1.21049206013969e-05
48860.52882 1.09330465059139e-05
48874.04114 1.0158606960834e-05
48887.55345 1.02189899857165e-05
48901.06577 1.30850855958219e-05
48914.57808 1.59178370957241e-05
48928.09039 1.64045399268905e-05
48941.60271 1.58690412970037e-05
48955.11502 1.50687701019112e-05
48968.62734 1.54174691585847e-05
48982.13965 1.5658588270195e-05
48995.65197 1.31300669688429e-05
49009.16428 1.08491299453681e-05
49022.6766 9.22172487071332e-06
49036.18891 9.48954862171825e-06
49049.70122 1.03823754873839e-05
49063.21354 9.90099776864985e-06
49076.72585 1.04459377557583e-05
49090.23817 1.08801593683754e-05
49103.75048 1.15770621104536e-05
49117.2628 1.36060741829947e-05
49130.77511 1.47504858910507e-05
49144.28742 1.55691708276658e-05
49157.79974 1.58046842505907e-05
49171.31205 1.54117776815651e-05
49184.82437 1.61236851212313e-05
49198.33668 1.55805654907913e-05
49211.849 1.44665184104849e-05
49225.36131 1.41991218478118e-05
49238.87363 1.45586945915026e-05
49252.38594 1.40740567478938e-05
49265.89825 1.37501444697984e-05
49279.41057 1.29784057302504e-05
49292.92288 1.39363636079308e-05
49306.4352 1.58214706841243e-05
49319.94751 1.66056179080089e-05
49333.45983 1.78974860333899e-05
49346.97214 1.77299874714378e-05
49360.48445 1.85034448354921e-05
49373.99677 2.06056451701395e-05
49387.50908 2.02755704864024e-05
49401.0214 2.00694188388133e-05
49414.53371 1.84362872348628e-05
49428.04603 1.75302522912828e-05
49441.55834 1.76506611393754e-05
49455.07066 1.66851128558741e-05
49468.58297 1.49853396193279e-05
49482.09528 1.35017864830142e-05
49495.6076 1.28120075257167e-05
49509.11991 1.43559691365564e-05
49522.63223 1.63509905992749e-05
49536.14454 1.57731663840631e-05
49549.65686 1.53955060576418e-05
49563.16917 1.556174268005e-05
49576.68148 1.7216311370584e-05
49590.1938 1.91414993793016e-05
49603.70611 1.8675205411658e-05
49617.21843 1.84394566192772e-05
49630.73074 1.80160584012395e-05
49644.24306 1.77094274286502e-05
49657.75537 1.82084105137934e-05
49671.26769 1.63347767704797e-05
49684.78 1.47705662334125e-05
49698.29231 1.41776971383586e-05
49711.80463 1.43757585725215e-05
49725.31694 1.52797138139614e-05
49738.82926 1.48081692959339e-05
49752.34157 1.36348670962918e-05
49765.85389 1.45183538348323e-05
49779.3662 1.61540439081976e-05
49792.87852 1.77218044744204e-05
49806.39083 1.93798066085886e-05
49819.90314 1.73853522910349e-05
49833.41546 1.60936502388106e-05
49846.92777 1.51572637081135e-05
49860.44009 1.41584794300586e-05
49873.9524 1.37743033916744e-05
49887.46472 1.24099208200563e-05
49900.97703 1.15903240584818e-05
49914.48934 1.19198965504182e-05
49928.00166 1.21387689990082e-05
49941.51397 1.192249262446e-05
49955.02629 1.22225380570708e-05
49968.5386 1.26520199384588e-05
49982.05092 1.41291568847409e-05
49995.56323 1.64454745100049e-05
50009.07555 1.51215183082331e-05
50022.58786 1.4096546416425e-05
50036.10017 1.24557311736133e-05
50049.61249 1.22330414359211e-05
50063.1248 1.36536323407394e-05
50076.63712 1.41419480141495e-05
50090.14943 1.41311937084123e-05
50103.66175 1.37089913192241e-05
50117.17406 1.34034594957359e-05
50130.68637 1.43014138857162e-05
50144.19869 1.51474439011866e-05
50157.711 1.49466116639531e-05
50171.22332 1.52625089262484e-05
50184.73563 1.61003862122881e-05
50198.24795 1.66923166683546e-05
50211.76026 1.70622180523172e-05
50225.27258 1.40838105171673e-05
50238.78489 1.20951928732007e-05
50252.2972 1.21071965010737e-05
50265.80952 1.28351992829325e-05
50279.32183 1.50022953245274e-05
50292.83415 1.72607393863355e-05
50306.34646 1.73002256262022e-05
50319.85878 1.69171122186224e-05
50333.37109 1.6309801584298e-05
50346.88341 1.49755570353996e-05
50360.39572 1.38565340133427e-05
50373.90803 1.31500860249373e-05
50387.42035 1.3420153234317e-05
50400.93266 1.62468780368975e-05
50414.44498 1.85203744084147e-05
50427.95729 1.91371926882476e-05
50441.46961 1.82713934938223e-05
50454.98192 1.66853300655035e-05
50468.49423 1.70932895255576e-05
50482.00655 1.81021828661586e-05
50495.51886 1.69235832181711e-05
50509.03118 1.61003370624558e-05
50522.54349 1.42948828722309e-05
50536.05581 1.37919673611793e-05
50549.56812 1.5304796816257e-05
50563.08044 1.66135333449202e-05
50576.59275 1.74998684272649e-05
50590.10506 1.79508399525326e-05
50603.61738 1.82157209439209e-05
50617.12969 1.91879036331197e-05
50630.64201 2.03571489731995e-05
50644.15432 1.84514360964395e-05
50657.66664 1.68554738880411e-05
50671.17895 1.5645878671059e-05
50684.69126 1.57930901399463e-05
50698.20358 1.75483508528498e-05
50711.71589 1.7790771069602e-05
50725.22821 1.68252831435419e-05
50738.74052 1.53085616003015e-05
50752.25284 1.42676702822514e-05
50765.76515 1.40038370752456e-05
50779.27747 1.4293652213525e-05
50792.78978 1.17974733427678e-05
50806.30209 9.91841703637279e-06
50819.81441 9.70868269191493e-06
50833.32672 1.04945317589057e-05
50846.83904 1.30690705316493e-05
50860.35135 1.48012763846765e-05
50873.86367 1.4893928715193e-05
50887.37598 1.45218857986284e-05
50900.88829 1.42549831069594e-05
50914.40061 1.43195414540615e-05
50927.91292 1.51172968750054e-05
50941.42524 1.52554151613783e-05
50954.93755 1.55530225160695e-05
50968.44987 1.65471330742892e-05
50981.96218 1.75801101407111e-05
50995.4745 1.74535279470739e-05
