"wave" "response"
20004.66386 2.86986065200844e-12
20020.74478 2.93382241836091e-12
20036.8257 3.27621802301148e-12
20052.90662 2.58055707431795e-12
20068.98754 2.24010088681687e-12
20085.06846 2.25700452128874e-12
20101.14938 2.17697160391035e-12
20117.2303 1.76474188698162e-12
20133.31122 1.44050374557179e-12
20149.39214 1.18629769709658e-12
20165.47306 1.13132393638033e-12
20181.55398 1.31232981049724e-12
20197.6349 1.40819610232228e-12
20213.71582 1.21392694324193e-12
20229.79674 1.14978922724207e-12
20245.87766 1.21557327234053e-12
20261.95858 9.54880235825283e-13
20278.03949 7.96105926611722e-13
20294.12041 8.66339526149424e-13
20310.20133 1.27499320657496e-12
20326.28225 1.46385832654683e-12
20342.36317 1.15473385744831e-12
20358.44409 8.67645458049243e-13
20374.52501 7.12088523565843e-13
20390.60593 6.95504333876348e-13
20406.68685 7.83913911037701e-13
20422.76777 8.64084148424603e-13
20438.84869 9.52296946018623e-13
20454.92961 1.05505826057999e-12
20471.01053 1.24745519590368e-12
20487.09145 1.11537316195041e-12
20503.17237 8.55500874722846e-13
20519.25329 8.7077916882142e-13
20535.33421 1.23325294143893e-12
20551.41513 7.49441297391148e-13
20567.49605 8.48959886742076e-13
20583.57697 9.14390001073096e-13
20599.65788 9.37465742530129e-13
20615.7388 9.85348816635802e-13
20631.81972 9.71089533976115e-13
20647.90064 1.12798149298226e-12
20663.98156 1.53487541101904e-12
20680.06248 2.51576878428075e-12
20696.1434 3.25227307355081e-12
20712.22432 2.44126926539342e-12
20728.30524 1.59602990260511e-12
20744.38616 2.02042104694036e-12
20760.46708 3.36843185078077e-12
20776.548 4.31241885540575e-12
20792.62892 3.96520290533214e-12
20808.70984 4.5261641911493e-12
20824.79076 5.6259860823349e-12
20840.87168 8.21678419638217e-12
20856.9526 8.1472284479636e-12
20873.03352 8.37370985427244e-12
20889.11444 9.16053512420394e-12
20905.19536 1.1112503553187e-11
20921.27627 1.30163846253622e-11
20937.35719 1.60301719313855e-11
20953.43811 1.32936267112324e-11
20969.51903 1.1391041811038e-11
20985.59995 1.68639448524644e-11
21001.68087 3.07752447018815e-11
21017.76179 3.24049550450389e-11
21033.84271 2.97682385879314e-11
21049.92363 2.71953280652725e-11
21066.00455 2.52909545683585e-11
21082.08547 2.54438568984222e-11
21098.16639 3.18172302534156e-11
21114.24731 3.92531590841967e-11
21130.32823 3.63167514964857e-11
21146.40915 3.744064240844e-11
21162.49007 3.62578025003882e-11
21178.57099 4.0112855932924e-11
21194.65191 3.75162402055437e-11
21210.73283 4.09550925844992e-11
21226.81375 4.98298780023988e-11
21242.89466 6.51145956964378e-11
21258.97558 5.67705820809304e-11
21275.0565 4.3282858138035e-11
21291.13742 4.1319736370328e-11
21307.21834 5.24048476187882e-11
21323.29926 7.18610758521775e-11
21339.38018 6.03200026972748e-11
21355.4611 5.45972092190678e-11
21371.54202 5.79915517097469e-11
21387.62294 6.66325990316008e-11
21403.70386 6.21002437014322e-11
21419.78478 6.77245405026623e-11
21435.8657 6.25373818727769e-11
21451.94662 5.42793564763288e-11
21468.02754 4.63789047037143e-11
21484.10846 4.12521411830239e-11
21500.18938 4.74461707311777e-11
21516.2703 5.06354740951171e-11
21532.35122 6.11671030993584e-11
21548.43214 7.5028011612361e-11
21564.51305 1.15014349507975e-10
21580.59397 6.69842359142379e-11
21596.67489 4.49170059696745e-11
21612.75581 4.35837820139999e-11
21628.83673 5.41313549876556e-11
21644.91765 6.41084715044418e-11
21660.99857 6.98478188971868e-11
21677.07949 9.29546127254677e-11
21693.16041 9.69773981712357e-11
21709.24133 1.04189409088632e-10
21725.32225 1.22088213692782e-10
21741.40317 1.48193103969858e-10
21757.48409 1.31849988579347e-10
21773.56501 1.17730586604368e-10
21789.64593 1.19952202044667e-10
21805.72685 1.32708576634823e-10
21821.80777 1.37185673508175e-10
21837.88869 8.07998203496085e-11
21853.96961 6.42350543327038e-11
21870.05053 6.47489098857856e-11
21886.13145 8.97389776342068e-11
21902.21236 1.61453224266942e-10
21918.29328 1.91034743859714e-10
21934.3742 2.33737538204532e-10
21950.45512 2.50733332085891e-10
21966.53604 2.74836048985127e-10
21982.61696 2.8355635358165e-10
21998.69788 2.95716858991699e-10
22014.7788 2.52405481766946e-10
22030.85972 2.36818103138605e-10
22046.94064 2.46451202953695e-10
22063.02156 3.10067068608902e-10
22079.10248 4.1511404243504e-10
22095.1834 4.16393441916102e-10
22111.26432 4.03584486563285e-10
22127.34524 4.36567075707438e-10
22143.42616 5.37851810753737e-10
22159.50708 7.51978464479222e-10
22175.588 7.44283112002893e-10
22191.66892 8.33483403440427e-10
22207.74984 9.84782382992326e-10
22223.83075 1.24657835871776e-09
22239.91167 1.67043769294941e-09
22255.99259 2.24980343559734e-09
22272.07351 2.93136315936454e-09
22288.15443 2.9172106074299e-09
22304.23535 2.93084007518466e-09
22320.31627 2.91458884906702e-09
22336.39719 3.03641588666426e-09
22352.47811 2.79202891677208e-09
22368.55903 2.24256419733617e-09
22384.63995 2.1513096555207e-09
22400.72087 2.6618819834929e-09
22416.80179 3.64479221818282e-09
22432.88271 4.35244615383953e-09
22448.96363 3.98800750608709e-09
22465.04455 4.11541107916871e-09
22481.12547 4.83406667752e-09
22497.20639 6.11927443113317e-09
22513.28731 6.63843268978992e-09
22529.36823 7.03173672643116e-09
22545.44914 7.53375903047924e-09
22561.53006 7.56031826484351e-09
22577.61098 8.03922044653935e-09
22593.6919 1.0803647858254e-08
22609.77282 1.60254150334697e-08
22625.85374 1.9913528520458e-08
22641.93466 1.84628876318461e-08
22658.01558 1.90638090134893e-08
22674.0965 1.99415655879609e-08
22690.17742 2.16149073515058e-08
22706.25834 1.86660405708078e-08
22722.33926 1.32569056425575e-08
22738.42018 9.81115121195441e-09
22754.5011 9.47646893183449e-09
22770.58202 1.10794822833111e-08
22786.66294 1.4674895994121e-08
22802.74386 1.30075181294642e-08
22818.82478 1.69055662535695e-08
22834.9057 2.15886541637223e-08
22850.98662 2.82791904163433e-08
22867.06753 3.02462532503791e-08
22883.14845 3.24539626862484e-08
22899.22937 3.93754694924425e-08
22915.31029 3.0100996145325e-08
22931.39121 2.48444873939083e-08
22947.47213 2.87476749347219e-08
22963.55305 4.24402404451871e-08
22979.63397 7.12154562186738e-08
22995.71489 4.11464075874268e-08
23011.79581 2.95666287322282e-08
23027.87673 2.98886205063244e-08
23043.95765 4.46983245841898e-08
23060.03857 6.84938518542889e-08
23076.11949 3.33283536739402e-08
23092.20041 2.07474270136773e-08
23108.28133 2.42807436992712e-08
23124.36225 3.03100548552276e-08
23140.44317 5.41999271323484e-08
23156.52409 8.83935299049015e-08
23172.60501 1.31218868358962e-07
23188.68592 1.84623184404793e-07
23204.76684 1.21323720907987e-07
23220.84776 8.16696899457797e-08
23236.92868 1.01129806347202e-07
23253.0096 2.06411434529748e-07
23269.09052 4.17402908504844e-07
23285.17144 3.44096185599998e-07
23301.25236 3.72490062961817e-07
23317.33328 4.32643987965613e-07
23333.4142 5.54368899181625e-07
23349.49512 9.59919410418653e-07
23365.57604 1.11616718539632e-06
23381.65696 9.16850097378665e-07
23397.73788 7.99281370348208e-07
23413.8188 8.79387022195641e-07
23429.89972 1.09603906046726e-06
23445.98064 1.2915286207055e-06
23462.06156 1.23896307469777e-06
23478.14248 1.3494902034891e-06
23494.2234 6.40529168331048e-07
23510.30431 5.0846581954738e-07
23526.38523 5.38707530071611e-07
23542.46615 6.34833532898291e-07
23558.54707 7.90663962507165e-07
23574.62799 4.93669636128034e-07
23590.70891 3.79108151079011e-07
23606.78983 3.85850896359807e-07
23622.87075 5.91539346793624e-07
23638.95167 1.0607306433821e-06
23655.03259 2.2112161956847e-06
23671.11351 1.46881096491084e-06
23687.19443 1.02453323388393e-06
23703.27535 9.38827657361276e-07
23719.35627 1.18215878823667e-06
23735.43719 1.67893176487493e-06
23751.51811 1.77449175424452e-06
23767.59903 1.77035129695039e-06
23783.67995 1.77716888596812e-06
23799.76087 1.20460142824802e-06
23815.84179 1.03755260660331e-06
23831.92271 1.02193286584763e-06
23848.00362 1.14048533411171e-06
23864.08454 1.48361172980241e-06
23880.16546 1.1199945209671e-06
23896.24638 6.75366624020993e-07
23912.3273 4.4918964384535e-07
23928.40822 6.88157270033583e-07
23944.48914 1.19123277976338e-06
23960.57006 1.75378218178221e-06
23976.65098 8.00013800483827e-07
23992.7319 5.52693504931909e-07
24008.81282 6.72125778981139e-07
24024.89374 7.73916907045207e-07
24040.97466 1.16158125750283e-06
24057.05558 1.15952856698672e-06
24073.1365 8.59875287904646e-07
24089.21742 6.90728095427446e-07
24105.29834 4.55699669839874e-07
24121.37926 5.01691331442914e-07
24137.46018 6.04291843812614e-07
24153.5411 6.34860221152888e-07
24169.62201 8.74362593685124e-07
24185.70293 1.85999498360075e-06
24201.78385 1.21171471735899e-06
24217.86477 8.12214356257392e-07
24233.94569 7.89810748206721e-07
24250.02661 1.31403097263751e-06
24266.10753 2.25192738164197e-06
24282.18845 1.47628013276369e-06
24298.26937 7.96812140456975e-07
24314.35029 4.89641536598679e-07
24330.43121 6.7943859464369e-07
24346.51213 1.20034928422755e-06
24362.59305 2.42349881118962e-06
24378.67397 2.27333059091119e-06
24394.75489 2.18279494524586e-06
24410.83581 2.2178038955541e-06
24426.91673 2.61476138276388e-06
24442.99765 3.08856870643854e-06
24459.07857 3.50448210480359e-06
24475.15949 3.46038932690784e-06
24491.2404 3.42549775420014e-06
24507.32132 3.14594538790973e-06
24523.40224 2.52772553015559e-06
24539.48316 2.09346674522224e-06
24555.56408 2.15901179608331e-06
24571.645 2.67117422477779e-06
24587.72592 3.38695634742554e-06
24603.80684 3.23832264893533e-06
24619.88776 2.51390971800557e-06
24635.96868 1.97034480754931e-06
24652.0496 2.1331262356147e-06
24668.13052 2.73198266292064e-06
24684.21144 3.53733598278441e-06
24700.29236 2.22659352413071e-06
24716.37328 1.50941877011405e-06
24732.4542 1.14442562480379e-06
24748.53512 1.05357327479468e-06
24764.61604 1.04285120747294e-06
24780.69696 1.33062584167951e-06
24796.77788 1.45132231278049e-06
24812.85879 1.49853451157754e-06
24828.93971 1.58598210945599e-06
24845.02063 1.87851657847799e-06
24861.10155 2.25250096524121e-06
24877.18247 2.71336297729291e-06
24893.26339 3.38412902231874e-06
24909.34431 4.24096873834593e-06
24925.42523 5.33327387662094e-06
24941.50615 3.9703667327075e-06
24957.58707 3.07064845327018e-06
24973.66799 2.45828310050334e-06
24989.74891 2.91774761885558e-06
24997.78162 9.71817496269467e-06
25011.29393 9.56225644309359e-06
25024.80624 6.54956132105823e-06
25038.31856 7.52578249879116e-06
25051.83087 9.69857770168687e-06
25065.34319 8.7977770962346e-06
25078.8555 5.99090703270842e-06
25092.36782 8.73093903792721e-06
25105.88013 7.01039069024781e-06
25119.39244 7.76022596066895e-06
25132.90476 5.8569585448297e-06
25146.41707 6.32149567052658e-06
25159.92939 6.59237169702516e-06
25173.4417 6.74209382689346e-06
25186.95402 5.47348704310098e-06
25200.46633 4.61965880893039e-06
25213.97865 3.97918618100976e-06
25227.49096 6.21755108201191e-06
25241.00327 5.59973428054844e-06
25254.51559 5.46562740354177e-06
25268.0279 5.6719591729675e-06
25281.54022 5.05472744081769e-06
25295.05253 6.63765424736664e-06
25308.56485 8.53105450713869e-06
25322.07716 6.59154136732614e-06
25335.58948 5.07451400434038e-06
25349.10179 5.14601651511557e-06
25362.6141 5.12757314336388e-06
25376.12642 7.44747637813593e-06
25389.63873 1.00388238411843e-05
25403.15105 6.59642969496503e-06
25416.66336 9.25481817059563e-06
25430.17568 9.05103896758463e-06
25443.68799 6.64797714072816e-06
25457.2003 7.1611475870001e-06
25470.71262 8.77990165011695e-06
25484.22493 8.57271151687779e-06
25497.73725 7.82312317199445e-06
25511.24956 6.1371971771894e-06
25524.76188 5.09282486679398e-06
25538.27419 8.12221589133499e-06
25551.78651 6.53617042492945e-06
25565.29882 7.18034286262194e-06
25578.81113 8.17717291779973e-06
25592.32345 7.61126225247983e-06
25605.83576 5.35902259282557e-06
25619.34808 4.94202005137889e-06
25632.86039 8.07975962245433e-06
25646.37271 5.54107998779036e-06
25659.88502 8.6137365100831e-06
25673.39733 5.98402532323886e-06
25686.90965 7.96810711804647e-06
25700.42196 7.61870269669503e-06
25713.93428 5.43284356529285e-06
25727.44659 6.58017775485261e-06
25740.95891 3.84789889538161e-06
25754.47122 3.70060435220961e-06
25767.98354 5.0992511075279e-06
25781.49585 5.70315375874228e-06
25795.00816 7.704183407315e-06
25808.52048 7.87042504753832e-06
25822.03279 8.05447701692987e-06
25835.54511 7.67443030854617e-06
25849.05742 8.92217396354622e-06
25862.56974 8.53139285926318e-06
25876.08205 4.50246101971065e-06
25889.59437 5.02777721168107e-06
25903.10668 6.84565613114352e-06
25916.61899 5.5147129092133e-06
25930.13131 7.39227437505252e-06
25943.64362 5.89975053817273e-06
25957.15594 4.48280615997951e-06
25970.66825 3.889558317891e-06
25984.18057 5.02865363934144e-06
25997.69288 5.38166443012923e-06
26011.20519 6.45450695142954e-06
26024.71751 6.82528773684371e-06
26038.22982 4.51677524364256e-06
26051.74214 3.18787085859942e-06
26065.25445 4.44667487090332e-06
26078.76677 3.97704738793389e-06
26092.27908 6.22046695480318e-06
26105.7914 4.29640535880925e-06
26119.30371 2.60695681697822e-06
26132.81602 5.73838443756991e-06
26146.32834 5.60400562061732e-06
26159.84065 2.86137172568393e-06
26173.35297 2.44806195414871e-06
26186.86528 1.58721560436563e-06
26200.3776 2.56867091814479e-06
26213.88991 3.61005272818039e-06
26227.40222 4.2584914193981e-06
26240.91454 4.51962090774872e-06
26254.42685 2.36746730883535e-06
26267.93917 2.27875739359556e-06
26281.45148 2.0002488888935e-06
26294.9638 2.61495997289756e-06
26308.47611 2.98886245615701e-06
26321.98843 2.43730511744942e-06
26335.50074 3.52188672339792e-06
26349.01305 5.35708648456717e-06
26362.52537 4.4860450243662e-06
26376.03768 3.96022440362365e-06
26389.55 4.30755765796558e-06
26403.06231 3.41096474219124e-06
26416.57463 3.6303854053714e-06
26430.08694 3.92865909935306e-06
26443.59925 1.76960792586471e-06
26457.11157 2.18479982956472e-06
26470.62388 2.97264472485672e-06
26484.1362 4.09541643975524e-06
26497.64851 4.05801105245811e-06
26511.16083 3.56362537585169e-06
26524.67314 2.7371452729845e-06
26538.18546 3.56607809518314e-06
26551.69777 3.29681220898161e-06
26565.21008 1.79448585968628e-06
26578.7224 2.10889094848176e-06
26592.23471 9.96106004045162e-07
26605.74703 2.93337238308955e-06
26619.25934 2.78424030655854e-06
26632.77166 2.13135182335798e-06
26646.28397 1.68381981277429e-06
26659.79629 1.53380110882186e-06
26673.3086 2.61331092531257e-07
26686.82091 2.25366627030986e-06
26700.33323 2.99232083016557e-06
26713.84554 1.9463071135856e-06
26727.35786 2.29812238781278e-06
26740.87017 2.88530311397551e-06
26754.38249 9.89829841216721e-07
26767.8948 1.88508751968293e-06
26781.40711 2.17950877574954e-08
26794.91943 3.19374843986669e-07
26808.43174 5.34891042882436e-07
26821.94406 5.28948990886487e-07
26835.45637 2.44722520354968e-06
26848.96869 3.26086768251098e-06
26862.481 2.38334905110774e-06
26875.99332 2.19925194614413e-06
26889.50563 2.49354814852109e-06
26903.01794 2.35185661320052e-06
26916.53026 2.8208584878269e-06
26930.04257 2.13244331616172e-06
26943.55489 2.10363835757964e-06
26957.0672 1.56738802377588e-06
26970.57952 5.18089310175615e-07
26984.09183 4.49049264057904e-07
26997.60414 2.18507309674283e-06
27011.11646 2.00872359483635e-06
27024.62877 4.91796513643356e-07
27038.14109 3.10217365823151e-06
27051.6534 2.27115203659299e-06
27065.16572 3.10324824073337e-06
27078.67803 6.93745219826545e-07
27092.19035 1.83924773457732e-06
27105.70266 2.01500197659091e-06
27119.21497 2.36284713800664e-06
27132.72729 2.44865707924849e-06
27146.2396 9.14984064732094e-07
27159.75192 2.64929172840943e-06
27173.26423 2.24982924027988e-06
27186.77655 2.38050469233231e-06
27200.28886 1.5060789141906e-06
27213.80117 2.0805937925187e-07
27227.31349 1.0292915843829e-06
27240.8258 9.10781204362311e-07
27254.33812 7.38965254420773e-07
27267.85043 3.10186127606332e-07
27281.36275 6.28896342839941e-09
27294.87506 6.72290543102016e-07
27308.38738 3.56692716403545e-07
27321.89969 5.52570569614948e-09
27335.412 2.14294187755498e-07
27348.92432 1.08985414476461e-06
27362.43663 5.61752468251066e-07
27375.94895 1.83725501357937e-07
27389.46126 2.88638073252749e-07
27402.97358 4.56095089073349e-09
27416.48589 4.5655569470367e-09
27429.99821 1.0551165925842e-07
27443.51052 4.56550707817314e-09
27457.02283 4.5629205615268e-09
27470.53515 1.33699494720276e-08
27484.04746 4.56464465048257e-09
27497.55978 4.56550889878665e-09
27511.07209 4.56257212310785e-09
27524.58441 4.55637221092086e-09
27538.09672 4.54975988037938e-09
27551.60903 4.54607133790087e-09
27565.12135 4.53970300123609e-09
27578.63366 4.53351400645454e-09
27592.14598 4.53108275751469e-09
27605.65829 4.53181893329926e-09
27619.17061 4.52394246035632e-09
27632.68292 4.52466443276255e-09
27646.19524 4.5252970951997e-09
27659.70755 4.52607940532758e-09
27673.21986 4.52173167687024e-09
27686.73218 4.52285646850933e-09
27700.24449 4.52400244318243e-09
27713.75681 4.51972091606424e-09
27727.26912 4.52078367955115e-09
27740.78144 4.52200927531132e-09
27754.29375 4.52112599088479e-09
27767.80606 4.51963593560878e-09
27781.31838 4.52201042846017e-09
27794.83069 4.52831568256391e-09
27808.34301 4.52591527176439e-09
27821.85532 4.52725488646911e-09
27835.36764 4.5295925147566e-09
27848.87995 4.53202249480337e-09
27862.39227 4.52919595907438e-09
27875.90458 4.53178423330292e-09
27889.41689 4.5344254493343e-09
27902.92921 4.53563377382771e-09
27916.44152 4.53497510400293e-09
27929.95384 4.53811358195757e-09
27943.46615 4.53938328997817e-09
27956.97847 4.53897996121171e-09
27970.49078 4.54204610943157e-09
27984.00309 4.54711322041576e-09
27997.51541 4.54909394839345e-09
28011.02772 4.54997677433616e-09
28024.54004 4.55194658673269e-09
28038.05235 4.55380712303183e-09
28051.56467 4.55013785118874e-09
28065.07698 4.55171660632884e-09
28078.5893 4.55315305829271e-09
28092.10161 4.55328428688534e-09
28105.61392 4.55016255522649e-09
28119.12624 4.55121711540602e-09
28132.63855 4.55207553104671e-09
28146.15087 4.54942611296309e-09
28159.66318 4.54784536250989e-09
28173.1755 4.54813798228776e-09
28186.68781 4.55169785216138e-09
28200.20013 4.5479217372851e-09
28213.71244 4.54701277418106e-09
28227.22475 4.54594241794999e-09
28240.73707 4.54471057981007e-09
28254.24938 4.54330862763221e-09
28267.7617 4.5417702639246e-09
28281.27401 4.54009628181565e-09
28294.78633 4.53829289570985e-09
28308.29864 4.53604386782733e-09
28321.81095 4.53348064414442e-09
28335.32327 4.53083531608472e-09
28348.83558 4.52812939207016e-09
28362.3479 4.52410635886428e-09
28375.86021 4.51719520704344e-09
28389.37253 4.5143896803096e-09
28402.88484 4.51305590329152e-09
28416.39716 4.51390108181723e-09
28429.90947 4.51113953340119e-09
28443.42178 4.50842405548155e-09
28456.9341 4.50576038347818e-09
28470.44641 4.50316063400177e-09
28483.95873 4.50064738475372e-09
28497.47104 4.49821776633149e-09
28510.98336 4.49324155107639e-09
28524.49567 4.48777199605348e-09
28538.00798 4.48240968444778e-09
28551.5203 4.47716950108196e-09
28565.03261 4.47205903678033e-09
28578.54493 4.4670675354437e-09
28592.05724 4.46221094408341e-09
28605.56956 4.45508608477653e-09
28619.08187 4.44948624141604e-09
28632.59419 4.44637689561574e-09
28646.1065 4.44645336976577e-09
28659.61881 4.44552740552287e-09
28673.13113 4.44277041680515e-09
28686.64344 4.44011424324049e-09
28700.15576 4.43755784486399e-09
28713.66807 4.43570466443311e-09
28727.18039 4.43392602526907e-09
28740.6927 4.43221562683083e-09
28754.20501 4.43056946643721e-09
28767.71733 4.42896714011576e-09
28781.22964 4.42740017912764e-09
28794.74196 4.4258570776848e-09
28808.25427 4.42428454780645e-09
28821.76659 4.42268409962322e-09
28835.2789 2.07344836966575e-07
28848.79122 7.42602202598604e-09
28862.30353 4.41245535423614e-09
28875.81584 4.41070769273532e-09
28889.32816 4.40889512140191e-09
28902.84047 4.4072767704064e-09
28916.35279 4.4066331125425e-09
28929.8651 4.41079715727164e-09
28943.37742 4.40999145577561e-09
28956.88973 4.40899897781759e-09
28970.40205 4.4078766509308e-09
28983.91436 4.40659456599242e-09
28997.42667 4.40517013272485e-09
29010.93899 4.40263098590332e-09
29024.4513 4.39969029887847e-09
29037.96362 4.3965928765229e-09
29051.47593 4.39332235904335e-09
29064.98825 4.38987179281768e-09
29078.50056 5.50476260708068e-08
29092.01287 4.38246948007684e-09
29105.52519 4.37589421866044e-09
29119.0375 4.37011748711178e-09
29132.54982 4.36650926962863e-09
29146.06213 6.78663202379766e-07
29159.57445 7.51106443496049e-07
29173.08676 4.93128553052741e-08
29186.59908 8.2407193346712e-09
29200.11139 1.77808906245789e-07
29213.6237 7.12775925586134e-08
29227.13602 8.72557209486928e-07
29240.64833 7.67463418638292e-07
29254.16065 1.16429911702027e-06
29267.67296 1.29439146953164e-06
29281.18528 1.43397382561079e-06
29294.69759 1.42869714879776e-06
29308.2099 2.08969018232702e-06
29321.72222 3.23509762924419e-06
29335.23453 4.47732226961769e-06
29348.74685 4.72157091982803e-06
29362.25916 4.77130134954811e-06
29375.77148 3.95110190231774e-06
29389.28379 4.21031162801205e-06
29402.79611 4.741820886579e-06
29416.30842 4.6426801266299e-06
29429.82073 5.42632768448468e-06
29443.33305 6.90112744561014e-06
29456.84536 6.48851299560289e-06
29470.35768 5.38063079681073e-06
29483.86999 8.41167184420322e-06
29497.38231 8.17799904206783e-06
29510.89462 9.04060287250614e-06
29524.40694 1.11314266345097e-05
29537.91925 1.23037147638477e-05
29551.43156 1.24434357035638e-05
29564.94388 1.17664434665085e-05
29578.45619 1.20841428990845e-05
29591.96851 1.46755897683365e-05
29605.48082 1.54465167373466e-05
29618.99314 1.59384086140152e-05
29632.50545 1.61701517744932e-05
29646.01776 1.82694711683242e-05
29659.53008 1.91514971020171e-05
29673.04239 2.11426908754729e-05
29686.55471 2.16948266695822e-05
29700.06702 2.29008783027313e-05
29713.57934 2.2414737427899e-05
29727.09165 2.31492252571353e-05
29740.60397 2.43327215973123e-05
29754.11628 2.77287455012079e-05
29767.62859 2.83632752736272e-05
29781.14091 3.16649704228718e-05
29794.65322 3.41636577843176e-05
29808.16554 3.58356856834055e-05
29821.67785 3.91777883103362e-05
29835.19017 3.87573098740834e-05
29848.70248 3.99547859928601e-05
29862.21479 3.94703507508419e-05
29875.72711 4.11943255120231e-05
29889.23942 4.34481847610326e-05
29902.75174 4.68849351684245e-05
29916.26405 5.18456946388747e-05
29929.77637 5.7715006460882e-05
29943.28868 6.19666660554209e-05
29956.801 6.24045670658839e-05
29970.31331 6.5652818380329e-05
29983.82562 6.84399422655164e-05
29997.33794 7.17289874929915e-05
30010.85025 7.57907939833256e-05
30024.36257 8.13861243216754e-05
30037.87488 8.38598540048586e-05
30051.3872 8.25503950836442e-05
30064.89951 7.78759052553562e-05
30078.41182 8.18003239029833e-05
30091.92414 8.91881991023415e-05
30105.43645 9.09875868354343e-05
30118.94877 9.1947151163548e-05
30132.46108 9.46028743509044e-05
30145.9734 9.61040662032293e-05
30159.48571 9.43771436911385e-05
30172.99803 9.50943657416445e-05
30186.51034 9.56494001791808e-05
30200.02265 9.35830836647652e-05
30213.53497 9.07997808068926e-05
30227.04728 9.15655700661398e-05
30240.5596 8.94535513100831e-05
30254.07191 9.41074392316607e-05
30267.58423 9.90753559353237e-05
30281.09654 0.00010340714460761
30294.60886 0.000109283462786723
30308.12117 0.000113567128397519
30321.63348 0.000115690768125901
30335.1458 0.000118310511776694
30348.65811 0.000122004282512706
30362.17043 0.000126756769711156
30375.68274 0.000132526028038242
30389.19506 0.000135679264829823
30402.70737 0.000141944982784752
30416.21968 0.000146414026166934
30429.732 0.000154716014589152
30443.24431 0.000161179118664283
30456.75663 0.00017145855633563
30470.26894 0.000181115881999405
30483.78126 0.000192841622425069
30497.29357 0.000201595312400175
30510.80589 0.000211620998735855
30524.3182 0.000223182356911424
30537.83051 0.000236563136765723
30551.34283 0.000250350544646645
30564.85514 0.000262828663036577
30578.36746 0.000276805126071068
30591.87977 0.000293884613361551
30605.39209 0.000312039722877846
30618.9044 0.000330380006136578
30632.41671 0.000351538994056663
30645.92903 0.000373863976107273
30659.44134 0.000398220056074589
30672.95366 0.000419385929495822
30686.46597 0.000443469063662883
30699.97829 0.000466321880744818
30713.4906 0.000493476881179776
30727.00292 0.000521087549286022
30740.51523 0.000551404893229856
30754.02754 0.000580249942296676
30767.53986 0.000615582065191154
30781.05217 0.000649161704491272
30794.56449 0.000686515839893421
30808.0768 0.000724161970017748
30821.58912 0.000764461602118681
30835.10143 0.000804225006119697
30848.61374 0.000852349860040349
30862.12606 0.000901227074929092
30875.63837 0.000953044311031123
30889.15069 0.00100449244157473
30902.663 0.00106326998355133
30916.17532 0.00112563415907942
30929.68763 0.00119480873124594
30943.19995 0.00126599088130039
30956.71226 0.00134176500402368
30970.22457 0.00142373432624061
30983.73689 0.00151703994021375
30997.2492 0.00162114809352422
31010.76152 0.00173011076421512
31024.27383 0.00184157089637112
31037.78615 0.00196774414950439
31051.29846 0.00210454007020689
31064.81078 0.00225172067868591
31078.32309 0.00241665177016362
31091.8354 0.00259929161080829
31105.34772 0.00280014240155555
31118.86003 0.00302044619106166
31132.37235 0.00326256119360372
31145.88466 0.00353919681985043
31159.39698 0.00384765400819413
31172.90929 0.00418903220177244
31186.4216 0.00456608842868216
31199.93392 0.00498622339991509
31213.44623 0.00546901955660783
31226.95855 0.00600581187721947
31240.47086 0.00660500127344666
31253.98318 0.0072826649395116
31267.49549 0.00804363048362187
31281.00781 0.00889939890604867
31294.52012 0.00986171570472195
31308.03243 0.0109457094932835
31321.54475 0.0121715494800129
31335.05706 0.0135584790709716
31348.56938 0.015121988946376
31362.08169 0.0168940966602373
31375.59401 0.0188957251512664
31389.10632 0.0211624089248475
31402.61863 0.0237202043764365
31416.13095 0.0266184140989256
31429.64326 0.0298832568626742
31443.15558 0.0335626105287929
31456.66789 0.0376837716802925
31470.18021 0.0422917159550516
31483.69252 0.0474620572639814
31497.20484 0.0531393429605167
31510.71715 0.0593593103044339
31524.22946 0.0661541883843257
31537.74178 0.0735022549535908
31551.25409 0.0813769208724077
31564.76641 0.0897572390203122
31578.27872 0.098521081462577
31591.79104 0.107647651632558
31605.30335 0.117015547380216
31618.81566 0.126517258794526
31632.32798 0.136157567379923
31645.84029 0.145695913177217
31659.35261 0.15523011089358
31672.86492 0.164624254101552
31686.37724 0.173854476044046
31699.88955 0.182973129050843
31713.40187 0.191976068126329
31726.91418 0.201044595403418
31740.42649 0.20989855334897
31753.93881 0.218534592546349
31767.45112 0.227114435672326
31780.96344 0.235533751089394
31794.47575 0.243877721221028
31807.98807 0.252073007746173
31821.50038 0.260075203128758
31835.0127 0.267978120792735
31848.52501 0.275691282279141
31862.03732 0.283231634918122
31875.54964 0.29061406039248
31889.06195 0.297725501591292
31902.57427 0.30463435546922
31916.08658 0.311312730662785
31929.5989 0.317711863758401
31943.11121 0.323879269902559
31956.62352 0.329756165296693
31970.13584 0.335376175084361
31983.64815 0.341155190454769
31997.16047 0.346233346096106
32010.67278 0.351046530072004
32024.1851 0.355601797167376
32037.69741 0.359880013325073
32051.20973 0.363940098603279
32064.72204 0.367763116850505
32078.23435 0.371358400005757
32091.74667 0.374757375755453
32105.25898 0.377922735456892
32118.7713 0.380892382789194
32132.28361 0.383270573883931
32145.79593 0.385873910111018
32159.30824 0.388334322179004
32172.82055 0.390633004429011
32186.33287 0.392771676159235
32199.84518 0.39478015726321
32213.3575 0.39695124822726
32226.86981 0.399156255036814
32240.38213 0.400954228816576
32253.89444 0.402640368931314
32267.40676 0.404217317753186
32280.91907 0.405718944196522
32294.43138 0.407146286239742
32307.9437 0.408365043887626
32321.45601 0.409419464655477
32334.96833 0.410418015271204
32348.48064 0.411355682678099
32361.99296 0.412257807451368
32375.50527 0.413097484908725
32389.01759 0.413897605900814
32402.5299 0.414637360386552
32416.04221 0.415293954025501
32429.55453 0.415913517724078
32443.06684 0.416661856649665
32456.57916 0.417571013209226
32470.09147 0.418106132672997
32483.60379 0.418612538681326
32497.1161 0.419073703608254
32510.62841 0.419614915191569
32524.14073 0.420171606762837
32537.65304 0.420727565706596
32551.16536 0.42126250051885
32564.67767 0.42178849321925
32578.18999 0.422295501574935
32591.7023 0.422810216823737
32605.21462 0.423288917870482
32618.72693 0.423711266535094
32632.23924 0.424128904343228
32645.75156 0.424536505019764
32659.26387 0.424952481544954
32672.77619 0.425510671715436
32686.2885 0.426299404665165
32699.80082 0.426725096735162
32713.31313 0.42705476280308
32726.82544 0.427372612320448
32740.33776 0.42769665022526
32753.85007 0.428028719695064
32767.36239 0.428376629738336
32780.8747 0.428740455118768
32794.38702 0.429111004232249
32807.89933 0.429491110319479
32821.41165 0.42986896666369
32834.92396 0.43025768383455
32848.43627 0.430646612894962
32861.94859 0.431058217721654
32875.4609 0.431470860344031
32888.97322 0.431892649148395
32902.48553 0.432831915591117
32915.99785 0.43327056701789
32929.51016 0.433713960924317
32943.02247 0.43415102442081
32956.53479 0.434593384849624
32970.0471 0.435025558822135
32983.55942 0.435479138317797
32997.07173 0.435919710261968
33010.58405 0.436244376354355
33024.09636 0.436542631295374
33037.60868 0.436848160769973
33051.12099 0.437152796427014
33064.6333 0.437445758011527
33078.14562 0.437741413616163
33091.65793 0.438024529250749
33105.17025 0.438291807535047
33118.68256 0.438971490127466
33132.19488 0.439283339720039
33145.70719 0.439523740222546
33159.21951 0.43975973235696
33172.73182 0.44000005652099
33186.24413 0.440235262124278
33199.75645 0.440474385376261
33213.26876 0.440652449979046
33226.78108 0.440842010950602
33240.29339 0.441042632840338
33253.80571 0.441259351554656
33267.31802 0.441489791447465
33280.83033 0.441722095642875
33294.34265 0.441956487164508
33307.85496 0.441861633354901
33321.36728 0.441553254070406
33334.87959 0.44126008653099
33348.39191 0.441426276454422
33361.90422 0.441245905242392
33375.41654 0.440988905712915
33388.92885 0.440748771709198
33402.44116 0.440302303393396
33415.95348 0.438910063477465
33429.46579 0.437507767392057
33442.97811 0.436120545257418
33456.49042 0.434748855615114
33470.00274 0.433387291381212
33483.51505 0.43203088996831
33497.02736 0.430672763490755
33510.53968 0.427778127944073
33524.05199 0.424438484936104
33537.56431 0.42109968968179
33551.07662 0.417745624398615
33564.58894 0.414382382652077
33578.10125 0.411013545481473
33591.61357 0.407638112441515
33605.12588 0.405747534426586
33618.63819 0.406268196636299
33632.15051 0.406774695119014
33645.66282 0.407265216299006
33659.17514 0.407743956414747
33672.68745 0.408214098514608
33686.19977 0.408673619722403
33699.71208 0.409126309821761
33713.22439 0.412930536584413
33726.73671 0.417117187261088
33740.24902 0.421622030867631
33753.76134 0.425471657257938
33767.27365 0.429309414626072
33780.78597 0.433137462312972
33794.29828 0.436964010928805
33807.8106 0.439226002927821
33821.32291 0.440350683711218
33834.83522 0.441474457687487
33848.34754 0.44260201570214
33861.85985 0.443720968303764
33875.37217 0.444829817213273
33888.88448 0.445941766452747
33902.3968 0.446790461997268
33915.90911 0.446455811043176
33929.42143 0.446123551340768
33942.93374 0.445793490174578
33956.44605 0.445465868879488
33969.95837 0.445131480643451
33983.47068 0.444800948604245
33996.983 0.444476772203895
34010.49531 0.444129231158183
34024.00763 0.443777588673041
34037.51994 0.443430825782453
34051.03225 0.443098718697435
34064.54457 0.44277358093545
34078.05688 0.44246750533925
34091.5692 0.442252980498568
34105.08151 0.442468477464522
34118.59383 0.44237374587671
34132.10614 0.442283805139339
34145.61846 0.4421977711171
34159.13077 0.442560865258942
34172.64308 0.442516269722051
34186.1554 0.442429056830646
34199.66771 0.442332301358715
34213.18003 0.442592589025139
34226.69234 0.442850955134453
34240.20466 0.443095819030497
34253.71697 0.443321157093639
34267.22928 0.443528910935569
34280.7416 0.443734175148936
34294.25391 0.443926240765692
34307.76623 0.444022616237991
34321.27854 0.444064088307787
34334.79086 0.444095862669645
34348.30317 0.4440665216116
34361.81549 0.443943503741252
34375.3278 0.443749736280691
34388.84011 0.443535331908357
34402.35243 0.443271837351757
34415.86474 0.442833090490674
34429.37706 0.442379201068071
34442.88937 0.442428180112272
34456.40169 0.44194747292516
34469.914 0.441447101198329
34483.42631 0.441108446422138
34496.93863 0.440926399841259
34510.45094 0.440620809967345
34523.96326 0.440382916467059
34537.47557 0.440153093210127
34550.98789 0.439946547665324
34564.5002 0.439772985441341
34578.01252 0.439633883547547
34591.52483 0.439530764025147
34605.03714 0.43960176305333
34618.54946 0.43995941963254
34632.06177 0.440372367456007
34645.57409 0.440842633030764
34659.0864 0.441378251647103
34672.59872 0.441974977778293
34686.11103 0.442640258455373
34699.62335 0.44337105373381
34713.13566 0.443867891805824
34726.64797 0.444425314746293
34740.16029 0.445035273724733
34753.6726 0.445699135189895
34767.18492 0.446780362987124
34780.69723 0.447670408000999
34794.20955 0.448656346010407
34807.72186 0.449912228655117
34821.23417 0.451014603175661
34834.74649 0.452080575383119
34848.2588 0.45308908278234
34861.77112 0.454019423873692
34875.28343 0.454828204475915
34888.79575 0.455497602070065
34902.30806 0.455984070517844
34915.82038 0.456353476854954
34929.33269 0.456475920598431
34942.845 0.456302739714469
34956.35732 0.455806212783819
34969.86963 0.454925228214462
34983.38195 0.453619920488225
34996.89426 0.451825004925234
35010.40658 0.449468047254784
35023.91889 0.44657750764934
35037.4312 0.443138068758049
35050.94352 0.439120929436819
35064.45583 0.434533714718983
35077.96815 0.429740262803408
35091.48046 0.423977996181112
35104.99278 0.417771867643943
35118.50509 0.411004542607797
35132.01741 0.403478655306908
35145.52972 0.395465830572624
35159.04203 0.387044690883026
35172.55435 0.378278235368121
35186.06666 0.369117638013977
35199.57898 0.359606234515613
35213.09129 0.349754988577227
35226.60361 0.33967790142633
35240.11592 0.329447483884911
35253.62824 0.31910715426022
35267.14055 0.30873669345106
35280.65286 0.298371413927694
35294.16518 0.288032629777018
35307.67749 0.277793159308571
35321.18981 0.267677268106639
35334.70212 0.257744878923792
35348.21444 0.248263649731419
35361.72675 0.238817251680183
35375.23906 0.229587122636461
35388.75138 0.220613966183376
35402.26369 0.211909546857342
35415.77601 0.203450635599666
35429.28832 0.195483446992802
35442.80064 0.187629834881723
35456.31295 0.180054470319539
35469.82527 0.172770500490174
35483.33758 0.165780198127109
35496.84989 0.159057067704527
35510.36221 0.152608349502785
35523.87452 0.146575499573692
35537.38684 0.140612926183079
35550.89915 0.134901009172731
35564.41147 0.129411076935875
35577.92378 0.12414256949453
35591.43609 0.119088294915265
35604.94841 0.114229716722568
35618.46072 0.10957372948889
35631.97304 0.105085303684808
35645.48535 0.100756318801377
35658.99767 0.096591892879193
35672.50998 0.0925670819474048
35686.0223 0.0887508981602675
35699.53461 0.0850430267835159
35713.04692 0.0814025436454234
35726.55924 0.0778878621854857
35740.07155 0.0744833678313762
35753.58387 0.0711938747703038
35767.09618 0.0680175235688188
35780.6085 0.0650045682516566
35794.12081 0.0620199420922924
35807.63312 0.059124558264493
35821.14544 0.0563193025984966
35834.65775 0.0536194252091889
35848.17007 0.0510552490766207
35861.68238 0.0485414107904804
35875.1947 0.0461089628736639
35888.70701 0.0437603701918868
35902.21933 0.0415064102355865
35915.73164 0.039334177719389
35929.24395 0.0372479365414552
35942.75627 0.0352546951370938
35956.26858 0.0333392886092757
35969.7809 0.031512576497187
35983.29321 0.0297722247342949
35996.80553 0.0281076944545947
36010.31784 0.026527301081879
36023.83016 0.0250234514034152
36037.34247 0.023616522669311
36050.85478 0.0222730459357853
36064.3671 0.0209877059501769
36077.87941 0.0197776841987798
36091.39173 0.0186364666101283
36104.90404 0.0175499832223614
36118.41636 0.0165323138687825
36131.92867 0.0155736564304126
36145.44098 0.0146710743447772
36158.9533 0.013826669301726
36172.46561 0.0130283318113565
36185.97793 0.0122818917110273
36199.49024 0.0115946760575871
36213.00256 0.010931797762734
36226.51487 0.0103135284738475
36240.02719 0.00973280974702776
36253.5395 0.00918920813920866
36267.05181 0.00868647835521694
36280.56413 0.00820575787388435
36294.07644 0.00775495510207441
36307.58876 0.00734028543974022
36321.10107 0.00694761996672128
36334.61339 0.00658355474025775
36348.1257 0.00624180266798214
36361.63801 0.0059159652066878
36375.15033 0.00561296128267873
36388.66264 0.00532819244755053
36402.17496 0.00506588123454769
36415.68727 0.00482400543204533
36429.19959 0.0045880402577363
36442.7119 0.00436760015394948
36456.22422 0.0041639088508611
36469.73653 0.00396872658237396
36483.24884 0.00378920929682649
36496.76116 0.0036209037399445
36510.27347 0.00345833114002396
36523.78579 0.00331067100220445
36537.2981 0.00316728569014247
36550.81042 0.00303334228182224
36564.32273 0.00291150749642348
36577.83504 0.00278989353816052
36591.34736 0.00267792509595122
36604.85967 0.00257617022484727
36618.37199 0.00247647219755581
36631.8843 0.00238400750336251
36645.39662 0.00229383282443418
36658.90893 0.00220638780165853
36672.42125 0.00212831281079489
36685.93356 0.00205165312305088
36699.44587 0.00198137685510255
36712.95819 0.00191693543771064
36726.4705 0.00185112090116545
36739.98282 0.0017889373266416
36753.49513 0.00173070907858226
36767.00745 0.00167201092358871
36780.51976 0.00162120470799942
36794.03208 0.00157326597690433
36807.54439 0.00152416243040644
36821.0567 0.00148149274112895
36834.56902 0.00143843068655946
36848.08133 0.00139728792759456
36861.59365 0.0013625983220701
36875.10596 0.00132022606839523
36888.61828 0.00127776257775583
36902.13059 0.0012440162592779
36915.6429 0.00121064486587503
36929.15522 0.00118064396670214
36942.66753 0.00115333240047692
36956.17985 0.00112131204094484
36969.69216 0.00109325887009987
36983.20448 0.00106546473692151
36996.71679 0.00103492440539855
37010.22911 0.00100850730409158
37023.74142 0.000982136866540437
37037.25373 0.000955128712067782
37050.76605 0.000931589877569465
37064.27836 0.000907212332669001
37077.79068 0.000884090966229658
37091.30299 0.000862784477489139
37104.81531 0.000837594637551724
37118.32762 0.000813106739675827
37131.83993 0.000790301265114585
37145.35225 0.000766146621506168
37158.86456 0.000746007918474235
37172.37688 0.000727760987735041
37185.88919 0.000707145952078902
37199.40151 0.000687816376530909
37212.91382 0.000668358499906119
37226.42614 0.000648994268619847
37239.93845 0.000630904332943522
37253.45076 0.000609414855648104
37266.96308 0.000588537313322699
37280.47539 0.000570953212551046
37293.98771 0.000550759889261335
37307.50002 0.00053136668354631
37321.01234 0.000513970259231017
37334.52465 0.000494200204768737
37348.03696 0.000476856124404838
37361.54928 0.000461009191390678
37375.06159 0.000441592925877852
37388.57391 0.000425716696983947
37402.08622 0.000410689690763117
37415.59854 0.000391858345959066
37429.11085 0.00037467462318072
37442.62317 0.000358482101177059
37456.13548 0.000342321746183608
37469.64779 0.00032953975760214
37483.16011 0.000314502466423846
37496.67242 0.000298209289073712
37510.18474 0.000286366176096281
37523.69705 0.000273557784555938
37537.20937 0.000260360699298231
37550.72168 0.000250067382950139
37564.234 0.000236564903495993
37577.74631 0.000222757498624682
37591.25862 0.000213664820285967
37604.77094 0.000203623107279737
37618.28325 0.000193355839494382
37631.79557 0.000184964866907306
37645.30788 0.000175152594405969
37658.8202 0.000166969391220276
37672.33251 0.000160571883208465
37685.84482 0.000151012780217276
37699.35714 0.000142292796026627
37712.86945 0.000136520538067459
37726.38177 0.000129963800084142
37739.89408 0.000125031803003108
37753.4064 0.00012143505032976
37766.91871 0.000115335318448502
37780.43103 0.00010971042190814
37793.94334 0.00010298381969845
37807.45565 9.60851463706078e-05
37820.96797 9.3239523422428e-05
37834.48028 9.24895676189187e-05
37847.9926 8.94412559723313e-05
37861.50491 8.67627383390158e-05
37875.01723 8.4047510525631e-05
37888.52954 7.94057236196022e-05
37902.04185 7.70047473574399e-05
37915.55417 7.49593819305826e-05
37929.06648 7.00403001764023e-05
37942.5788 6.76031375488358e-05
37956.09111 6.69944151230557e-05
37969.60343 6.48154345544267e-05
37983.11574 6.5921699911579e-05
37996.62806 6.71055968082767e-05
38010.14037 6.39637504132175e-05
38023.65268 6.27534792677457e-05
38037.165 6.18481833419587e-05
38050.67731 5.98449261328469e-05
38064.18963 6.08023315422667e-05
38077.70194 5.94164238791697e-05
38091.21426 5.50353419053191e-05
38104.72657 5.42501055665376e-05
38118.23889 5.36989008837927e-05
38131.7512 5.14131830096196e-05
38145.26351 5.00981508355356e-05
38158.77583 4.8424834272893e-05
38172.28814 4.64750883437725e-05
38185.80046 4.59867352804781e-05
38199.31277 4.54183483285994e-05
38212.82509 4.45185434234679e-05
38226.3374 4.45734746853732e-05
38239.84971 4.54823251106908e-05
38253.36203 4.57590418790449e-05
38266.87434 4.73014160188884e-05
38280.38666 4.83524388829417e-05
38293.89897 4.74112873779917e-05
38307.41129 4.69591007245386e-05
38320.9236 4.6410519105071e-05
38334.43592 4.53723802080384e-05
38347.94823 4.73967003077767e-05
38361.46054 4.75189483535127e-05
38374.97286 4.27465148795668e-05
38388.48517 4.01860720218296e-05
38401.99749 3.96721359519805e-05
38415.5098 3.89552168913314e-05
38429.02212 4.09864770668773e-05
38442.53443 4.04574797177289e-05
38456.04674 3.7587911825564e-05
38469.55906 3.70134923141055e-05
38483.07137 3.61460768412407e-05
38496.58369 3.51988072797435e-05
38510.096 3.64770938534776e-05
38523.60832 3.82699732426932e-05
38537.12063 3.57293840951914e-05
38550.63295 3.55580868576451e-05
38564.14526 3.70291031155361e-05
38577.65757 3.68622604144851e-05
38591.16989 3.60823004369334e-05
38604.6822 3.63005923982777e-05
38618.19452 3.32357648008415e-05
38631.70683 3.33748771528235e-05
38645.21915 3.58840142756365e-05
38658.73146 3.55230971725407e-05
38672.24377 3.53080511464943e-05
38685.75609 3.59490927530239e-05
38699.2684 3.48427992922168e-05
38712.78072 3.39886223297119e-05
38726.29303 3.39266771391344e-05
38739.80535 3.2821003398859e-05
38753.31766 3.27201568216948e-05
38766.82998 3.32420826963399e-05
38780.34229 3.13299039964199e-05
38793.8546 2.92485338950835e-05
38807.36692 3.12678980648723e-05
38820.87923 3.31130330239003e-05
38834.39155 3.23002479098933e-05
38847.90386 3.12996955961314e-05
38861.41618 2.86491905544545e-05
38874.92849 2.58409874050063e-05
38888.44081 2.53416904514525e-05
38901.95312 2.66987689728748e-05
38915.46543 2.86159539416795e-05
38928.97775 3.16013371724897e-05
38942.49006 3.48968047920493e-05
38956.00238 3.54317702409814e-05
38969.51469 3.55869033606896e-05
38983.02701 3.46826804941547e-05
38996.53932 3.24350813885474e-05
39010.05163 3.29348969318383e-05
39023.56395 3.2281465626348e-05
39037.07626 3.04013077676243e-05
39050.58858 3.11364499818321e-05
39064.10089 3.23108022502756e-05
39077.61321 3.28645196273644e-05
39091.12552 3.53815229640216e-05
39104.63784 3.78124288975221e-05
39118.15015 3.65180339932622e-05
39131.66246 3.51434655991528e-05
39145.17478 3.76119691544131e-05
39158.68709 3.67909067174608e-05
39172.19941 3.42720031100722e-05
39185.71172 3.6781034826453e-05
39199.22404 3.83502073000882e-05
39212.73635 3.88105414173102e-05
39226.24866 3.97186062750704e-05
39239.76098 3.8983824175049e-05
39253.27329 3.78267125728679e-05
39266.78561 3.82363905773992e-05
39280.29792 3.94561484989658e-05
39293.81024 3.82077407317755e-05
39307.32255 3.8008042634673e-05
39320.83487 3.72860702270711e-05
39334.34718 3.5308708791453e-05
39347.85949 3.66804526234415e-05
39361.37181 3.99989499651135e-05
39374.88412 4.30161394898389e-05
39388.39644 4.57748025012612e-05
39401.90875 4.79000863464011e-05
39415.42107 4.77432125181505e-05
39428.93338 4.60521885531067e-05
39442.44569 4.56387921817169e-05
39455.95801 4.45223127321579e-05
39469.47032 4.40899372271815e-05
39482.98264 4.5760497765261e-05
39496.49495 4.49644378815295e-05
39510.00727 4.39266469299977e-05
39523.51958 4.54970975214119e-05
39537.0319 4.84197553254495e-05
39550.54421 4.96502248595308e-05
39564.05652 5.09669715121655e-05
39577.56884 5.31313530797224e-05
39591.08115 5.1978527879171e-05
39604.59347 5.21578452248912e-05
39618.10578 5.31349289484778e-05
39631.6181 5.15829716082055e-05
39645.13041 5.09410344346281e-05
39658.64273 5.26221218317161e-05
39672.15504 5.41296753779416e-05
39685.66735 5.33952915641517e-05
39699.17967 5.42785026647604e-05
39712.69198 5.52319433856147e-05
39726.2043 5.36216397886315e-05
39739.71661 5.59966514094247e-05
39753.22893 5.83767474795436e-05
39766.74124 5.71532542769533e-05
39780.25355 5.50624314189796e-05
39793.76587 5.47597663409486e-05
39807.27818 5.50093074342427e-05
39820.7905 5.44368627510939e-05
39834.30281 5.67370434251686e-05
39847.81513 5.81277237006236e-05
39861.32744 5.8408292936836e-05
39874.83976 5.97729670693791e-05
39888.35207 5.99317839743507e-05
39901.86438 5.77993435544429e-05
39915.3767 5.59674261682383e-05
39928.88901 5.7416943624868e-05
39942.40133 5.92943013812446e-05
39955.91364 5.99888176911228e-05
39969.42596 5.95480747396712e-05
39982.93827 5.77116844109517e-05
39996.45058 5.72386723519393e-05
40009.9629 5.81814400464068e-05
40023.47521 5.78255979025231e-05
40036.98753 5.49618384864906e-05
40050.49984 5.39200093236817e-05
40064.01216 5.41154504064348e-05
40077.52447 5.40997260939011e-05
40091.03679 5.68759148736358e-05
40104.5491 5.96884160448414e-05
40118.06141 5.97010453062721e-05
40131.57373 5.8085758793316e-05
40145.08604 5.85563595754015e-05
40158.59836 5.73534197581512e-05
40172.11067 5.31550536714594e-05
40185.62299 5.18639990304938e-05
40199.1353 5.03530694073333e-05
40212.64761 4.81117012816498e-05
40226.15993 4.74243740041038e-05
40239.67224 4.99975972109926e-05
40253.18456 5.20784299778258e-05
40266.69687 5.1966234011557e-05
40280.20919 5.23929788295884e-05
40293.7215 5.18079120155162e-05
40307.23382 5.18963770919133e-05
40320.74613 5.34535994818745e-05
40334.25844 5.48900141909758e-05
40347.77076 5.33734907716512e-05
40361.28307 5.40354568055527e-05
40374.79539 5.85953471896675e-05
40388.3077 6.14397887715028e-05
40401.82002 6.23561231159456e-05
40415.33233 6.15709633800469e-05
40428.84465 5.91082341166182e-05
40442.35696 5.58430246496471e-05
40455.86927 5.69129295589054e-05
40469.38159 5.94014565488609e-05
40482.8939 6.03360901649576e-05
40496.40622 6.19342191992591e-05
40509.91853 6.37609541337157e-05
40523.43085 6.43646442118908e-05
40536.94316 6.38282344195129e-05
40550.45547 6.53303403746088e-05
40563.96779 6.44269908138966e-05
40577.4801 6.23836528488203e-05
40590.99242 6.18830818147943e-05
40604.50473 6.20104230561116e-05
40618.01705 6.0601234950595e-05
40631.52936 5.89444609562451e-05
40645.04168 6.09490597119032e-05
40658.55399 6.16583737553341e-05
40672.0663 6.19856164998076e-05
40685.57862 6.27082313346464e-05
40699.09093 6.31651226909762e-05
40712.60325 6.20091511707559e-05
40726.11556 6.27542287982969e-05
40739.62788 6.49391446120745e-05
40753.14019 6.40530418998029e-05
40766.6525 6.25022157171666e-05
40780.16482 6.16844082405327e-05
40793.67713 6.1117854985817e-05
40807.18945 5.90698151007489e-05
40820.70176 6.06624078618401e-05
40834.21408 6.2647652583391e-05
40847.72639 6.19816989020092e-05
40861.23871 6.06901182470926e-05
40874.75102 6.06998336425344e-05
40888.26333 6.10750131658074e-05
40901.77565 5.9903382723273e-05
40915.28796 6.1267179521897e-05
40928.80028 6.24908934617926e-05
40942.31259 6.25053245074195e-05
40955.82491 6.18210062497928e-05
40969.33722 6.23182379942408e-05
40982.84953 6.14937071300728e-05
40996.36185 6.1287690300298e-05
41009.87416 6.31993366789348e-05
41023.38648 6.43142748325949e-05
41036.89879 6.32141993424629e-05
41050.41111 6.130114085242e-05
41063.92342 6.14514594286588e-05
41077.43574 5.95763812457367e-05
41090.94805 5.84128257526509e-05
41104.46036 5.8899176338272e-05
41117.97268 5.98551346894365e-05
41131.48499 5.82084066862055e-05
41144.99731 5.70908337377487e-05
41158.50962 5.73268817871347e-05
41172.02194 5.60322464154652e-05
41185.53425 5.4807567397579e-05
41199.04657 5.54415618756331e-05
41212.55888 5.80556150568374e-05
41226.07119 5.83879678843902e-05
41239.58351 5.963136492978e-05
41253.09582 6.09357429058016e-05
41266.60814 6.14130715170147e-05
41280.12045 6.03326627512656e-05
41293.63277 5.98655863804755e-05
41307.14508 5.79756038139188e-05
41320.65739 5.57399987183355e-05
41334.16971 5.51730928622818e-05
41347.68202 5.58177416273227e-05
41361.19434 5.47635432825319e-05
41374.70665 5.1854120501993e-05
41388.21897 5.2107880071117e-05
41401.73128 5.30749190424844e-05
41415.2436 5.37611446991658e-05
41428.75591 5.36809837762594e-05
41442.26822 5.36216276885262e-05
41455.78054 5.12157833842712e-05
41469.29285 4.98384454249745e-05
41482.80517 5.02061180418337e-05
41496.31748 5.13902776524821e-05
41509.8298 5.09613526431683e-05
41523.34211 5.18357149787821e-05
41536.85442 5.36191462181407e-05
41550.36674 5.34339044498908e-05
41563.87905 5.18435469250762e-05
41577.39137 5.07554882117405e-05
41590.90368 5.13678973705448e-05
41604.416 5.12130247870936e-05
41617.92831 5.16256692159662e-05
41631.44063 5.20393156521742e-05
41644.95294 5.16524000357371e-05
41658.46525 5.03106340465143e-05
41671.97757 5.1513866292923e-05
41685.48988 5.20964914142379e-05
41699.0022 5.11793297593654e-05
41712.51451 4.97228045616612e-05
41726.02683 5.06386243114376e-05
41739.53914 5.1240045646843e-05
41753.05146 5.09781316242091e-05
41766.56377 5.06232950727616e-05
41780.07608 5.00530819000957e-05
41793.5884 4.75505822022638e-05
41807.10071 4.6599548082792e-05
41820.61303 4.84777928648014e-05
41834.12534 4.99784302331388e-05
41847.63766 4.95953043780799e-05
41861.14997 4.81998758301638e-05
41874.66228 4.75806390073259e-05
41888.1746 4.50824574407037e-05
41901.68691 4.32831768486974e-05
41915.19923 4.34331195406894e-05
41928.71154 4.62733263963008e-05
41942.22386 4.63185184319841e-05
41955.73617 4.57841477234162e-05
41969.24849 4.5099174753675e-05
41982.7608 4.40729419200241e-05
41996.27311 4.17618372744858e-05
42009.78543 4.22332858613152e-05
42023.29774 4.40940101493782e-05
42036.81006 4.60003468305643e-05
42050.32237 4.66324518655416e-05
42063.83469 4.6802416437796e-05
42077.347 4.4570348898522e-05
42090.85931 4.17012724883006e-05
42104.37163 3.99855083859477e-05
42117.88394 4.07778369200501e-05
42131.39626 4.12322802642335e-05
42144.90857 4.10014300273825e-05
42158.42089 4.23412426702577e-05
42171.9332 4.45157292621864e-05
42185.44552 4.60589179276188e-05
42198.95783 4.6891026936344e-05
42212.47014 4.80610804479465e-05
42225.98246 4.76327419828825e-05
42239.49477 4.54575495869719e-05
42253.00709 4.36935776051299e-05
42266.5194 4.4178414631291e-05
42280.03172 4.31505665280237e-05
42293.54403 4.14935327121828e-05
42307.05634 4.04954349578317e-05
42320.56866 4.10959498677289e-05
42334.08097 3.94575593212552e-05
42347.59329 3.78549397512837e-05
42361.1056 3.71083820285103e-05
42374.61792 3.75375408985468e-05
42388.13023 3.7604383336417e-05
42401.64255 3.9126154851052e-05
42415.15486 4.03338825151891e-05
42428.66717 3.99973430373321e-05
42442.17949 3.69399201680927e-05
42455.6918 3.62442989937925e-05
42469.20412 3.61049166891887e-05
42482.71643 3.60219488664055e-05
42496.22875 3.54553012997935e-05
42509.74106 3.81112454759502e-05
42523.25338 3.93204417852536e-05
42536.76569 3.83934098470633e-05
42550.278 3.61701150417708e-05
42563.79032 3.58524518385935e-05
42577.30263 3.51768774185233e-05
42590.81495 3.44813199774526e-05
42604.32726 3.4322541826437e-05
42617.83958 3.58226176078786e-05
42631.35189 3.45417788043574e-05
42644.8642 3.29612803850752e-05
42658.37652 3.26160141629976e-05
42671.88883 3.41416692496525e-05
42685.40115 3.37081385270855e-05
42698.91346 3.26151044561542e-05
42712.42578 3.14656815271134e-05
42725.93809 3.05197218259419e-05
42739.45041 2.81935182906988e-05
42752.96272 2.80937378982537e-05
42766.47503 2.95068093130418e-05
42779.98735 3.08981106782152e-05
42793.49966 2.98977272730927e-05
42807.01198 2.93279610414137e-05
42820.52429 2.93485888148175e-05
42834.03661 2.9267473855737e-05
42847.54892 2.82559391147301e-05
42861.06123 2.86820491925886e-05
42874.57355 2.90266664711739e-05
42888.08586 2.86998471838876e-05
42901.59818 2.77129791520502e-05
42915.11049 2.77389109258351e-05
42928.62281 2.62953328807394e-05
42942.13512 2.43687805632757e-05
42955.64744 2.42059977664802e-05
42969.15975 2.66269767123497e-05
42982.67206 2.78980824032548e-05
42996.18438 2.74706675312826e-05
43009.69669 2.63523404821318e-05
43023.20901 2.70020081663852e-05
43036.72132 2.67177316844708e-05
43050.23364 2.57573606945453e-05
43063.74595 2.51756589516707e-05
43077.25826 2.57543316950389e-05
43090.77058 2.5005048628449e-05
43104.28289 2.59132138685882e-05
43117.79521 2.84828170576973e-05
43131.30752 3.26867737217687e-05
43144.81984 3.16270486792259e-05
43158.33215 2.88969420792152e-05
43171.84447 2.57414372084126e-05
43185.35678 2.42071933948145e-05
43198.86909 2.23648844973833e-05
43212.38141 2.16262924231314e-05
43225.89372 2.1358398101385e-05
43239.40604 2.22187243931336e-05
43252.91835 2.13281539664741e-05
43266.43067 2.12606158833896e-05
43279.94298 2.21498288937045e-05
43293.4553 2.25590056572111e-05
43306.96761 1.95453643492072e-05
43320.47992 1.77648637197209e-05
43333.99224 1.6801833538338e-05
43347.50455 1.72487364360788e-05
43361.01687 1.81628100886848e-05
43374.52918 1.98146558348719e-05
43388.0415 2.12007379003598e-05
43401.55381 1.93641149085166e-05
43415.06612 1.64225224659744e-05
43428.57844 1.62602059515999e-05
43442.09075 1.8414421190949e-05
43455.60307 2.08006072052952e-05
43469.11538 2.20180452871279e-05
43482.6277 2.3584238283892e-05
43496.14001 2.46602374363284e-05
43509.65233 2.35664196104845e-05
43523.16464 2.20563754159545e-05
43536.67695 2.16435075711589e-05
43550.18927 2.18578742402754e-05
43563.70158 2.02554321519252e-05
43577.2139 1.82158320341228e-05
43590.72621 1.72117272315214e-05
43604.23853 1.70677710013655e-05
43617.75084 1.53668776838771e-05
43631.26315 1.48899369488116e-05
43644.77547 1.3834303628763e-05
43658.28778 1.23743583813394e-05
43671.8001 1.06872070858339e-05
43685.31241 1.26478912423967e-05
43698.82473 1.37503167990153e-05
43712.33704 1.49760871782265e-05
43725.84936 1.33858520253383e-05
43739.36167 1.16107808572393e-05
43752.87398 1.04766894674307e-05
43766.3863 1.05506099919108e-05
43779.89861 1.15020533338031e-05
43793.41093 1.38893814206539e-05
43806.92324 1.50541748856587e-05
43820.43556 1.26951921940355e-05
43833.94787 1.17556240341062e-05
43847.46018 1.18500156945583e-05
43860.9725 1.34522651383658e-05
43874.48481 1.45074887318532e-05
43887.99713 1.54585990813599e-05
43901.50944 1.64577163865978e-05
43915.02176 1.63877004735969e-05
43928.53407 1.40355144704059e-05
43942.04639 1.15471936081622e-05
43955.5587 9.87198892008653e-06
43969.07101 1.06491260463035e-05
43982.58333 1.15847171275246e-05
43996.09564 1.277172494787e-05
44009.60796 1.39324724324364e-05
44023.12027 1.38063469303846e-05
44036.63259 1.2449878609951e-05
44050.1449 1.00100341883913e-05
44063.65722 8.42554976464044e-06
44077.16953 9.04558483224402e-06
44090.68184 1.02272963904484e-05
44104.19416 1.09945929480597e-05
44117.70647 1.143466154464e-05
44131.21879 1.15533206974414e-05
44144.7311 1.23597214320779e-05
44158.24342 1.05967348229113e-05
44171.75573 9.66481951773999e-06
44185.26804 1.0435606255281e-05
44198.78036 1.25708510213225e-05
44212.29267 1.30034838860822e-05
44225.80499 1.33384377142476e-05
44239.3173 1.32456595595468e-05
44252.82962 1.25021662787262e-05
44266.34193 1.06309073882259e-05
44279.85425 9.05940733125581e-06
44293.36656 8.26917252302852e-06
44306.87887 7.80974209520668e-06
44320.39119 8.2219766285108e-06
44333.9035 9.0380231247195e-06
44347.41582 1.00037279142921e-05
44360.92813 1.09178221595552e-05
44374.44045 1.14942701602649e-05
44387.95276 1.25178026632676e-05
44401.46507 1.34190348908375e-05
44414.97739 1.31712463533015e-05
44428.4897 1.21589783111346e-05
44442.00202 1.1167836228793e-05
44455.51433 1.08971178825347e-05
44469.02665 1.15439926041264e-05
44482.53896 1.15883874668052e-05
44496.05128 9.79329106059276e-06
44509.56359 9.03031280303655e-06
44523.0759 8.76898000553371e-06
44536.58822 8.88874269556317e-06
44550.10053 9.28601236618735e-06
44563.61285 9.55304921434042e-06
44577.12516 9.43404666378157e-06
44590.63748 8.87680745940758e-06
44604.14979 9.20397120689256e-06
44617.66211 1.06157998486961e-05
44631.17442 1.05938892693097e-05
44644.68673 9.00807610108904e-06
44658.19905 7.22718763401735e-06
44671.71136 6.63116968886017e-06
44685.22368 6.53630526305296e-06
44698.73599 6.4795263602851e-06
44712.24831 6.40469944422434e-06
44725.76062 7.49896905363194e-06
44739.27293 8.0866254898753e-06
44752.78525 7.92246054049365e-06
44766.29756 7.17177984196237e-06
44779.80988 8.23230046552943e-06
44793.32219 9.43704732358228e-06
44806.83451 9.29897168927137e-06
44820.34682 9.15158841903166e-06
44833.85914 9.38260955499696e-06
44847.37145 1.09267946197665e-05
44860.88376 1.18128005801055e-05
44874.39608 1.31398266674935e-05
44887.90839 1.34055796892375e-05
44901.42071 1.11130222163685e-05
44914.93302 9.91299666290791e-06
44928.44534 9.80226073433508e-06
44941.95765 1.05382932304885e-05
44955.46996 1.1179335249966e-05
44968.98228 1.16386142850691e-05
44982.49459 9.74809798332403e-06
44996.00691 8.83146329762236e-06
45009.51922 7.99837690451815e-06
45023.03154 7.94602004466833e-06
45036.54385 6.56256661986612e-06
45050.05617 6.36464886879044e-06
45063.56848 7.98253323589064e-06
45077.08079 1.00207838542665e-05
45090.59311 1.15342223839306e-05
45104.10542 1.23849673561317e-05
45117.61774 1.31248986911273e-05
45131.13005 1.21831546907743e-05
45144.64237 1.02864911963569e-05
45158.15468 7.13978376454797e-06
45171.66699 6.70688297027185e-06
45185.17931 8.62780927595216e-06
45198.69162 1.15455289434747e-05
45212.20394 1.3054801966198e-05
45225.71625 1.40266350393805e-05
45239.22857 1.52019576251792e-05
45252.74088 1.52355477320863e-05
45266.2532 1.39132649765287e-05
45279.76551 1.26396534767285e-05
45293.27782 1.09324615036066e-05
45306.79014 1.05547283681823e-05
45320.30245 1.10269071533405e-05
45333.81477 1.1724327369861e-05
45347.32708 1.23431772050295e-05
45360.8394 1.31676642480771e-05
45374.35171 1.26216164807682e-05
45387.86403 1.28400350722556e-05
45401.37634 1.57187646415132e-05
45414.88865 1.70760878072224e-05
45428.40097 1.53001290210374e-05
45441.91328 1.26111448851495e-05
45455.4256 1.06588203355242e-05
45468.93791 9.19396711867463e-06
45482.45023 7.37579134223469e-06
45495.96254 5.97283905979867e-06
45509.47485 5.43946717860851e-06
45522.98717 5.34716735246633e-06
45536.49948 5.18492362068316e-06
45550.0118 4.09056878820823e-06
45563.52411 4.21144677824225e-06
45577.03643 5.32100023865173e-06
45590.54874 6.76770285500045e-06
45604.06106 7.76049426800667e-06
45617.57337 7.43032726812196e-06
45631.08568 7.69037947431078e-06
45644.598 7.78643153551663e-06
45658.11031 7.5247146491442e-06
45671.62263 6.67945976391421e-06
45685.13494 6.99497781617263e-06
45698.64726 8.95505852283928e-06
45712.15957 8.57501020556336e-06
45725.67188 6.60425934630784e-06
45739.1842 4.93990560591226e-06
45752.69651 4.95034271851765e-06
45766.20883 5.57962069121353e-06
45779.72114 6.42676037426421e-06
45793.23346 6.78007792361738e-06
45806.74577 6.94841403310666e-06
45820.25809 8.09525964951467e-06
45833.7704 6.49884721827711e-06
45847.28271 5.93512217717574e-06
45860.79503 6.33762213224154e-06
45874.30734 6.41592819607934e-06
45887.81966 6.69080991664319e-06
45901.33197 5.86311955656632e-06
45914.84429 4.39118603879862e-06
45928.3566 4.71740581638512e-06
45941.86891 5.06753778949433e-06
45955.38123 4.00032385131164e-06
45968.89354 4.31459154417774e-06
45982.40586 6.0951461438325e-06
45995.91817 4.93110694856164e-06
46009.43049 3.61150914875618e-06
46022.9428 2.52359379358183e-06
46036.45512 1.66008823689259e-06
46049.96743 2.84739625648582e-06
46063.47974 3.71612236914222e-06
46076.99206 2.83146177326794e-06
46090.50437 2.31358409944024e-06
46104.01669 2.20834445427044e-06
46117.529 1.81609350382923e-06
46131.04132 1.8208643119706e-06
46144.55363 1.29959506439109e-06
46158.06595 1.24914142907912e-06
46171.57826 2.39903257792175e-06
46185.09057 4.07955825467745e-06
46198.60289 4.18102162492036e-06
46212.1152 2.49617773451786e-06
46225.62752 3.01835709007049e-06
46239.13983 3.24488395987692e-06
46252.65215 3.03091507461861e-06
46266.16446 2.5479557954506e-06
46279.67677 3.58959253016045e-06
46293.18909 6.26419183710727e-06
46306.7014 7.18359398235568e-06
46320.21372 7.17396154717616e-06
46333.72603 6.81559194088801e-06
46347.23835 7.10375436862116e-06
46360.75066 6.56766716237323e-06
46374.26298 5.41297900683061e-06
46387.77529 4.63517351529056e-06
46401.2876 4.83650626300323e-06
46414.79992 6.1701785851671e-06
46428.31223 5.06591723991631e-06
46441.82455 4.2630440610131e-06
46455.33686 4.99867232988826e-06
46468.84918 6.29816631066367e-06
46482.36149 6.96801565785485e-06
46495.8738 6.74002126340461e-06
46509.38612 6.88878055152612e-06
46522.89843 6.67475484450233e-06
46536.41075 6.42088497371875e-06
46549.92306 5.15640234148796e-06
46563.43538 5.67460376975853e-06
46576.94769 6.43080737146198e-06
46590.46001 6.50516237011096e-06
46603.97232 6.43600613604258e-06
46617.48463 4.86971977090913e-06
46630.99695 4.28212938160745e-06
46644.50926 4.40978855467349e-06
46658.02158 4.45813134582312e-06
46671.53389 4.81603224514153e-06
46685.04621 4.61062316395134e-06
46698.55852 5.07443338463887e-06
46712.07083 5.80503056350809e-06
46725.58315 6.42360747967072e-06
46739.09546 5.93529761522524e-06
46752.60778 6.3043475888502e-06
46766.12009 6.97710727536315e-06
46779.63241 7.07974554450616e-06
46793.14472 6.76425187520211e-06
46806.65704 5.53651425053932e-06
46820.16935 4.77991084780483e-06
46833.68166 5.43986259965196e-06
46847.19398 5.36525506932319e-06
46860.70629 4.46249980208556e-06
46874.21861 4.06702969910562e-06
46887.73092 4.17883294220757e-06
46901.24324 3.95205050661312e-06
46914.75555 3.0906191100132e-06
46928.26787 2.4947716810916e-06
46941.78018 2.00545254276359e-06
46955.29249 1.90056232202446e-06
46968.80481 3.25508773565944e-06
46982.31712 3.57007106000796e-06
46995.82944 4.18949862984755e-06
47009.34175 4.27675277595628e-06
47022.85407 5.43469311289891e-06
47036.36638 5.8963752001794e-06
47049.87869 6.03364051225353e-06
47063.39101 6.43694204839935e-06
47076.90332 5.73405297970021e-06
47090.41564 4.49605615335995e-06
47103.92795 9.85820635017306e-07
47117.44027 4.55387467869866e-07
47130.95258 2.65439305140992e-07
47144.4649 3.50868324044619e-07
47157.97721 5.99128032247076e-07
47171.48952 7.51891552898851e-07
47185.00184 1.24204140793827e-06
47198.51415 2.41423036106122e-06
47212.02647 2.49050830729048e-06
47225.53878 2.19375513610696e-06
47239.0511 2.47469649688294e-06
47252.56341 2.18933319793566e-06
47266.07572 1.68889750994697e-06
47279.58804 1.34349314123884e-06
47293.10035 1.1365892772253e-06
47306.61267 1.32521800192236e-06
47320.12498 1.73877762291468e-06
47333.6373 1.94833283260399e-06
47347.14961 1.96499686558208e-06
47360.66193 1.76965732297041e-06
47374.17424 1.90160078638734e-06
47387.68655 2.20583144971327e-06
47401.19887 1.55995658224136e-06
47414.71118 1.49391355230175e-06
47428.2235 2.32222448672644e-06
47441.73581 3.44353693261317e-06
47455.24813 4.73627447575589e-06
47468.76044 3.98088387184064e-06
47482.27276 3.2067430623178e-06
47495.78507 2.51610410304383e-06
47509.29738 2.3369388961742e-06
47522.8097 2.66124225057936e-06
47536.32201 2.39521836639273e-06
47549.83433 1.63594635012212e-06
47563.34664 2.02801588313994e-06
47576.85896 2.11793373364915e-06
47590.37127 2.27415733945499e-06
47603.88358 1.56927390573306e-06
47617.3959 1.08349785366423e-06
47630.90821 7.3689563109248e-07
47644.42053 4.41814793404468e-07
47657.93284 5.90860357191209e-07
47671.44516 5.4247061331909e-07
47684.95747 2.51252627358918e-08
47698.46979 5.21112607238285e-09
47711.9821 1.50519468194588e-08
47725.49441 1.08305063155275e-07
47739.00673 1.05488208202207e-06
47752.51904 1.26390997990349e-06
47766.03136 9.41166236477874e-07
47779.54367 3.31376049127945e-07
47793.05599 2.60692648989217e-08
47806.5683 4.73692997133099e-09
47820.08061 4.73322481609665e-09
47833.59293 4.72953287012457e-09
47847.10524 4.72584983591361e-09
47860.61756 4.722175964275e-09
47874.12987 5.54194312471063e-09
47887.64219 1.27395434840964e-07
47901.1545 7.12329738932529e-07
47914.66682 3.89967241243964e-07
47928.17913 1.78272751931305e-08
47941.69144 4.70040322029418e-09
47955.20376 4.69681334535765e-09
47968.71607 4.69322805935155e-09
47982.22839 4.68964870691435e-09
47995.7407 6.17396856974971e-08
48009.25302 9.04556680935294e-07
48022.76533 1.52269449848147e-06
48036.27764 1.09071513973452e-06
48049.78996 1.21402725466262e-06
48063.30227 1.37286042311776e-06
48076.81459 1.57317155118901e-06
48090.3269 1.84521513353008e-06
48103.83922 1.53258225938014e-06
48117.35153 8.3615082881917e-07
48130.86385 1.45142695243551e-08
48144.37616 4.65217176904693e-09
48157.88847 4.64855176295551e-09
48171.40079 4.64492875098929e-09
48184.9131 5.16096734786776e-09
48198.42542 1.16916748458e-07
48211.93773 1.53427673272124e-06
48225.45005 2.3187466195423e-06
48238.96236 2.01661509565287e-06
48252.47468 1.4782554519437e-06
48265.98699 8.0440486681104e-07
48279.4993 9.62621770284223e-08
48293.01162 5.59806821162403e-09
48306.52393 4.60910987663123e-09
48320.03625 4.60545700845031e-09
48333.54856 4.601793921466e-09
48347.06088 4.59811990561208e-09
48360.57319 4.59443446311595e-09
48374.0855 4.59073692583678e-09
48387.59782 5.60416812132431e-09
48401.11013 1.07954345698562e-07
48414.62245 8.96588879837258e-07
48428.13476 1.58896700505767e-06
48441.64708 2.03720475364067e-06
48455.15939 2.29870228466712e-06
48468.67171 2.05503658596315e-06
48482.18402 1.29363555871919e-06
48495.69633 5.18275765464619e-07
48509.20865 2.88896288568096e-08
48522.72096 4.78200762926824e-09
48536.23328 2.81395913866915e-08
48549.74559 5.01908900826363e-08
48563.25791 5.74649603367223e-09
48576.77022 4.53391183569575e-09
48590.28253 4.62995265281356e-09
48603.79485 4.35775924785294e-08
48617.30716 1.31983704065869e-07
48630.81948 6.71002030082373e-09
48644.33179 4.51431682044541e-09
48657.84411 4.51032665753151e-09
48671.35642 3.43946494570497e-08
48684.86874 4.71474487337751e-07
48698.38105 6.61893898937778e-07
48711.89336 4.36117261089392e-07
48725.40568 8.65025471213623e-07
48738.91799 6.4108795568199e-07
48752.43031 2.20227074559453e-07
48765.94262 8.98000184782076e-09
48779.45494 4.47788774813979e-09
48792.96725 4.47179023119232e-09
48806.47956 4.46562422329942e-09
48819.99188 4.87065267227853e-09
48833.50419 7.33365656234716e-08
48847.01651 9.61433031753731e-07
48860.52882 1.57267039272448e-06
48874.04114 1.93999717736017e-06
48887.55345 2.1136212821642e-06
48901.06577 1.99831480838599e-06
48914.57808 1.89610924601488e-06
48928.09039 1.94413543040436e-06
48941.60271 1.92392336841275e-06
48955.11502 1.32200066160641e-06
48968.62734 4.6588602319879e-08
48982.13965 4.38379892922643e-09
48995.65197 4.37734293238686e-09
49009.16428 4.37085946291089e-09
49022.6766 4.36435007507783e-09
49036.18891 4.35781957517541e-09
49049.70122 4.3512686703409e-09
49063.21354 4.34469493990444e-09
49076.72585 4.33810073937388e-09
49090.23817 4.33148619543984e-09
49103.75048 1.19703925741231e-08
49117.2628 5.11934885215978e-07
49130.77511 9.64103081681716e-07
49144.28742 5.84998450942889e-07
49157.79974 1.29109835781111e-08
49171.31205 4.29146595439596e-09
49184.82437 4.28472642355802e-09
49198.33668 4.27796778883822e-09
49211.849 4.27115089653071e-09
49225.36131 4.26430889906813e-09
49238.87363 4.25744847517726e-09
49252.38594 4.25056822630906e-09
49265.89825 4.2436692206862e-09
49279.41057 4.23675240997737e-09
49292.92288 4.2298161389572e-09
49306.4352 4.22285720104197e-09
49319.94751 4.21587572872598e-09
49333.45983 4.20887528895477e-09
49346.97214 4.20185821208828e-09
49360.48445 4.19482447116901e-09
49373.99677 4.18777286714728e-09
49387.50908 4.18070539418905e-09
49401.0214 4.17362413862665e-09
49414.53371 4.16861562378101e-09
49428.04603 4.16400789181413e-09
49441.55834 4.15690068402864e-09
49455.07066 1.08629880716527e-08
49468.58297 3.64836192138525e-07
49482.09528 3.00955391986008e-08
49495.6076 4.12832082885016e-09
49509.11991 4.12114572872303e-09
49522.63223 4.1139588074431e-09
49536.14454 4.10675835592861e-09
49549.65686 4.09954496596747e-09
49563.16917 4.09231772448255e-09
49576.68148 4.08507795783985e-09
49590.1938 4.07782595527436e-09
49603.70611 4.07055969103454e-09
49617.21843 5.23419764164667e-09
49630.73074 3.63195150957202e-08
49644.24306 1.88092707284965e-07
49657.75537 4.47107467188066e-07
49671.26769 6.76935432600895e-07
49684.78 1.22234038786529e-06
49698.29231 6.16261003048156e-07
49711.80463 4.97952465417802e-07
49725.31694 6.17326125234367e-07
49738.82926 9.49753808019087e-07
49752.34157 1.58053585200817e-06
49765.85389 1.60788216015433e-06
49779.3662 1.41570642724817e-06
49792.87852 1.08406011019282e-06
49806.39083 8.83114271297718e-07
49819.90314 8.97549104466133e-07
49833.41546 1.17517600488432e-06
49846.92777 1.18213123508688e-06
49860.44009 1.33523965878587e-06
49873.9524 1.65215733933171e-06
49887.46472 6.53768330398593e-07
49900.97703 3.40700554016561e-07
49914.48934 2.25214503146322e-07
49928.00166 2.37709845959447e-07
49941.51397 5.21588323639326e-07
49955.02629 5.2755689657967e-07
49968.5386 7.78569230903416e-07
49982.05092 2.59953146434678e-07
49995.56323 5.67140747338715e-08
50009.07555 1.09963031082152e-07
50022.58786 4.2697489999792e-07
50036.10017 5.73130850773005e-07
50049.61249 1.5652800771699e-07
50063.1248 7.36054357562676e-09
50076.63712 3.81492365066666e-09
50090.14943 3.81210277198457e-09
50103.66175 6.69202246441084e-09
50117.17406 2.58926793009131e-08
50130.68637 8.82621061137013e-08
50144.19869 2.62491967829512e-07
50157.711 4.52893147139134e-07
50171.22332 6.3033598163941e-07
50184.73563 6.87223531281617e-07
50198.24795 7.24390791973689e-07
50211.76026 7.51138789322234e-07
50225.27258 5.18557356085682e-07
50238.78489 6.65705981132537e-07
50252.2972 2.12717035647756e-08
50265.80952 3.72049312853376e-09
50279.32183 3.71337408327523e-09
50292.83415 3.70624392414841e-09
50306.34646 3.69910291947177e-09
50319.85878 3.69195106924043e-09
50333.37109 3.68478754298572e-09
50346.88341 3.67761284665523e-09
50360.39572 3.76475604483973e-09
50373.90803 1.54765262606454e-08
50387.42035 1.306550011217e-07
50400.93266 3.37555333825674e-07
50414.44498 6.79528386959041e-07
50427.95729 1.02666301708051e-06
50441.46961 9.88062278727389e-07
50454.98192 7.63527350460268e-07
50468.49423 3.84188255451144e-08
50482.00655 3.6825560078441e-09
50495.51886 3.59788760638794e-09
50509.03118 3.73334537980726e-09
50522.54349 6.43751225065293e-09
50536.05581 8.93261901572189e-09
50549.56812 4.18601504366775e-09
50563.08044 3.56110559987443e-09
50576.59275 3.55370512507013e-09
50590.10506 3.54628994592309e-09
50603.61738 3.53885830485544e-09
50617.12969 1.4771912850612e-08
50630.64201 3.06372364551923e-07
50644.15432 4.36641591800978e-07
50657.66664 2.83181835036882e-07
50671.17895 9.93933414624709e-09
50684.69126 3.49841481927074e-09
50698.20358 3.49196449222885e-09
50711.71589 4.84131760858658e-09
50725.22821 2.63702940241008e-08
50738.74052 1.16380758122522e-08
50752.25284 3.67152165916552e-09
50765.76515 3.45937302286176e-09
50779.27747 3.45627152229973e-09
50792.78978 3.44992364949059e-09
50806.30209 3.44328053819624e-09
50819.81441 3.43661395239685e-09
50833.32672 4.13318884189457e-09
50846.83904 2.16629859181739e-08
50860.35135 2.34721728350809e-08
50873.86367 1.00814111447027e-08
50887.37598 4.5412533321562e-08
50900.88829 3.08903222170307e-07
50914.40061 6.6901671621225e-07
50927.91292 1.06448886891923e-06
50941.42524 9.62148380073737e-07
50954.93755 5.88414607242271e-07
50968.44987 1.28814492509067e-08
50981.96218 3.35460069122322e-09
50995.4745 3.34759115365566e-09
