"wave" "response"
25003 0
134820 0
141090 2.3358e-07
255920 0
315210 0
315460 2.9019e-08
315710 3.4739e-07
315960 9.5301e-07
316210 1.2388e-06
316460 1.0366e-06
316710 5.4686e-07
316960 1.1508e-07
489000 0
495660 3.8637e-08
496280 5.7809e-08
498130 5.7352e-08
498750 7.6263e-08
499380 1.1408e-07
5e+05 1.8962e-07
500630 2.6481e-07
501250 3.5848e-07
501880 4.705e-07
503780 5.6061e-07
504410 5.4082e-07
505050 5.0249e-07
505690 4.8289e-07
506330 3.3362e-07
506970 2.2211e-07
507610 5.7298e-07
508260 1.1074e-06
508910 1.622e-06
509550 2.3744e-06
511510 3.0431e-06
512160 3.2221e-06
514140 3.0052e-06
514800 2.6541e-06
515460 3.2297e-06
516130 4.6361e-06
516800 5.0813e-06
517460 5.6516e-06
518130 6.743e-06
518810 6.3909e-06
519480 6.1657e-06
520160 7.5655e-06
520830 8.2459e-06
521510 8.9797e-06
522190 1.1131e-05
522880 1.1882e-05
523560 1.2104e-05
524250 1.3999e-05
524930 1.3576e-05
525620 1.0669e-05
526320 9.7215e-06
527010 8.9008e-06
527700 7.5197e-06
528400 9.2767e-06
529100 1.0278e-05
529800 7.4662e-06
530500 6.1869e-06
531210 6.1549e-06
531920 4.5469e-06
532620 4.9669e-06
533330 6.748e-06
534040 6.7303e-06
534760 7.0573e-06
535480 8.4729e-06
536190 7.2396e-06
536910 5.2622e-06
537630 5.564e-06
538360 5.8832e-06
539080 5.8942e-06
539810 7.4764e-06
540540 8.4594e-06
541270 7.9602e-06
542010 8.6313e-06
542740 8.7796e-06
543480 6.6149e-06
544220 5.9782e-06
544960 6.8289e-06
545700 7.1596e-06
546450 1.1769e-05
547200 1.9075e-05
547940 2.1221e-05
548700 2.198e-05
549450 2.3269e-05
550210 1.8351e-05
550960 1.4328e-05
551720 1.8399e-05
552490 2.2654e-05
553250 3.283e-05
554020 5.5799e-05
554790 7.3626e-05
555560 8.6012e-05
556330 0.0001046
557100 0.0001029
557880 7.2334e-05
558660 4.6239e-05
559440 2.2573e-05
560220 1.4481e-06
561010 1.4094e-05
561800 5.7636e-05
562590 9.1083e-05
563380 0.00013042
564170 0.00016844
564970 0.00016418
565770 0.00015461
566570 0.00014903
567380 0.00010074
568180 6.1074e-05
568990 6.693e-05
569800 5.0248e-05
570610 2.1966e-05
571430 3.4601e-05
572250 4.6997e-05
573070 5.3655e-05
573890 8.4659e-05
574710 8.6903e-05
575540 6.3003e-05
576370 8.6622e-05
577200 0.00011155
578040 9.4286e-05
578870 0.00010465
579710 0.00014644
580550 0.00020361
581390 0.00032331
582240 0.00045338
583090 0.00049363
583940 0.00048387
584790 0.00047884
585650 0.00046295
586510 0.00044673
587370 0.00041794
588240 0.00035615
589100 0.00032119
589970 0.00032964
590840 0.00032003
591720 0.00028134
592590 0.00024849
593470 0.00025465
594350 0.00030505
595240 0.00035093
596120 0.00034123
597010 0.00030987
597910 0.00030646
598800 0.00033245
599700 0.00035458
600600 0.00032177
601500 0.00027391
602410 0.00030671
603320 0.00035357
604230 0.00033716
605140 0.00031614
606060 0.00030243
606980 0.00032736
607900 0.00052105
608830 0.00078046
609760 0.00091519
610690 0.00098953
611620 0.00098942
612560 0.00079813
613500 0.00058759
614440 0.00043879
615390 0.00023897
616330 0.00018388
617280 0.00030551
618240 0.00028067
619200 0.00022127
620150 0.00035156
621120 0.0004064
622080 0.00040768
623050 0.00057716
624030 0.00061833
625000 0.00053965
625980 0.0006478
626960 0.00079179
627940 0.00074917
628930 0.0008539
629920 0.00092497
630910 0.0007469
631910 0.00078537
632910 0.00086689
633910 0.00056613
634920 0.0004077
635930 0.00051645
636940 0.00036812
637960 0.00035252
638980 0.00066256
640000 0.00063619
641030 0.00055128
642050 0.0008341
643090 0.00082485
644120 0.0006618
645160 0.00087483
646200 0.00080869
647250 0.00049804
648300 0.00063729
649350 0.00056042
650410 9.081e-05
651470 0.00024946
652530 0.00058852
653590 0.00042581
654660 0.00057555
655740 0.00090043
656810 0.0006236
657890 0.00055402
658980 0.00090727
660070 0.00077511
661160 0.00068337
662250 0.00095855
663350 0.00076087
664450 0.00029075
665560 0.00047268
666670 0.00036058
667780 3.3025e-05
668900 0.00026254
670020 0.00042393
671140 2.5249e-05
672270 0.00018521
673400 0.00046397
674540 3.1631e-05
675680 0.00021022
676820 0.00050511
677970 9.5123e-05
679120 0.00011111
680270 0.00052916
681430 0.00011022
682590 2.0587e-05
683760 0.00029492
684930 0.00010225
686110 9.2512e-05
687290 0.00031506
688470 0.00015359
689650 8.9825e-05
690850 0.00073476
692040 0.00057844
693240 0.0004171
694440 0.0010309
695650 0.000771
696860 0.00028388
698080 0.00076873
699300 0.00042133
700520 0.00011268
701750 0.00028463
702990 0.0003123
704230 5.2208e-05
705470 0.00044426
706710 0.00092908
707970 0.0003854
709220 0.00082124
710480 0.001606
711740 0.0011513
713010 0.0012984
714290 0.0019402
715560 0.0013377
716850 0.0011953
718130 0.0018691
719420 0.0012587
720720 0.00072521
722020 0.0012687
723330 0.00076375
724640 0.00017708
725950 0.00083391
727270 0.00044819
728600 8.9054e-05
729930 9.5928e-05
731260 0.00026476
732600 1.3461e-05
733950 3.3237e-05
735290 0.00014017
736650 2.8749e-05
738010 0.00012073
739370 2.2859e-05
740740 0.00012447
742120 0.00046857
743490 0.00025745
744880 0.00029261
746270 0.00056187
747660 0.00025491
749060 7.3966e-05
750470 0.00019783
751880 3.4277e-05
753300 1.806e-05
754720 0.00028336
756140 0.00026231
757580 0.00025393
759010 0.0010998
760460 0.00066425
761900 0.00017013
763360 0.0011255
764820 0.00076463
766280 0.00018949
767750 0.0013723
769230 0.0013702
770710 0.00064178
772200 0.0018564
773690 0.0023666
775190 0.0015484
776700 0.0025388
778210 0.0033086
779730 0.002362
781250 0.0031064
782780 0.0042815
784310 0.00349
785860 0.0039682
787400 0.005518
788960 0.0054063
790510 0.0063458
792080 0.0087507
793650 0.0092831
795230 0.010172
796810 0.012812
798400 0.013778
8e+05 0.014715
801600 0.017871
803210 0.019814
804830 0.021512
806450 0.026077
808080 0.030249
809720 0.033261
811360 0.038929
813010 0.046051
814660 0.052858
816330 0.060693
818000 0.068808
819670 0.077814
821350 0.089123
823040 0.10125
824740 0.11638
826450 0.13323
828160 0.15085
829880 0.17072
831600 0.19167
833330 0.21201
835070 0.23331
836820 0.25484
838570 0.2738
840340 0.29178
842110 0.30197
843880 0.31671
845670 0.33055
847460 0.34542
849260 0.36067
851060 0.37764
852880 0.39664
854700 0.41469
856530 0.43192
858370 0.44849
860210 0.46032
862070 0.47014
863930 0.47847
865800 0.48278
867680 0.48401
869560 0.48461
871460 0.48335
873360 0.48019
875270 0.4775
877190 0.47434
879120 0.47001
881060 0.46677
883000 0.46398
884960 0.45975
886920 0.45616
888890 0.45298
890870 0.44825
892860 0.44315
894850 0.43975
896860 0.43555
898880 0.4324
900900 0.4326
902940 0.4348
904980 0.4396
907030 0.44797
909090 0.45598
911160 0.46417
913240 0.47529
915330 0.48638
917430 0.49615
919540 0.5073
921660 0.51785
923790 0.52692
925930 0.53729
928070 0.54728
930230 0.55483
932400 0.56287
934580 0.57107
936770 0.57596
938970 0.58012
941180 0.5838
943400 0.58405
945630 0.58346
947870 0.58456
950120 0.58438
952380 0.58449
954650 0.58583
956940 0.58496
959230 0.58285
961540 0.58429
963850 0.58446
966180 0.58149
968520 0.58089
970870 0.58039
973240 0.57768
975610 0.57698
977990 0.57615
980390 0.57306
982800 0.57122
985220 0.56929
987650 0.56399
990100 0.55805
992560 0.55187
995030 0.54244
997510 0.53372
1e+06 0.52847
1002500 0.52213
1005000 0.51511
1007600 0.50946
1010100 0.50128
1012700 0.49343
1015200 0.48941
1017800 0.48574
1020400 0.4801
1023000 0.47636
1025600 0.47288
1028300 0.46807
1030900 0.46546
1033600 0.46334
1036300 0.45867
1039000 0.45344
1041700 0.44728
1044400 0.43856
1047100 0.43102
1049900 0.42469
1052600 0.41493
1055400 0.40493
1058200 0.40032
1061000 0.39448
1063800 0.38913
1066700 0.38998
1069500 0.39068
1072400 0.38903
1075300 0.39064
1078200 0.38914
1081100 0.38354
1084000 0.38326
1087000 0.38408
1089900 0.37806
1092900 0.37494
1095900 0.37471
1098900 0.3689
1101900 0.36614
1105000 0.36751
1108000 0.36316
1111100 0.35976
1114200 0.36186
1117300 0.35753
1120400 0.35325
1123600 0.35477
1126800 0.35126
1129900 0.34607
1133100 0.34567
1136400 0.34112
1139600 0.33385
1142900 0.33204
1146100 0.32949
1149400 0.32276
1152700 0.31952
1156100 0.31631
1159400 0.3087
1162800 0.30433
1166200 0.30175
1169600 0.29466
1173000 0.28952
1176500 0.28667
1179900 0.27865
1183400 0.27129
1186900 0.26672
1190500 0.25785
1194000 0.24865
1197600 0.24183
1201200 0.23155
1204800 0.22004
1208500 0.21078
1212100 0.1993
1215800 0.18638
1219500 0.17542
1223200 0.16298
1227000 0.14899
1230800 0.13669
1234600 0.1241
1238400 0.1104
1242200 0.098305
1246100 0.087117
1250000 0.075431
1253900 0.064731
1257900 0.055136
1261800 0.045898
1265800 0.038074
1269800 0.031484
1273900 0.025323
1278000 0.02011
1282100 0.015941
1286200 0.012266
1290300 0.00935
1294500 0.007344
1298700 0.0059176
1302900 0.0049165
1307200 0.0043566
1311500 0.0041187
1315800 0.0039831
1320100 0.0039539
1324500 0.0039787
1328900 0.0040318
1333300 0.0041159
1337800 0.0041228
1342300 0.0040079
1346800 0.0038286
1351300 0.0035976
1355900 0.0033304
1360500 0.0030965
1365200 0.0028764
1369900 0.0026027
1374600 0.0023351
1379300 0.0020716
1384100 0.0017688
1388900 0.0015036
1393700 0.0013221
1398600 0.0011361
1403500 0.00093715
1408500 0.00077147
1413400 0.00061819
1418400 0.00048568
1423500 0.00038827
1428600 0.00030992
1433700 0.00024627
1438800 0.00020185
1444000 0.00016233
1449300 0.00012324
1454600 9.4779e-05
1459900 7.5452e-05
1465200 5.8771e-05
1470600 4.6407e-05
1476000 3.6107e-05
1481500 2.6262e-05
1487000 1.9692e-05
1492500 1.605e-05
1498100 1.241e-05
1503800 9.4926e-06
1509400 7.9964e-06
1515100 6.5416e-06
1520900 5.0695e-06
1526700 4.258e-06
1532600 3.4763e-06
1538500 2.6371e-06
1544400 2.215e-06
1550400 1.785e-06
1556400 1.2503e-06
1562500 1.0202e-06
1568600 9.2548e-07
1574800 7.1805e-07
1581000 5.8169e-07
1587300 4.9945e-07
1593600 3.7109e-07
1600000 2.9616e-07
1606400 2.7359e-07
1612900 2.0001e-07
1619400 1.5285e-07
1626000 1.4171e-07
1632600 1.1061e-07
1652900 7.2647e-08
1680700 3.2503e-08
1687800 2.7629e-08
1694900 3.1966e-08
1702100 3.6226e-08
1724100 3.1482e-08
1731600 2.6923e-08
1739100 2.2384e-08
3361300 0
