"wave" "response"
1690 0
1691 0.00245
1692 0.0049
1693 0.00735
1694 0.0098
1695 0.01225
1696 0.0147
1697 0.01715
1698 0.0196
1699 0.02205
1700 0.0245
1701 0.024676
1702 0.024852
1703 0.025028
1704 0.025204
1705 0.02538
1706 0.025556
1707 0.025732
1708 0.025908
1709 0.026084
1710 0.02626
1711 0.026436
1712 0.026612
1713 0.026788
1714 0.026964
1715 0.02714
1716 0.027316
1717 0.027492
1718 0.027668
1719 0.027844
1720 0.02802
1721 0.028196
1722 0.028372
1723 0.028548
1724 0.028724
1725 0.0289
1726 0.029076
1727 0.029252
1728 0.029428
1729 0.029604
1730 0.02978
1731 0.029956
1732 0.030132
1733 0.030308
1734 0.030484
1735 0.03066
1736 0.030836
1737 0.031012
1738 0.031188
1739 0.031364
1740 0.03154
1741 0.031716
1742 0.031892
1743 0.032068
1744 0.032244
1745 0.03242
1746 0.032596
1747 0.032772
1748 0.032948
1749 0.033124
1750 0.0333
1751 0.034672
1752 0.036044
1753 0.037416
1754 0.038788
1755 0.04016
1756 0.041532
1757 0.042904
1758 0.044276
1759 0.045648
1760 0.04702
1761 0.048392
1762 0.049764
1763 0.051136
1764 0.052508
1765 0.05388
1766 0.055252
1767 0.056624
1768 0.057996
1769 0.059368
1770 0.06074
1771 0.062112
1772 0.063484
1773 0.064856
1774 0.066228
1775 0.0676
1776 0.068972
1777 0.070344
1778 0.071716
1779 0.073088
1780 0.07446
1781 0.075832
1782 0.077204
1783 0.078576
1784 0.079948
1785 0.08132
1786 0.082692
1787 0.084064
1788 0.085436
1789 0.086808
1790 0.08818
1791 0.089552
1792 0.090924
1793 0.092296
1794 0.093668
1795 0.09504
1796 0.096412
1797 0.097784
1798 0.099156
1799 0.10053
1800 0.1019
1801 0.10338
1802 0.10486
1803 0.10634
1804 0.10782
1805 0.1093
1806 0.11078
1807 0.11226
1808 0.11374
1809 0.11522
1810 0.1167
1811 0.11818
1812 0.11966
1813 0.12114
1814 0.12262
1815 0.1241
1816 0.12558
1817 0.12706
1818 0.12854
1819 0.13002
1820 0.1315
1821 0.13298
1822 0.13446
1823 0.13594
1824 0.13742
1825 0.1389
1826 0.14038
1827 0.14186
1828 0.14334
1829 0.14482
1830 0.1463
1831 0.14778
1832 0.14926
1833 0.15074
1834 0.15222
1835 0.1537
1836 0.15518
1837 0.15666
1838 0.15814
1839 0.15962
1840 0.1611
1841 0.16258
1842 0.16406
1843 0.16554
1844 0.16702
1845 0.1685
1846 0.16998
1847 0.17146
1848 0.17294
1849 0.17442
1850 0.1759
1851 0.17772
1852 0.17954
1853 0.18136
1854 0.18318
1855 0.185
1856 0.18682
1857 0.18864
1858 0.19046
1859 0.19228
1860 0.1941
1861 0.19592
1862 0.19774
1863 0.19956
1864 0.20138
1865 0.2032
1866 0.20502
1867 0.20684
1868 0.20866
1869 0.21048
1870 0.2123
1871 0.21412
1872 0.21594
1873 0.21776
1874 0.21958
1875 0.2214
1876 0.22322
1877 0.22504
1878 0.22686
1879 0.22868
1880 0.2305
1881 0.23232
1882 0.23414
1883 0.23596
1884 0.23778
1885 0.2396
1886 0.24142
1887 0.24324
1888 0.24506
1889 0.24688
1890 0.2487
1891 0.25052
1892 0.25234
1893 0.25416
1894 0.25598
1895 0.2578
1896 0.25962
1897 0.26144
1898 0.26326
1899 0.26508
1900 0.2669
1901 0.26824
1902 0.26957
1903 0.27091
1904 0.27224
1905 0.27358
1906 0.27492
1907 0.27625
1908 0.27759
1909 0.27892
1910 0.28026
1911 0.2816
1912 0.28293
1913 0.28427
1914 0.2856
1915 0.28694
1916 0.28828
1917 0.28961
1918 0.29095
1919 0.29228
1920 0.29362
1921 0.29496
1922 0.29629
1923 0.29763
1924 0.29896
1925 0.3003
1926 0.30164
1927 0.30297
1928 0.30431
1929 0.30564
1930 0.30698
1931 0.30832
1932 0.30965
1933 0.31099
1934 0.31232
1935 0.31366
1936 0.315
1937 0.31633
1938 0.31767
1939 0.319
1940 0.32034
1941 0.32168
1942 0.32301
1943 0.32435
1944 0.32568
1945 0.32702
1946 0.32836
1947 0.32969
1948 0.33103
1949 0.33236
1950 0.3337
1951 0.33601
1952 0.33832
1953 0.34064
1954 0.34295
1955 0.34526
1956 0.34757
1957 0.34988
1958 0.3522
1959 0.35451
1960 0.35682
1961 0.35913
1962 0.36144
1963 0.36376
1964 0.36607
1965 0.36838
1966 0.37069
1967 0.373
1968 0.37532
1969 0.37763
1970 0.37994
1971 0.38225
1972 0.38456
1973 0.38688
1974 0.38919
1975 0.3915
1976 0.39381
1977 0.39612
1978 0.39844
1979 0.40075
1980 0.40306
1981 0.40537
1982 0.40768
1983 0.41
1984 0.41231
1985 0.41462
1986 0.41693
1987 0.41924
1988 0.42156
1989 0.42387
1990 0.42618
1991 0.42849
1992 0.4308
1993 0.43312
1994 0.43543
1995 0.43774
1996 0.44005
1997 0.44236
1998 0.44468
1999 0.44699
2000 0.4493
2001 0.44974
2002 0.45017
2003 0.45061
2004 0.45104
2005 0.45148
2006 0.45192
2007 0.45235
2008 0.45279
2009 0.45322
2010 0.45366
2011 0.4541
2012 0.45453
2013 0.45497
2014 0.4554
2015 0.45584
2016 0.45628
2017 0.45671
2018 0.45715
2019 0.45758
2020 0.45802
2021 0.45846
2022 0.45889
2023 0.45933
2024 0.45976
2025 0.4602
2026 0.46064
2027 0.46107
2028 0.46151
2029 0.46194
2030 0.46238
2031 0.46282
2032 0.46325
2033 0.46369
2034 0.46412
2035 0.46456
2036 0.465
2037 0.46543
2038 0.46587
2039 0.4663
2040 0.46674
2041 0.46718
2042 0.46761
2043 0.46805
2044 0.46848
2045 0.46892
2046 0.46936
2047 0.46979
2048 0.47023
2049 0.47066
2050 0.4711
2051 0.4722
2052 0.4733
2053 0.47439
2054 0.47549
2055 0.47659
2056 0.47769
2057 0.47879
2058 0.47988
2059 0.48098
2060 0.48208
2061 0.48318
2062 0.48428
2063 0.48537
2064 0.48647
2065 0.48757
2066 0.48867
2067 0.48977
2068 0.49086
2069 0.49196
2070 0.49306
2071 0.49416
2072 0.49526
2073 0.49635
2074 0.49745
2075 0.49855
2076 0.49965
2077 0.50075
2078 0.50184
2079 0.50294
2080 0.50404
2081 0.50514
2082 0.50624
2083 0.50733
2084 0.50843
2085 0.50953
2086 0.51063
2087 0.51173
2088 0.51282
2089 0.51392
2090 0.51502
2091 0.51612
2092 0.51722
2093 0.51831
2094 0.51941
2095 0.52051
2096 0.52161
2097 0.52271
2098 0.5238
2099 0.5249
2100 0.526
2101 0.52738
2102 0.52876
2103 0.53014
2104 0.53152
2105 0.5329
2106 0.53428
2107 0.53566
2108 0.53704
2109 0.53842
2110 0.5398
2111 0.54118
2112 0.54256
2113 0.54394
2114 0.54532
2115 0.5467
2116 0.54808
2117 0.54946
2118 0.55084
2119 0.55222
2120 0.5536
2121 0.55498
2122 0.55636
2123 0.55774
2124 0.55912
2125 0.5605
2126 0.56188
2127 0.56326
2128 0.56464
2129 0.56602
2130 0.5674
2131 0.56878
2132 0.57016
2133 0.57154
2134 0.57292
2135 0.5743
2136 0.57568
2137 0.57706
2138 0.57844
2139 0.57982
2140 0.5812
2141 0.58258
2142 0.58396
2143 0.58534
2144 0.58672
2145 0.5881
2146 0.58948
2147 0.59086
2148 0.59224
2149 0.59362
2150 0.595
2151 0.59543
2152 0.59586
2153 0.5963
2154 0.59673
2155 0.59716
2156 0.59759
2157 0.59802
2158 0.59846
2159 0.59889
2160 0.59932
2161 0.59975
2162 0.60018
2163 0.60062
2164 0.60105
2165 0.60148
2166 0.60191
2167 0.60234
2168 0.60278
2169 0.60321
2170 0.60364
2171 0.60407
2172 0.6045
2173 0.60494
2174 0.60537
2175 0.6058
2176 0.60623
2177 0.60666
2178 0.6071
2179 0.60753
2180 0.60796
2181 0.60839
2182 0.60882
2183 0.60926
2184 0.60969
2185 0.61012
2186 0.61055
2187 0.61098
2188 0.61142
2189 0.61185
2190 0.61228
2191 0.61271
2192 0.61314
2193 0.61358
2194 0.61401
2195 0.61444
2196 0.61487
2197 0.6153
2198 0.61574
2199 0.61617
2200 0.6166
2201 0.61555
2202 0.6145
2203 0.61346
2204 0.61241
2205 0.61136
2206 0.61031
2207 0.60926
2208 0.60822
2209 0.60717
2210 0.60612
2211 0.60507
2212 0.60402
2213 0.60298
2214 0.60193
2215 0.60088
2216 0.59983
2217 0.59878
2218 0.59774
2219 0.59669
2220 0.59564
2221 0.59459
2222 0.59354
2223 0.5925
2224 0.59145
2225 0.5904
2226 0.58935
2227 0.5883
2228 0.58726
2229 0.58621
2230 0.58516
2231 0.58411
2232 0.58306
2233 0.58202
2234 0.58097
2235 0.57992
2236 0.57887
2237 0.57782
2238 0.57678
2239 0.57573
2240 0.57468
2241 0.57363
2242 0.57258
2243 0.57154
2244 0.57049
2245 0.56944
2246 0.56839
2247 0.56734
2248 0.5663
2249 0.56525
2250 0.5642
2251 0.56353
2252 0.56286
2253 0.56218
2254 0.56151
2255 0.56084
2256 0.56017
2257 0.5595
2258 0.55882
2259 0.55815
2260 0.55748
2261 0.55681
2262 0.55614
2263 0.55546
2264 0.55479
2265 0.55412
2266 0.55345
2267 0.55278
2268 0.5521
2269 0.55143
2270 0.55076
2271 0.55009
2272 0.54942
2273 0.54874
2274 0.54807
2275 0.5474
2276 0.54673
2277 0.54606
2278 0.54538
2279 0.54471
2280 0.54404
2281 0.54337
2282 0.5427
2283 0.54202
2284 0.54135
2285 0.54068
2286 0.54001
2287 0.53934
2288 0.53866
2289 0.53799
2290 0.53732
2291 0.53665
2292 0.53598
2293 0.5353
2294 0.53463
2295 0.53396
2296 0.53329
2297 0.53262
2298 0.53194
2299 0.53127
2300 0.5306
2301 0.52952
2302 0.52844
2303 0.52735
2304 0.52627
2305 0.52519
2306 0.52411
2307 0.52303
2308 0.52194
2309 0.52086
2310 0.51978
2311 0.5187
2312 0.51762
2313 0.51653
2314 0.51545
2315 0.51437
2316 0.51329
2317 0.51221
2318 0.51112
2319 0.51004
2320 0.50896
2321 0.50788
2322 0.5068
2323 0.50571
2324 0.50463
2325 0.50355
2326 0.50247
2327 0.50139
2328 0.5003
2329 0.49922
2330 0.49814
2331 0.49706
2332 0.49598
2333 0.49489
2334 0.49381
2335 0.49273
2336 0.49165
2337 0.49057
2338 0.48948
2339 0.4884
2340 0.48732
2341 0.48624
2342 0.48516
2343 0.48407
2344 0.48299
2345 0.48191
2346 0.48083
2347 0.47975
2348 0.47866
2349 0.47758
2350 0.4765
2351 0.47712
2352 0.47773
2353 0.47835
2354 0.47896
2355 0.47958
2356 0.4802
2357 0.48081
2358 0.48143
2359 0.48204
2360 0.48266
2361 0.48328
2362 0.48389
2363 0.48451
2364 0.48512
2365 0.48574
2366 0.48636
2367 0.48697
2368 0.48759
2369 0.4882
2370 0.48882
2371 0.48944
2372 0.49005
2373 0.49067
2374 0.49128
2375 0.4919
2376 0.49252
2377 0.49313
2378 0.49375
2379 0.49436
2380 0.49498
2381 0.4956
2382 0.49621
2383 0.49683
2384 0.49744
2385 0.49806
2386 0.49868
2387 0.49929
2388 0.49991
2389 0.50052
2390 0.50114
2391 0.50176
2392 0.50237
2393 0.50299
2394 0.5036
2395 0.50422
2396 0.50484
2397 0.50545
2398 0.50607
2399 0.50668
2400 0.5073
2401 0.50785
2402 0.5084
2403 0.50894
2404 0.50949
2405 0.51004
2406 0.51059
2407 0.51114
2408 0.51168
2409 0.51223
2410 0.51278
2411 0.51333
2412 0.51388
2413 0.51442
2414 0.51497
2415 0.51552
2416 0.51607
2417 0.51662
2418 0.51716
2419 0.51771
2420 0.51826
2421 0.51881
2422 0.51936
2423 0.5199
2424 0.52045
2425 0.521
2426 0.52155
2427 0.5221
2428 0.52264
2429 0.52319
2430 0.52374
2431 0.52429
2432 0.52484
2433 0.52538
2434 0.52593
2435 0.52648
2436 0.52703
2437 0.52758
2438 0.52812
2439 0.52867
2440 0.52922
2441 0.52977
2442 0.53032
2443 0.53086
2444 0.53141
2445 0.53196
2446 0.53251
2447 0.53306
2448 0.5336
2449 0.53415
2450 0.5347
2451 0.53451
2452 0.53432
2453 0.53412
2454 0.53393
2455 0.53374
2456 0.53355
2457 0.53336
2458 0.53316
2459 0.53297
2460 0.53278
2461 0.53259
2462 0.5324
2463 0.5322
2464 0.53201
2465 0.53182
2466 0.53163
2467 0.53144
2468 0.53124
2469 0.53105
2470 0.53086
2471 0.53067
2472 0.53048
2473 0.53028
2474 0.53009
2475 0.5299
2476 0.52971
2477 0.52952
2478 0.52932
2479 0.52913
2480 0.52894
2481 0.52875
2482 0.52856
2483 0.52836
2484 0.52817
2485 0.52798
2486 0.52779
2487 0.5276
2488 0.5274
2489 0.52721
2490 0.52702
2491 0.52683
2492 0.52664
2493 0.52644
2494 0.52625
2495 0.52606
2496 0.52587
2497 0.52568
2498 0.52548
2499 0.52529
2500 0.5251
2501 0.52492
2502 0.52475
2503 0.52457
2504 0.5244
2505 0.52422
2506 0.52404
2507 0.52387
2508 0.52369
2509 0.52352
2510 0.52334
2511 0.52316
2512 0.52299
2513 0.52281
2514 0.52264
2515 0.52246
2516 0.52228
2517 0.52211
2518 0.52193
2519 0.52176
2520 0.52158
2521 0.5214
2522 0.52123
2523 0.52105
2524 0.52088
2525 0.5207
2526 0.52052
2527 0.52035
2528 0.52017
2529 0.52
2530 0.51982
2531 0.51964
2532 0.51947
2533 0.51929
2534 0.51912
2535 0.51894
2536 0.51876
2537 0.51859
2538 0.51841
2539 0.51824
2540 0.51806
2541 0.51788
2542 0.51771
2543 0.51753
2544 0.51736
2545 0.51718
2546 0.517
2547 0.51683
2548 0.51665
2549 0.51648
2550 0.5163
2551 0.51599
2552 0.51568
2553 0.51536
2554 0.51505
2555 0.51474
2556 0.51443
2557 0.51412
2558 0.5138
2559 0.51349
2560 0.51318
2561 0.51287
2562 0.51256
2563 0.51224
2564 0.51193
2565 0.51162
2566 0.51131
2567 0.511
2568 0.51068
2569 0.51037
2570 0.51006
2571 0.50975
2572 0.50944
2573 0.50912
2574 0.50881
2575 0.5085
2576 0.50819
2577 0.50788
2578 0.50756
2579 0.50725
2580 0.50694
2581 0.50663
2582 0.50632
2583 0.506
2584 0.50569
2585 0.50538
2586 0.50507
2587 0.50476
2588 0.50444
2589 0.50413
2590 0.50382
2591 0.50351
2592 0.5032
2593 0.50288
2594 0.50257
2595 0.50226
2596 0.50195
2597 0.50164
2598 0.50132
2599 0.50101
2600 0.5007
2601 0.49982
2602 0.49895
2603 0.49807
2604 0.4972
2605 0.49632
2606 0.49544
2607 0.49457
2608 0.49369
2609 0.49282
2610 0.49194
2611 0.49106
2612 0.49019
2613 0.48931
2614 0.48844
2615 0.48756
2616 0.48668
2617 0.48581
2618 0.48493
2619 0.48406
2620 0.48318
2621 0.4823
2622 0.48143
2623 0.48055
2624 0.47968
2625 0.4788
2626 0.47792
2627 0.47705
2628 0.47617
2629 0.4753
2630 0.47442
2631 0.47354
2632 0.47267
2633 0.47179
2634 0.47092
2635 0.47004
2636 0.46916
2637 0.46829
2638 0.46741
2639 0.46654
2640 0.46566
2641 0.46478
2642 0.46391
2643 0.46303
2644 0.46216
2645 0.46128
2646 0.4604
2647 0.45953
2648 0.45865
2649 0.45778
2650 0.4569
2651 0.45528
2652 0.45366
2653 0.45204
2654 0.45042
2655 0.4488
2656 0.44718
2657 0.44556
2658 0.44394
2659 0.44232
2660 0.4407
2661 0.43908
2662 0.43746
2663 0.43584
2664 0.43422
2665 0.4326
2666 0.43098
2667 0.42936
2668 0.42774
2669 0.42612
2670 0.4245
2671 0.42288
2672 0.42126
2673 0.41964
2674 0.41802
2675 0.4164
2676 0.41478
2677 0.41316
2678 0.41154
2679 0.40992
2680 0.4083
2681 0.40668
2682 0.40506
2683 0.40344
2684 0.40182
2685 0.4002
2686 0.39858
2687 0.39696
2688 0.39534
2689 0.39372
2690 0.3921
2691 0.39048
2692 0.38886
2693 0.38724
2694 0.38562
2695 0.384
2696 0.38238
2697 0.38076
2698 0.37914
2699 0.37752
2700 0.3759
2701 0.37336
2702 0.37082
2703 0.36829
2704 0.36575
2705 0.36321
2706 0.36067
2707 0.35813
2708 0.3556
2709 0.35306
2710 0.35052
2711 0.34798
2712 0.34544
2713 0.34291
2714 0.34037
2715 0.33783
2716 0.33529
2717 0.33275
2718 0.33022
2719 0.32768
2720 0.32514
2721 0.3226
2722 0.32006
2723 0.31753
2724 0.31499
2725 0.31245
2726 0.30991
2727 0.30737
2728 0.30484
2729 0.3023
2730 0.29976
2731 0.29722
2732 0.29468
2733 0.29215
2734 0.28961
2735 0.28707
2736 0.28453
2737 0.28199
2738 0.27946
2739 0.27692
2740 0.27438
2741 0.27184
2742 0.2693
2743 0.26677
2744 0.26423
2745 0.26169
2746 0.25915
2747 0.25661
2748 0.25408
2749 0.25154
2750 0.249
2751 0.24619
2752 0.24337
2753 0.24056
2754 0.23774
2755 0.23493
2756 0.23212
2757 0.2293
2758 0.22649
2759 0.22367
2760 0.22086
2761 0.21805
2762 0.21523
2763 0.21242
2764 0.2096
2765 0.20679
2766 0.20398
2767 0.20116
2768 0.19835
2769 0.19553
2770 0.19272
2771 0.18991
2772 0.18709
2773 0.18428
2774 0.18146
2775 0.17865
2776 0.17584
2777 0.17302
2778 0.17021
2779 0.16739
2780 0.16458
2781 0.16177
2782 0.15895
2783 0.15614
2784 0.15332
2785 0.15051
2786 0.1477
2787 0.14488
2788 0.14207
2789 0.13925
2790 0.13644
2791 0.13363
2792 0.13081
2793 0.128
2794 0.12518
2795 0.12237
2796 0.11956
2797 0.11674
2798 0.11393
2799 0.11111
2800 0.1083
2801 0.10682
2802 0.10535
2803 0.10387
2804 0.1024
2805 0.10092
2806 0.099444
2807 0.097968
2808 0.096492
2809 0.095016
2810 0.09354
2811 0.092064
2812 0.090588
2813 0.089112
2814 0.087636
2815 0.08616
2816 0.084684
2817 0.083208
2818 0.081732
2819 0.080256
2820 0.07878
2821 0.077304
2822 0.075828
2823 0.074352
2824 0.072876
2825 0.0714
2826 0.069924
2827 0.068448
2828 0.066972
2829 0.065496
2830 0.06402
2831 0.062544
2832 0.061068
2833 0.059592
2834 0.058116
2835 0.05664
2836 0.055164
2837 0.053688
2838 0.052212
2839 0.050736
2840 0.04926
2841 0.047784
2842 0.046308
2843 0.044832
2844 0.043356
2845 0.04188
2846 0.040404
2847 0.038928
2848 0.037452
2849 0.035976
2850 0.0345
2851 0.03406
2852 0.03362
2853 0.03318
2854 0.03274
2855 0.0323
2856 0.03186
2857 0.03142
2858 0.03098
2859 0.03054
2860 0.0301
2861 0.02966
2862 0.02922
2863 0.02878
2864 0.02834
2865 0.0279
2866 0.02746
2867 0.02702
2868 0.02658
2869 0.02614
2870 0.0257
2871 0.02526
2872 0.02482
2873 0.02438
2874 0.02394
2875 0.0235
2876 0.02306
2877 0.02262
2878 0.02218
2879 0.02174
2880 0.0213
2881 0.02086
2882 0.02042
2883 0.01998
2884 0.01954
2885 0.0191
2886 0.01866
2887 0.01822
2888 0.01778
2889 0.01734
2890 0.0169
2891 0.01646
2892 0.01602
2893 0.01558
2894 0.01514
2895 0.0147
2896 0.01426
2897 0.01382
2898 0.01338
2899 0.01294
2900 0.0125
2901 0.012522
2902 0.012544
2903 0.012566
2904 0.012588
2905 0.01261
2906 0.012632
2907 0.012654
2908 0.012676
2909 0.012698
2910 0.01272
2911 0.012742
2912 0.012764
2913 0.012786
2914 0.012808
2915 0.01283
2916 0.012852
2917 0.012874
2918 0.012896
2919 0.012918
2920 0.01294
2921 0.012962
2922 0.012984
2923 0.013006
2924 0.013028
2925 0.01305
2926 0.013072
2927 0.013094
2928 0.013116
2929 0.013138
2930 0.01316
2931 0.013182
2932 0.013204
2933 0.013226
2934 0.013248
2935 0.01327
2936 0.013292
2937 0.013314
2938 0.013336
2939 0.013358
2940 0.01338
2941 0.013402
2942 0.013424
2943 0.013446
2944 0.013468
2945 0.01349
2946 0.013512
2947 0.013534
2948 0.013556
2949 0.013578
2950 0.0136
2951 0.013698
2952 0.013796
2953 0.013894
2954 0.013992
2955 0.01409
2956 0.014188
2957 0.014286
2958 0.014384
2959 0.014482
2960 0.01458
2961 0.014678
2962 0.014776
2963 0.014874
2964 0.014972
2965 0.01507
2966 0.015168
2967 0.015266
2968 0.015364
2969 0.015462
2970 0.01556
2971 0.015658
2972 0.015756
2973 0.015854
2974 0.015952
2975 0.01605
2976 0.016148
2977 0.016246
2978 0.016344
2979 0.016442
2980 0.01654
2981 0.016638
2982 0.016736
2983 0.016834
2984 0.016932
2985 0.01703
2986 0.017128
2987 0.017226
2988 0.017324
2989 0.017422
2990 0.01752
2991 0.017618
2992 0.017716
2993 0.017814
2994 0.017912
2995 0.01801
2996 0.018108
2997 0.018206
2998 0.018304
2999 0.018402
3000 0.0185
3001 0.01665
3002 0.0148
3003 0.01295
3004 0.0111
3005 0.00925
3006 0.0074
3007 0.00555
3008 0.0037
3009 0.00185
