"wave" "response" 
9402.697 0
9421.9761 0.042357174
9426.9158 0.05320999
9432.2305 0.067468546
9437.5451 0.081474255
9442.8597 0.095172405
9448.1743 0.10940043
9453.489 0.12642663
9458.8036 0.14319517
9464.1182 0.15687328
9469.4329 0.17316923
9474.7475 0.18998484
9480.0621 0.20637698
9485.3768 0.21982327
9490.6914 0.23630945
9496.006 0.25312091
9501.3206 0.26921884
9506.6353 0.28268473
9511.9499 0.29929344
9517.2645 0.31608786
9522.5792 0.33011798
9527.8938 0.34385832
9533.2084 0.3607754
9538.523 0.37775289
9543.8377 0.39160545
9549.1523 0.40534141
9554.4669 0.41903252
9559.7816 0.43223165
9565.0962 0.44181521
9570.4108 0.45066888
9575.7254 0.45902738
9581.0401 0.46661561
9586.3547 0.47047102
9591.6693 0.47359447
9596.984 0.47615778
9602.2986 0.47791221
9607.6132 0.47913972
9612.9279 0.48011761
9618.2425 0.48093971
9623.5571 0.48165766
9628.8717 0.48229218
9634.1864 0.48287167
9639.501 0.48340536
9644.8156 0.48390231
9650.1303 0.4843667
9655.4449 0.48480827
9660.7595 0.4852237
9666.0741 0.48562133
9671.3888 0.48600272
9676.7034 0.48636726
9682.018 0.48671881
9687.3327 0.48705736
9692.6473 0.48738339
9697.9619 0.48770049
9703.2766 0.48800823
9708.5912 0.48830661
9713.9058 0.4885988
9719.2204 0.48888392
9724.5351 0.48916198
9729.8497 0.48943423
9735.1643 0.4897024
9740.479 0.48996596
9745.7936 0.49022488
9751.1082 0.49048086
9756.4228 0.49073461
9761.7375 0.49098646
9767.0521 0.49123654
9772.3667 0.49148643
9777.6814 0.49173572
9782.996 0.4919842
9788.3106 0.49223213
9793.6252 0.49248005
9798.9399 0.49272796
9804.2545 0.49297583
9809.5691 0.49322339
9814.8838 0.49347031
9820.1984 0.49371484
9825.513 0.49395699
9830.8277 0.49419716
9836.1423 0.49443534
9841.4569 0.49467058
9846.7715 0.49490289
9852.0862 0.4951323
9857.4008 0.49535838
9862.7154 0.49558041
9868.0301 0.4957984
9873.3447 0.4960141
9878.6593 0.49622655
9883.9739 0.49643498
9889.2886 0.49663959
9894.6032 0.49684133
9899.9178 0.49703936
9905.2325 0.49723336
9910.5471 0.49742376
9915.8617 0.49761127
9921.1764 0.49779432
9926.491 0.49797271
9931.8056 0.49814738
9937.1202 0.49831903
9942.4349 0.49848655
9947.7495 0.49864993
9953.0641 0.49881001
9958.3788 0.49896652
9963.6934 0.49911769
9969.008 0.49926352
9974.3226 0.49940562
9979.6373 0.49954366
9984.9519 0.49967699
9990.2665 0.49980571
9995.5811 0.49993092
10000.896 0.50005192
10006.21 0.50016827
10011.525 0.50028056
10016.84 0.50039055
10022.154 0.50049869
10027.469 0.50060509
10032.784 0.50071027
10038.098 0.50081487
10043.413 0.50092001
10048.727 0.50102572
10054.042 0.5011327
10059.357 0.50124157
10064.671 0.50135331
10069.986 0.50146794
10075.301 0.50158499
10080.615 0.50170507
10085.93 0.50182975
10091.244 0.50195904
10096.559 0.50209183
10101.874 0.50222863
10107.188 0.50237004
10112.503 0.50251589
10117.818 0.5026652
10123.132 0.50281914
10128.447 0.50297828
10133.761 0.50314189
10139.076 0.50330842
10144.391 0.50347835
10149.705 0.50365179
10155.02 0.50382817
10160.335 0.50400693
10165.649 0.50418922
10170.964 0.50437504
10176.279 0.50456322
10181.593 0.50475329
10186.908 0.50494572
10192.222 0.5051405
10197.537 0.50533712
10202.852 0.50553572
10208.166 0.50573664
10213.481 0.50593987
10218.796 0.50614424
10224.11 0.50634976
10229.425 0.50655644
10234.739 0.50676415
10240.054 0.50697243
10245.369 0.50718045
10250.683 0.50738789
10255.998 0.50759453
10261.313 0.50780003
10266.627 0.50800332
10271.942 0.50820431
10277.256 0.50840301
10282.571 0.50859919
10287.886 0.50879078
10293.2 0.50897775
10298.515 0.50916098
10303.83 0.50934029
10309.144 0.50951442
10314.459 0.50968337
10319.773 0.50984819
10325.088 0.51000846
10330.403 0.51016352
10335.717 0.51031359
10341.032 0.51046075
10346.347 0.51060463
10351.661 0.51074501
10356.976 0.51088234
10362.291 0.51101789
10367.605 0.51115119
10372.92 0.5112821
10378.234 0.51141116
10383.549 0.51153901
10388.864 0.51166449
10394.178 0.51178756
10399.493 0.51190859
10404.808 0.51202764
10410.122 0.51214368
10415.437 0.51225671
10420.751 0.51236722
10426.066 0.51247492
10431.381 0.51257901
10436.695 0.51267949
10442.01 0.51277753
10447.325 0.51287285
10452.639 0.51296513
10457.954 0.51305457
10463.268 0.51314217
10468.583 0.51322751
10473.898 0.51331039
10479.212 0.51339121
10484.527 0.51347077
10489.842 0.51354856
10495.156 0.51362449
10500.471 0.51369889
10505.786 0.51377203
10511.1 0.51384334
10516.415 0.51391281
10521.729 0.51398089
10527.044 0.51404739
10532.359 0.514111
10537.673 0.51417169
10542.988 0.51423
10548.303 0.51428534
10553.617 0.51433668
10558.932 0.51438404
10564.246 0.514428
10569.561 0.51446758
10574.876 0.51450206
10580.19 0.51453181
10585.505 0.51455816
10590.82 0.5145807
10596.134 0.51459929
10601.449 0.51461459
10606.763 0.51462765
10612.078 0.51463851
10617.393 0.51464716
10622.707 0.5146546
10628.022 0.5146616
10633.337 0.51466876
10638.651 0.51467608
10643.966 0.51468397
10649.281 0.51469291
10654.595 0.51470382
10659.91 0.51471669
10665.224 0.51473147
10670.539 0.51474909
10675.854 0.51477049
10681.168 0.51479559
10686.483 0.51482381
10691.798 0.51485791
10697.112 0.51489879
10702.427 0.5149461
10707.741 0.51499912
10713.056 0.515062
10718.371 0.51513475
10723.685 0.51521642
10729 0.51530796
10734.315 0.5154125
10739.629 0.51553003
10744.944 0.51565781
10750.258 0.51579827
10755.573 0.51595257
10760.888 0.51612051
10766.202 0.51629863
10771.517 0.51649086
10776.832 0.51669717
10782.146 0.51691572
10787.461 0.51714543
10792.775 0.51738774
10798.09 0.51764264
10803.405 0.51790696
10808.719 0.51818163
10814.034 0.51846665
10819.349 0.51876134
10824.663 0.51906196
10829.978 0.51936864
10835.293 0.51968137
10840.607 0.51999782
10845.922 0.52031514
10851.236 0.52063334
10856.551 0.52095224
10861.866 0.52126779
10867.18 0.52157908
10872.495 0.52188609
10877.81 0.5221879
10883.124 0.52248041
10888.439 0.52276364
10893.753 0.52303783
10899.068 0.52330089
10904.383 0.52355049
10909.697 0.52378665
10915.012 0.52401124
10920.327 0.52421895
10925.641 0.52440979
10930.956 0.5245845
10936.27 0.52474515
10941.585 0.52488864
10946.9 0.52501497
10952.214 0.52512769
10957.529 0.52522561
10962.844 0.52530732
10968.158 0.52537291
10973.473 0.5254286
10978.788 0.52547018
10984.102 0.52549764
10989.417 0.52551289
10994.731 0.52551811
11000.046 0.52551067
11005.361 0.52549058
11010.675 0.52546131
11015.99 0.52542375
11021.305 0.52537735
11026.619 0.5253221
11031.934 0.52526223
11037.248 0.52519738
11042.563 0.52512736
11047.878 0.52505308
11053.192 0.52497716
11058.507 0.5249001
11063.822 0.52482202
11069.136 0.52474341
11074.451 0.52466486
11079.765 0.52458757
11085.08 0.52451153
11090.395 0.52443711
11095.709 0.52436492
11101.024 0.5242969
11106.339 0.52423303
11111.653 0.52417283
11116.968 0.52411745
11122.283 0.52406913
11127.597 0.52402787
11132.912 0.52399247
11138.226 0.52396483
11143.541 0.52394654
11148.856 0.52393719
11154.17 0.52393485
11159.485 0.52394204
11164.8 0.52395974
11170.114 0.52398669
11175.429 0.52402065
11180.743 0.52406527
11186.058 0.52412098
11191.373 0.52418589
11196.687 0.52425869
11202.002 0.52434314
11207.317 0.52443927
11212.631 0.52454455
11217.946 0.52465857
11223.26 0.52478308
11228.575 0.52491808
11233.89 0.52505992
11239.204 0.52520914
11244.519 0.52536704
11249.834 0.52553334
11255.148 0.52570424
11260.463 0.52588043
11265.777 0.52606234
11271.092 0.5262494
11276.407 0.52643986
11281.721 0.52663417
11287.036 0.52683246
11292.351 0.52703375
11297.665 0.52723675
11302.98 0.52744089
11308.295 0.52764616
11313.609 0.52785187
11318.924 0.52805743
11324.238 0.52826184
11329.553 0.5284651
11334.868 0.52866676
11340.182 0.52886597
11345.497 0.52906116
11350.812 0.52925232
11356.126 0.52944
11361.441 0.5296231
11366.755 0.52980045
11372.07 0.5299722
11377.385 0.53013935
11382.699 0.53029959
11388.014 0.53045177
11393.329 0.53059662
11398.643 0.53073571
11403.958 0.5308666
11409.272 0.53098883
11414.587 0.53110352
11419.902 0.53121182
11425.216 0.53131142
11430.531 0.53140234
11435.846 0.53148688
11441.16 0.53156573
11446.475 0.53163704
11451.79 0.53170082
11457.104 0.53175952
11462.419 0.53181316
11467.733 0.53186105
11473.048 0.53190323
11478.363 0.53194198
11483.677 0.53197729
11488.992 0.53200915
11494.307 0.53203802
11499.621 0.53206573
11504.936 0.53209313
11510.25 0.53212053
11515.565 0.53214836
11520.88 0.53217731
11526.194 0.53220843
11531.509 0.53224182
11536.824 0.53227751
11542.138 0.53231565
11547.453 0.53235781
11552.767 0.53240401
11558.082 0.53245339
11563.397 0.53250594
11568.711 0.5325625
11574.026 0.53262306
11579.341 0.53268658
11584.655 0.5327537
11589.97 0.53282537
11595.285 0.53290144
11600.599 0.53298034
11605.914 0.53306243
11611.228 0.53314796
11616.543 0.53323661
11621.858 0.53332756
11627.172 0.53342082
11632.487 0.53351638
11637.802 0.53361349
11643.116 0.5337112
11648.431 0.53380161
11653.745 0.53388447
11659.06 0.53395943
11664.375 0.53402493
11669.689 0.53407346
11675.004 0.53410501
11680.319 0.5341196
11685.633 0.53411387
11690.948 0.53408204
11696.262 0.53402412
11701.577 0.53394801
11706.892 0.53384706
11712.206 0.53371768
11717.521 0.53356122
11722.836 0.53338445
11728.15 0.53317715
11733.465 0.53293931
11738.78 0.53267427
11744.094 0.53238041
11749.409 0.53205329
11754.723 0.5316929
11760.038 0.53130167
11765.353 0.5308758
11770.667 0.53041528
11775.982 0.5299158
11781.297 0.5293786
11786.611 0.52880368
11791.926 0.52818085
11797.24 0.52751099
11802.555 0.5267952
11807.87 0.52601649
11813.184 0.52517972
11818.499 0.52429795
11823.814 0.52337543
11829.128 0.52242529
11834.443 0.52147678
11839.757 0.52057296
11845.072 0.519713
11850.387 0.51793482
11855.701 0.51434213
11861.016 0.50887567
11866.331 0.50220834
11871.645 0.49632172
11876.96 0.48767603
11882.274 0.47629459
11887.589 0.46585462
11892.904 0.45300421
11898.218 0.43729687
11903.533 0.41984424
11908.848 0.40531107
11914.162 0.3901315
11919.477 0.37334915
11924.792 0.35323892
11930.106 0.33701054
11935.421 0.32086844
11940.735 0.30095701
11946.05 0.28099952
11951.365 0.26485134
11956.679 0.24863977
11961.994 0.22854745
11967.309 0.21141015
11972.623 0.19530402
11977.938 0.17897782
11983.252 0.15881638
11988.567 0.14250118
11993.882 0.12748151
11999.196 0.11294187
12004.511 0.09564174
12009.826 0.079689585
12014.976 0.06559296
12038.939 0
