"wave" "response"
6e+06 1e-04
5998800.23995201 1e-04
5997600.95961615 1e-04
5996402.15870478 1e-04
5995203.83693046 1e-04
5994005.99400599 1e-04
5992808.62964443 1e-04
5991611.74355902 1e-04
5990415.33546326 1e-04
5989219.40507087 1e-04
5988023.95209581 1e-04
5986828.97625224 1e-04
5985634.47725459 1e-04
5984440.45481747 1e-04
5983246.90865576 1e-04
5982053.83848455 1e-04
5980861.24401914 1e-04
5979669.12497508 1e-04
5978477.48106815 1e-04
5977286.31201435 1e-04
5976095.61752988 0
5974905.39733121 0
5973715.65113501 0
5972526.37865817 1e-04
5971337.57961783 1e-04
5970149.25373134 1e-04
5968961.40071627 1e-04
5967774.02029043 1e-04
5966587.11217184 1e-04
5965400.67607874 1e-04
5964214.71172962 1e-04
5963029.21884317 1e-04
5961844.19713832 1e-04
5960659.64633419 1e-04
5959475.56615018 1e-04
5958291.95630586 1e-04
5957108.81652105 1e-04
5955926.14651578 1e-04
5954743.94601032 1e-04
5953562.21472514 1e-04
5952380.95238095 1e-04
5951200.15869867 1e-04
5950019.83339944 1e-04
5948839.97620464 1e-04
5947660.58683584 1e-04
5946481.66501487 1e-04
5945303.21046373 1e-04
5944125.2229047 1e-04
5942947.70206022 1e-04
5941770.647653 1e-04
5940594.05940594 1e-04
5939417.93704217 1e-04
5938242.28028504 1e-04
5937067.0888581 1e-04
5935892.36248516 1e-04
5934718.10089021 1e-04
5933544.30379747 1e-04
5932370.97093138 1e-04
5931198.10201661 1e-04
5930025.69677802 1e-04
5928853.75494071 1e-04
5927682.27622999 1e-04
5926511.26037139 1e-04
5925340.70709066 1e-04
5924170.61611374 1e-04
5923000.98716683 1e-04
5921831.81997631 1e-04
5920663.1142688 1e-04
5919494.86977111 1e-04
5918327.0862103 1e-04
5917159.76331361 1e-04
5915992.90080852 1e-04
5914826.49842271 1e-04
5913660.55588409 1e-04
5912495.07292077 1e-04
5911330.04926108 1e-04
5910165.48463357 1e-04
5909001.37876699 1e-04
5907837.73139031 2e-04
5906674.54223272 2e-04
5905511.81102362 2e-04
5904349.53749262 2e-04
5903187.72136954 2e-04
5902026.36238442 2e-04
5900865.46026751 2e-04
5899705.01474926 2e-04
5898545.02556036 2e-04
5897385.49243169 2e-04
5896226.41509434 2e-04
5895067.79327962 2e-04
5893909.62671906 2e-04
5892751.91514437 2e-04
5891594.65828751 2e-04
5890437.85588062 2e-04
5889281.50765607 2e-04
5888125.61334642 2e-04
5886970.17268446 2e-04
5885815.18540318 2e-04
5884660.65123578 2e-04
5883506.56991567 2e-04
5882352.94117647 2e-04
5881199.76475201 2e-04
5880047.04037632 2e-04
5878894.76778366 2e-04
5877742.94670846 2e-04
5876591.57688541 2e-04
5875440.65804935 2e-04
5874290.18993538 2e-04
5873140.17227878 2e-04
5871990.60481503 2e-04
5870841.48727984 2e-04
5869692.81940912 2e-04
5868544.60093897 2e-04
5867396.83160571 2e-04
5866249.51114587 2e-04
5865102.63929619 2e-04
5863956.21579359 2e-04
5862810.24037522 2e-04
5861664.71277843 2e-04
5860519.63274077 2e-04
5859375 2e-04
5858230.81429408 2e-04
5857087.07536119 2e-04
5855943.78293968 2e-04
5854800.93676815 2e-04
5853658.53658537 2e-04
5852516.58213032 2e-04
5851375.07314219 2e-04
5850234.00936037 2e-04
5849093.39052447 2e-04
5847953.21637427 2e-04
5846813.48664978 2e-04
5845674.20109119 2e-04
5844535.35943893 2e-04
5843396.96143358 2e-04
5842259.00681597 2e-04
5841121.4953271 2e-04
5839984.42670819 2e-04
5838847.80070066 2e-04
5837711.61704612 2e-04
5836575.87548638 2e-04
5835440.57576347 2e-04
5834305.7176196 2e-04
5833171.3007972 2e-04
5832037.32503888 2e-04
5830903.79008746 2e-04
5829770.69568597 2e-04
5828638.04157762 2e-04
5827505.82750583 2e-04
5826374.05321422 2e-04
5825242.7184466 2e-04
5824111.822947 2e-04
5822981.36645963 2e-04
5821851.3487289 2e-04
5820721.76949942 2e-04
5819592.628516 2e-04
5818463.92552366 2e-04
5817335.6602676 2e-04
5816207.83249321 2e-04
5815080.44194611 2e-04
5813953.48837209 2e-04
5812826.97151715 2e-04
5811700.89112747 2e-04
5810575.24694945 2e-04
5809450.03872967 2e-04
5808325.26621491 2e-04
5807200.92915215 2e-04
5806077.02728856 2e-04
5804953.56037152 2e-04
5803830.52814858 2e-04
5802707.93036751 2e-04
5801585.76677625 2e-04
5800464.03712297 2e-04
5799342.741156 3e-04
5798221.87862389 3e-04
5797101.44927536 3e-04
5795981.45285935 3e-04
5794861.88912498 2e-04
5793742.75782155 2e-04
5792624.05869859 2e-04
5791505.79150579 2e-04
5790387.95599305 2e-04
5789270.55191046 2e-04
5788153.5790083 2e-04
5787037.03703704 2e-04
5785920.92574735 2e-04
5784805.24489009 2e-04
5783689.99421631 2e-04
5782575.17347726 2e-04
5781460.78242436 2e-04
5780346.82080925 2e-04
5779233.28838374 2e-04
5778120.18489985 2e-04
5777007.51010976 2e-04
5775895.26376588 2e-04
5774783.44562079 2e-04
5773672.05542725 2e-04
5772561.09293823 2e-04
5771450.55790689 2e-04
5770340.45008656 2e-04
5769230.76923077 2e-04
5768121.51509325 2e-04
5767012.68742791 2e-04
5765904.28598885 2e-04
5764796.31053036 2e-04
5763688.76080692 2e-04
5762581.63657319 2e-04
5761474.93758402 2e-04
5760368.66359447 2e-04
5759262.81435976 2e-04
5758157.38963532 2e-04
5757052.38917674 2e-04
5755947.81273983 2e-04
5754843.66008057 2e-04
5753739.93095512 2e-04
5752636.62511985 2e-04
5751533.74233129 2e-04
5750431.28234618 2e-04
5749329.24492143 2e-04
5748227.62981414 2e-04
5747126.43678161 2e-04
5746025.66558131 2e-04
5744925.31597089 2e-04
5743825.38770821 2e-04
5742725.8805513 2e-04
5741626.79425837 2e-04
5740528.12858783 2e-04
5739429.88329826 2e-04
5738332.05814843 2e-04
5737234.6528973 2e-04
5736137.66730402 2e-04
5735041.10112789 2e-04
5733944.95412844 2e-04
5732849.22606536 2e-04
5731753.91669851 2e-04
5730659.02578797 2e-04
5729564.55309397 2e-04
5728470.49837693 2e-04
5727376.86139748 2e-04
5726283.6419164 2e-04
5725190.83969466 2e-04
5724098.45449342 2e-04
5723006.48607402 2e-04
5721914.93419798 2e-04
5720823.798627 2e-04
5719733.07912297 2e-04
5718642.77544796 2e-04
5717552.88736421 2e-04
5716463.41463415 2e-04
5715374.35702038 2e-04
5714285.71428571 2e-04
5713197.48619311 2e-04
5712109.67250571 2e-04
5711022.27298687 2e-04
5709935.28740008 2e-04
5708848.71550904 2e-04
5707762.55707763 2e-04
5706676.81186989 2e-04
5705591.47965006 2e-04
5704506.56018254 2e-04
5703422.05323194 3e-04
5702337.95856301 3e-04
5701254.27594071 3e-04
5700171.00513016 3e-04
5699088.14589666 3e-04
5698005.6980057 3e-04
5696923.66122294 3e-04
5695842.03531422 3e-04
5694760.82004556 3e-04
5693680.01518315 2e-04
5692599.62049336 2e-04
5691519.63574274 2e-04
5690440.06069803 2e-04
5689360.89512611 2e-04
5688282.13879408 2e-04
5687203.79146919 2e-04
5686125.85291888 2e-04
5685048.32291074 2e-04
5683971.20121258 2e-04
5682894.48759235 2e-04
5681818.18181818 2e-04
5680742.2836584 2e-04
5679666.79288148 2e-04
5678591.70925611 2e-04
5677517.0325511 2e-04
5676442.76253548 2e-04
5675368.89897843 2e-04
5674295.44164933 2e-04
5673222.3903177 2e-04
5672149.74475326 2e-04
5671077.5047259 2e-04
5670005.67000567 2e-04
5668934.24036281 2e-04
5667863.21556773 2e-04
5666792.59539101 2e-04
5665722.3796034 2e-04
5664652.56797583 2e-04
5663583.1602794 2e-04
5662514.15628539 2e-04
5661445.55576524 2e-04
5660377.35849057 2e-04
5659309.56423316 2e-04
5658242.17276499 3e-04
5657175.18385819 3e-04
5656108.59728507 3e-04
5655042.4128181 3e-04
5653976.63022993 3e-04
5652911.24929339 3e-04
5651846.26978146 3e-04
5650781.69146732 3e-04
5649717.51412429 3e-04
5648653.73752589 3e-04
5647590.36144578 3e-04
5646527.38565782 3e-04
5645464.80993602 3e-04
5644402.63405456 3e-04
5643340.85778781 3e-04
5642279.48091029 3e-04
5641218.50319669 3e-04
5640157.92442188 3e-04
5639097.7443609 3e-04
5638037.96278895 3e-04
5636978.5794814 3e-04
5635919.59421379 3e-04
5634861.00676183 3e-04
5633802.81690141 3e-04
5632745.02440856 3e-04
5631687.62905951 3e-04
5630630.63063063 3e-04
5629574.02889848 3e-04
5628517.82363977 3e-04
5627462.0146314 3e-04
5626406.60165041 3e-04
5625351.58447403 3e-04
5624296.96287964 3e-04
5623242.7366448 3e-04
5622188.90554723 3e-04
5621135.46936481 3e-04
5620082.42787561 3e-04
5619029.78085784 3e-04
5617977.52808989 3e-04
5616925.66935031 3e-04
5615874.20441782 3e-04
5614823.13307131 3e-04
5613772.45508982 3e-04
5612722.17025257 3e-04
5611672.27833895 3e-04
5610622.77912848 3e-04
5609573.6724009 3e-04
5608524.95793606 3e-04
5607476.63551402 3e-04
5606428.70491497 3e-04
5605381.16591928 3e-04
5604334.01830749 3e-04
5603287.26186029 3e-04
5602240.89635854 3e-04
5601194.92158327 3e-04
5600149.33731566 3e-04
5599104.14333707 3e-04
5598059.339429 3e-04
5597014.92537313 3e-04
5595970.90095131 3e-04
5594927.26594554 3e-04
5593884.02013798 3e-04
5592841.16331096 3e-04
5591798.69524697 3e-04
5590756.61572866 3e-04
5589714.92453885 3e-04
5588673.62146051 3e-04
5587632.70627677 3e-04
5586592.17877095 3e-04
5585552.03872649 3e-04
5584512.28592703 3e-04
5583472.92015634 3e-04
5582433.94119836 3e-04
5581395.34883721 3e-04
5580357.14285714 3e-04
5579319.32304259 3e-04
5578281.88917813 3e-04
5577244.84104852 3e-04
5576208.17843866 3e-04
5575171.90113362 3e-04
5574136.00891862 3e-04
5573100.50157905 3e-04
5572065.37890045 3e-04
5571030.64066852 3e-04
5569996.28666914 3e-04
5568962.31668832 3e-04
5567928.73051225 3e-04
5566895.52792726 3e-04
5565862.70871985 3e-04
5564830.27267668 3e-04
5563798.21958457 3e-04
5562766.54923048 3e-04
5561735.26140156 3e-04
5560704.35588508 3e-04
5559673.83246849 3e-04
5558643.69093941 3e-04
5557613.93108559 3e-04
5556584.55269494 3e-04
5555555.55555556 3e-04
5554526.93945566 3e-04
5553498.70418364 3e-04
5552470.84952804 3e-04
5551443.37527757 3e-04
5550416.28122109 3e-04
5549389.56714761 3e-04
5548363.23284631 3e-04
5547337.27810651 3e-04
5546311.70271769 3e-04
5545286.5064695 3e-04
5544261.68915173 4e-04
5543237.25055432 4e-04
5542213.19046739 4e-04
5541189.5086812 4e-04
5540166.20498615 4e-04
5539143.27917282 4e-04
5538120.73103194 4e-04
5537098.56035438 4e-04
5536076.76693117 4e-04
5535055.35055351 4e-04
5534034.31101273 4e-04
5533013.64810033 4e-04
5531993.36160797 4e-04
5530973.45132743 4e-04
5529953.91705069 4e-04
5528934.75856985 4e-04
5527915.97567717 4e-04
5526897.56816507 4e-04
5525879.53582612 4e-04
5524861.87845304 4e-04
5523844.5958387 4e-04
5522827.68777614 4e-04
5521811.15405853 4e-04
5520794.99447921 4e-04
5519779.20883165 4e-04
5518763.79690949 4e-04
5517748.75850653 4e-04
5516734.0934167 5e-04
5515719.80143409 5e-04
5514705.88235294 5e-04
5513692.33596765 5e-04
5512679.16207277 5e-04
5511666.36046298 5e-04
5510653.93093314 5e-04
5509641.87327824 5e-04
5508630.18729343 5e-04
5507618.872774 5e-04
5506607.92951542 5e-04
5505597.35731327 5e-04
5504587.1559633 5e-04
5503577.32526142 5e-04
5502567.86500367 5e-04
5501558.77498625 5e-04
5500550.0550055 5e-04
5499541.70485793 5e-04
5498533.72434018 5e-04
5497526.11324904 5e-04
5496518.87138146 5e-04
5495511.99853453 5e-04
5494505.49450549 5e-04
5493499.35909174 5e-04
5492493.59209081 5e-04
5491488.19330039 6e-04
5490483.1625183 6e-04
5489478.49954254 6e-04
5488474.20417124 6e-04
5487470.27620267 6e-04
5486466.71543526 6e-04
5485463.52166758 6e-04
5484460.69469835 6e-04
5483458.23432645 6e-04
5482456.14035088 6e-04
5481454.4125708 6e-04
5480453.05078553 6e-04
5479452.05479452 6e-04
5478451.42439737 6e-04
5477451.15939383 6e-04
5476451.25958379 6e-04
5475451.72476729 6e-04
5474452.55474453 6e-04
5473453.74931582 6e-04
5472455.30828165 6e-04
5471457.23144264 6e-04
5470459.51859956 6e-04
5469462.16955333 6e-04
5468465.18410499 6e-04
5467468.56205577 6e-04
5466472.303207 6e-04
5465476.40736017 6e-04
5464480.87431694 6e-04
5463485.70387908 6e-04
5462490.89584851 6e-04
5461496.45002731 6e-04
5460502.36621769 6e-04
5459508.64422202 6e-04
5458515.28384279 6e-04
5457522.28488266 6e-04
5456529.64714442 6e-04
5455537.37043099 6e-04
5454545.45454545 7e-04
5453553.89929104 7e-04
5452562.7044711 7e-04
5451571.86988915 7e-04
5450581.39534884 7e-04
5449591.28065395 7e-04
5448601.52560843 7e-04
5447612.13001634 7e-04
5446623.09368192 7e-04
5445634.41640951 7e-04
5444646.09800363 7e-04
5443658.13826892 7e-04
5442670.53701016 7e-04
5441683.29403229 7e-04
5440696.40914037 7e-04
5439709.88213962 7e-04
5438723.71283539 7e-04
5437737.90103317 8e-04
5436752.4465386 8e-04
5435767.34915746 8e-04
5434782.60869565 8e-04
5433798.22495925 8e-04
5432814.19775444 8e-04
5431830.52688756 8e-04
5430847.2121651 8e-04
5429864.25339366 8e-04
5428881.65038002 8e-04
5427899.40293107 8e-04
5426917.51085384 8e-04
5425935.97395551 8e-04
5424954.7920434 8e-04
5423973.96492497 8e-04
5422993.49240781 8e-04
5422013.37429966 8e-04
5421033.61040838 8e-04
5420054.20054201 8e-04
5419075.14450867 8e-04
5418096.44211667 8e-04
5417118.09317443 9e-04
5416140.09749052 9e-04
5415162.45487365 9e-04
5414185.16513265 9e-04
5413208.22807651 9e-04
5412231.64351434 9e-04
5411255.41125541 9e-04
5410279.53110911 9e-04
5409304.00288496 9e-04
5408328.82639265 9e-04
5407354.00144196 9e-04
5406379.52784285 9e-04
5405405.4054054 9e-04
5404431.63393983 9e-04
5403458.21325648 9e-04
5402485.14316586 9e-04
5401512.42347857 9e-04
5400540.0540054 9e-04
5399568.03455724 9e-04
5398596.36494511 0.001
5397625.04498021 0.001
5396654.07447383 0.001
5395683.45323741 0.001
5394713.18108254 0.001
5393743.25782093 0.001
5392773.68326443 0.001
5391804.45722502 0.001
5390835.57951482 0.001
5389867.0499461 0.001
5388898.86833124 0.001
5387931.03448276 0.001
5386963.54821332 0.001
5385996.40933573 0.001
5385029.6176629 0.001
5384063.1730079 0.001
5383097.07518392 0.001
5382131.32400431 0.001
5381165.91928251 0.001
5380200.86083214 0.001
5379236.14846692 0.0011
5378271.78200072 0.0011
5377307.76124754 0.0011
5376344.08602151 0.0011
5375380.75613689 0.0011
5374417.7714081 0.0011
5373455.13164965 0.0011
5372492.83667622 0.0011
5371530.8863026 0.0011
5370569.28034372 0.0011
5369608.01861464 0.0011
5368647.10093057 0.0011
5367686.52710682 0.0011
5366726.29695886 0.0011
5365766.41030227 0.0011
5364806.86695279 0.0011
5363847.66672627 0.0012
5362888.80943868 0.0012
5361930.29490617 0.0012
5360972.12294496 0.0012
5360014.29337145 0.0012
5359056.80600214 0.0012
5358099.66065369 0.0012
5357142.85714286 0.0012
5356186.39528656 0.0012
5355230.27490182 0.0012
5354274.49580582 0.0012
5353319.05781585 0.0013
5352363.96074933 0.0013
5351409.20442383 0.0013
5350454.78865704 0.0013
5349500.71326676 0.0013
5348546.97807096 0.0013
5347593.5828877 0.0013
5346640.5275352 0.0013
5345687.81183179 0.0013
5344735.43559594 0.0013
5343783.39864624 0.0013
5342831.70080142 0.0013
5341880.34188034 0.0014
5340929.32170198 0.0014
5339978.64008544 0.0014
5339028.29684997 0.0014
5338078.29181495 0.0014
5337128.62479986 0.0014
5336179.29562433 0.0014
5335230.30410813 0.0014
5334281.65007112 0.0014
5333333.33333333 0.0014
5332385.3537149 0.0014
5331437.71103608 0.0014
5330490.40511727 0.0014
5329543.435779 0.0014
5328596.80284192 0.0014
5327650.5061268 0.0014
5326704.54545455 0.0014
5325758.92064619 0.0014
5324813.6315229 0.0014
5323868.67790595 0.0015
5322924.05961675 0.0015
5321979.77647685 0.0015
5321035.82830791 0.0015
5320092.21493173 0.0015
5319148.93617021 0.0015
5318205.99184542 0.0015
5317263.38177951 0.0015
5316321.10579479 0.0015
5315379.16371368 0.0015
5314437.55535872 0.0015
5313496.2805526 0.0015
5312555.33911812 0.0015
5311614.73087819 0.0016
5310674.45565587 0.0016
5309734.51327434 0.0016
5308794.90355689 0.0016
5307855.62632696 0.0016
5306916.6814081 0.0016
5305978.06862398 0.0016
5305039.78779841 0.0016
5304101.8387553 0.0016
5303164.22131872 0.0016
5302226.93531283 0.0016
5301289.98056194 0.0017
5300353.35689046 0.0017
5299417.06412295 0.0017
5298481.10208407 0.0017
5297545.47059862 0.0017
5296610.16949153 0.0017
5295675.19858782 0.0017
5294740.55771267 0.0017
5293806.24669137 0.0017
5292872.26534933 0.0017
5291938.61351208 0.0017
5291005.29100529 0.0017
5290072.29765473 0.0018
5289139.63328632 0.0018
5288207.29772607 0.0018
5287275.29080014 0.0018
5286343.6123348 0.0018
5285412.26215645 0.0018
5284481.2400916 0.0018
5283550.54596689 0.0018
5282620.17960909 0.0018
5281690.14084507 0.0018
5280760.42950185 0.0018
5279831.04540655 0.0019
5278901.98838642 0.0019
5277973.25826882 0.0019
5277044.85488127 0.0019
5276116.77805135 0.0019
5275189.02760682 0.0019
5274261.60337553 0.0019
5273334.50518545 0.0019
5272407.73286468 0.0019
5271481.28624143 0.002
5270555.16514406 0.002
5269629.36940102 0.002
5268703.89884088 0.002
5267778.75329236 0.002
5266853.93258427 0.002
5265929.43654555 0.002
5265005.26500527 0.002
5264081.41779259 0.002
5263157.89473684 0.002
5262234.69566743 0.0021
5261311.82041389 0.0021
5260389.26880589 0.0021
5259467.04067321 0.0021
5258545.13584575 0.0021
5257623.55415352 0.0021
5256702.29542667 0.0021
5255781.35949545 0.0021
5254860.74619023 0.0021
5253940.45534151 0.0021
5253020.4867799 0.0022
5252100.84033613 0.0022
5251181.51584106 0.0022
5250262.51312566 0.0022
5249343.832021 0.0022
5248425.47235829 0.0022
5247507.43396886 0.0022
5246589.71668416 0.0022
5245672.32033572 0.0023
5244755.24475524 0.0023
5243838.48977451 0.0023
5242922.05522545 0.0023
5242005.94094007 0.0023
5241090.14675052 0.0023
5240174.67248908 0.0023
5239259.51798812 0.0023
5238344.68308015 0.0023
5237430.16759777 0.0024
5236515.97137371 0.0024
5235602.09424084 0.0024
5234688.53603211 0.0024
5233775.2965806 0.0024
5232862.37571952 0.0024
5231949.77328218 0.0024
5231037.48910201 0.0024
5230125.52301255 0.0025
5229213.87484748 0.0025
5228302.54444057 0.0025
5227391.53162572 0.0025
5226480.83623693 0.0025
5225570.45810834 0.0025
5224660.39707419 0.0025
5223750.65296883 0.0025
5222841.22562674 0.0025
5221932.11488251 0.0026
5221023.32057083 0.0026
5220114.84252654 0.0026
5219206.68058455 0.0026
5218298.83457993 0.0026
5217391.30434783 0.0026
5216484.08972353 0.0026
5215577.19054242 0.0026
5214670.60664001 0.0027
5213764.33785193 0.0027
5212858.3840139 0.0027
5211952.74496178 0.0027
5211047.42053153 0.0027
5210142.41055922 0.0027
5209237.71488106 0.0027
5208333.33333333 0.0028
5207429.26575247 0.0028
5206525.51197501 0.0028
5205622.07183758 0.0028
5204718.94517696 0.0028
5203816.13183001 0.0028
5202913.63163371 0.0028
5202011.44442518 0.0029
5201109.57004161 0.0029
5200208.00832033 0.0029
5199306.75909879 0.0029
5198405.82221452 0.0029
5197505.1975052 0.0029
5196604.88480859 0.003
5195704.88396259 0.003
5194805.19480519 0.003
5193905.81717452 0.003
5193006.75090878 0.003
5192107.99584631 0.003
5191209.55182558 0.0031
5190311.41868512 0.0031
5189413.59626362 0.0031
5188516.08439986 0.0031
5187618.88293273 0.0031
5186721.99170124 0.0031
5185825.41054451 0.0032
5184929.13930176 0.0032
5184033.17781234 0.0032
5183137.52591569 0.0032
5182242.18345137 0.0032
5181347.15025907 0.0033
5180452.42617855 0.0033
5179558.01104972 0.0033
5178663.90471258 0.0033
5177770.10700725 0.0033
5176876.61777394 0.0033
5175983.436853 0.0034
5175090.56408487 0.0034
5174197.99931011 0.0034
5173305.74236937 0.0034
5172413.79310345 0.0034
5171522.15135321 0.0035
5170630.81695967 0.0035
5169739.78976392 0.0035
5168849.06960717 0.0035
5167958.65633075 0.0035
5167068.54977609 0.0035
5166178.74978474 0.0035
5165289.25619835 0.0036
5164400.06885867 0.0036
5163511.18760757 0.0036
5162622.61228704 0.0036
5161734.34273916 0.0036
5160846.37880612 0.0036
5159958.72033024 0.0037
5159071.36715391 0.0037
5158184.31911967 0.0037
5157297.57607014 0.0037
5156411.13784806 0.0037
5155525.00429627 0.0037
5154639.17525773 0.0037
5153753.6505755 0.0037
5152868.43009275 0.0038
5151983.51365276 0.0038
5151098.9010989 0.0038
5150214.59227468 0.0038
5149330.58702369 0.0038
5148446.88518963 0.0038
5147563.48661633 0.0038
5146680.39114771 0.0038
5145797.59862779 0.0039
5144915.1089007 0.0039
5144032.9218107 0.0039
5143151.03720213 0.0039
5142269.45491944 0.0039
5141388.1748072 0.0039
5140507.19671008 0.0039
5139626.52047285 0.0039
5138746.14594039 0.004
5137866.0729577 0.004
5136986.30136986 0.004
5136106.83102209 0.004
5135227.66175967 0.004
5134348.79342803 0.004
5133470.22587269 0.004
5132591.95893926 0.004
5131713.99247349 0.0041
5130836.32632119 0.0041
5129958.96032832 0.0041
5129081.89434091 0.0041
5128205.12820513 0.0041
5127328.66176722 0.0041
5126452.49487355 0.0041
5125576.62737058 0.0041
5124701.05910489 0.0042
5123825.78992314 0.0042
5122950.81967213 0.0042
5122076.14819874 0.0042
5121201.77534995 0.0042
5120327.70097286 0.0042
5119453.92491468 0.0043
5118580.44702269 0.0043
5117707.26714432 0.0043
5116834.38512707 0.0043
5115961.80081855 0.0043
5115089.5140665 0.0043
5114217.52471872 0.0044
5113345.83262315 0.0044
5112474.43762781 0.0044
5111603.33958085 0.0044
5110732.53833049 0.0044
5109862.03372509 0.0045
5108991.82561308 0.0045
5108121.91384301 0.0045
5107252.29826353 0.0045
5106382.9787234 0.0045
5105513.95507148 0.0046
5104645.22715671 0.0046
5103776.79482817 0.0046
5102908.65793502 0.0046
5102040.81632653 0.0046
5101173.26985207 0.0047
5100306.0183611 0.0047
5099439.06170321 0.0047
5098572.39972808 0.0047
5097706.03228547 0.0047
5096839.95922528 0.0048
5095974.18039749 0.0048
5095108.69565217 0.0048
5094243.50483953 0.0048
5093378.60780985 0.0048
5092514.00441351 0.0049
5091649.69450102 0.0049
5090785.67792296 0.0049
5089921.95453003 0.0049
5089058.52417303 0.005
5088195.38670285 0.005
5087332.54197049 0.005
5086469.98982706 0.005
5085607.73012375 0.005
5084745.76271186 0.0051
5083884.08744281 0.0051
5083022.70416808 0.0051
5082161.61273929 0.0051
5081300.81300813 0.0052
5080440.30482642 0.0052
5079580.08804606 0.0052
5078720.16251905 0.0052
5077860.52809749 0.0052
5077001.18463361 0.0053
5076142.1319797 0.0053
5075283.36998816 0.0053
5074424.8985115 0.0053
5073566.71740233 0.0054
5072708.82651336 0.0054
5071851.22569738 0.0054
5070993.9148073 0.0054
5070136.89369613 0.0055
5069280.16221697 0.0055
5068423.72022301 0.0055
5067567.56756757 0.0055
5066711.70410404 0.0055
5065856.12968592 0.0056
5065000.84416681 0.0056
5064145.84740041 0.0056
5063291.13924051 0.0056
5062436.71954101 0.0056
5061582.5881559 0.0057
5060728.74493927 0.0057
5059875.18974532 0.0057
5059021.92242833 0.0057
5058168.94284269 0.0057
5057316.25084289 0.0058
5056463.8462835 0.0058
5055611.72901921 0.0058
5054759.8989048 0.0058
5053908.35579515 0.0058
5053057.09954522 0.0059
5052206.1300101 0.0059
5051355.44704496 0.0059
5050505.05050505 0.0059
5049654.94024575 0.006
5048805.11612252 0.006
5047955.57799091 0.006
5047106.32570659 0.006
5046257.35912532 0.0061
5045408.67810293 0.0061
5044560.28249538 0.0061
5043712.17215871 0.0061
5042864.34694907 0.0062
5042016.80672269 0.0062
5041169.55133591 0.0062
5040322.58064516 0.0062
5039475.89450697 0.0062
5038629.49277796 0.0063
5037783.37531486 0.0063
5036937.54197448 0.0063
5036091.99261373 0.0063
5035246.72708963 0.0064
5034401.74525927 0.0064
5033557.04697987 0.0064
5032712.63210871 0.0064
5031868.50050319 0.0064
5031024.6520208 0.0065
5030181.08651911 0.0065
5029337.80385583 0.0065
5028494.8038887 0.0065
5027652.08647562 0.0065
5026809.65147453 0.0066
5025967.49874351 0.0066
5025125.6281407 0.0066
5024284.03952437 0.0066
5023442.73275285 0.0066
5022601.70768458 0.0067
5021760.9641781 0.0067
5020920.50209205 0.0067
5020080.32128514 0.0067
5019240.4216162 0.0068
5018400.80294413 0.0068
5017561.46512795 0.0068
5016722.40802676 0.0068
5015883.63149975 0.0068
5015045.13540622 0.0069
5014206.91960555 0.0069
5013368.98395722 0.0069
5012531.3283208 0.007
5011693.95255596 0.007
5010856.85652247 0.007
5010020.04008016 0.007
5009183.503089 0.0071
5008347.24540901 0.0071
5007511.26690035 0.0071
5006675.56742323 0.0072
5005840.14683798 0.0072
5005005.005005 0.0072
5004170.14178482 0.0072
5003335.55703802 0.0073
5002501.25062531 0.0073
5001667.22240747 0.0073
5000833.47224537 0.0074
5e+06 0.0074
4999166.80553241 0.0074
4998333.88870377 0.0075
4997501.24937531 0.0075
4996668.88740839 0.0075
4995836.80266445 0.0075
4995004.99500499 0.0076
4994173.46429166 0.0076
4993342.21038615 0.0076
4992511.23315027 0.0077
4991680.53244592 0.0077
4990850.10813509 0.0077
4990019.96007984 0.0077
4989190.08814236 0.0078
4988360.4921849 0.0078
4987531.17206983 0.0078
4986702.12765957 0.0078
4985873.35881669 0.0079
4985044.86540379 0.0079
4984216.6472836 0.0079
4983388.70431894 0.008
4982561.0363727 0.008
4981733.64330787 0.008
4980906.52498755 0.008
4980079.6812749 0.0081
4979253.11203319 0.0081
4978426.81712579 0.0081
4977600.79641613 0.0081
4976775.04976775 0.0082
4975949.57704429 0.0082
4975124.37810945 0.0082
4974299.45282706 0.0083
4973474.80106101 0.0083
4972650.42267529 0.0083
4971826.31753397 0.0084
4971002.48550124 0.0084
4970178.92644135 0.0084
4969355.64021865 0.0085
4968532.62669758 0.0085
4967709.88574267 0.0085
4966887.41721854 0.0086
4966065.2209899 0.0086
4965243.29692155 0.0086
4964421.64487837 0.0086
4963600.26472535 0.0087
4962779.15632754 0.0087
4961958.31955012 0.0087
4961137.75425831 0.0088
4960317.46031746 0.0088
4959497.43759299 0.0088
4958677.68595041 0.0088
4957858.20525533 0.0089
4957038.99537343 0.0089
4956220.05617049 0.0089
4955401.38751239 0.009
4954582.98926507 0.009
4953764.86129458 0.009
4952947.00346706 0.009
4952129.41564873 0.0091
4951312.09770589 0.0091
4950495.04950495 0.0091
4949678.27091239 0.0091
4948861.76179479 0.0092
4948045.5220188 0.0092
4947229.55145119 0.0092
4946413.84995878 0.0092
4945598.41740851 0.0093
4944783.25366738 0.0093
4943968.35860251 0.0093
4943153.73208107 0.0093
4942339.37397035 0.0094
4941525.2841377 0.0094
4940711.46245059 0.0094
4939897.90877655 0.0094
4939084.62298321 0.0095
4938271.60493827 0.0095
4937458.85450955 0.0095
4936646.37156492 0.0095
4935834.15597236 0.0096
4935022.20759993 0.0096
4934210.52631579 0.0096
4933399.11198816 0.0096
4932587.96448537 0.0097
4931777.08367582 0.0097
4930966.46942801 0.0097
4930156.12161052 0.0097
4929346.04009201 0.0098
4928536.22474125 0.0098
4927726.67542707 0.0098
4926917.39201839 0.0098
4926108.37438424 0.0098
4925299.6223937 0.0099
4924491.13591596 0.0099
4923682.91482029 0.0099
4922874.95897604 0.0099
4922067.26825267 0.0099
4921259.84251968 0.01
4920452.68164671 0.01
4919645.78550344 0.01
4918839.15395967 0.01
4918032.78688525 0.01
4917226.68415014 0.0101
4916420.84562439 0.0101
4915615.27117811 0.0101
4914809.96068152 0.0101
4914004.91400491 0.0101
4913200.13101867 0.0102
4912395.61159325 0.0102
4911591.35559921 0.0102
4910787.36290719 0.0102
4909983.63338789 0.0102
4909180.16691213 0.0103
4908376.96335078 0.0103
4907574.02257484 0.0103
4906771.34445535 0.0103
4905968.92886345 0.0103
4905166.77567037 0.0103
4904364.88474743 0.0104
4903563.255966 0.0104
4902761.88919758 0.0104
4901960.78431373 0.0104
4901159.94118608 0.0104
4900359.35968638 0.0105
4899559.03968643 0.0105
4898758.98105813 0.0105
4897959.18367347 0.0105
4897159.6474045 0.0105
4896360.37212339 0.0105
4895561.35770235 0.0106
4894762.60401371 0.0106
4893964.11092985 0.0106
4893165.87832328 0.0106
4892367.90606654 0.0106
4891570.19403228 0.0107
4890772.74209325 0.0107
4889975.55012225 0.0107
4889178.61799218 0.0107
4888381.94557601 0.0107
4887585.53274682 0.0108
4886789.37937775 0.0108
4885993.48534202 0.0108
4885197.85051295 0.0108
4884402.47476392 0.0109
4883607.35796842 0.0109
4882812.5 0.0109
4882017.9007323 0.0109
4881223.56003905 0.011
4880429.47779405 0.011
4879635.65387118 0.011
4878842.08814441 0.011
4878048.7804878 0.011
4877255.73077548 0.0111
4876462.93888166 0.0111
4875670.40468064 0.0111
4874878.1280468 0.0111
4874086.10885459 0.0111
4873294.34697856 0.0111
4872502.84229332 0.0112
4871711.5946736 0.0112
4870920.60399416 0.0112
4870129.87012987 0.0112
4869339.39295569 0.0112
4868549.17234664 0.0112
4867759.20817784 0.0113
4866969.50032446 0.0113
4866180.0486618 0.0113
4865390.8530652 0.0113
4864601.91341009 0.0113
4863813.22957198 0.0113
4863024.80142649 0.0113
4862236.62884927 0.0113
4861448.71171609 0.0114
4860661.04990279 0.0114
4859873.64328527 0.0114
4859086.49173955 0.0114
4858299.5951417 0.0114
4857512.95336788 0.0114
4856726.56629432 0.0114
4855940.43379735 0.0115
4855154.55575336 0.0115
4854368.93203884 0.0115
4853583.56253034 0.0115
4852798.4471045 0.0116
4852013.58563804 0.0116
4851228.97800776 0.0116
4850444.62409054 0.0117
4849660.52376334 0.0117
4848876.67690318 0.0118
4848093.0833872 0.0118
4847309.74309258 0.0118
4846526.65589661 0.0119
4845743.82167663 0.0119
4844961.24031008 0.0119
4844178.91167447 0.012
4843396.8356474 0.012
4842615.01210654 0.0121
4841833.44092963 0.0121
4841052.12199451 0.0122
4840271.05517909 0.0123
4839490.24036135 0.0124
4838709.67741936 0.0124
4837929.36623125 0.0125
4837149.30667527 0.0126
4836369.4986297 0.0127
4835589.94197292 0.0128
4834810.6365834 0.0128
4834031.58233967 0.0129
4833252.77912035 0.013
4832474.22680412 0.0131
4831695.92526977 0.0131
4830917.87439614 0.0133
4830140.07406215 0.0134
4829362.52414681 0.0135
4828585.22452921 0.0137
4827808.17508851 0.0138
4827031.37570394 0.014
4826254.82625483 0.0141
4825478.52662056 0.0142
4824702.4766806 0.0144
4823926.67631452 0.0145
4823151.12540193 0.0146
4822375.82382254 0.0148
4821600.77145612 0.0149
4820825.96818255 0.0151
4820051.41388175 0.0152
4819277.10843373 0.0154
4818503.0517186 0.0156
4817729.24361651 0.0158
4816955.68400771 0.016
4816182.37277252 0.0162
4815409.30979133 0.0164
4814636.49494463 0.0166
4813863.92811297 0.0168
4813091.60917696 0.017
4812319.53801732 0.0172
4811547.71451484 0.0174
4810776.13855035 0.0176
4810004.81000481 0.0178
4809233.72875922 0.018
4808462.89469466 0.0182
4807692.30769231 0.0185
4806921.96763339 0.0187
4806151.87439923 0.019
4805382.02787122 0.0193
4804612.42793081 0.0196
4803843.07445957 0.0198
4803073.9673391 0.0201
4802305.1064511 0.0204
4801536.49167734 0.0207
4800768.12289966 0.0209
4800000 0.0212
4799232.12286034 0.0215
4798464.49136276 0.0218
4797697.10538941 0.022
4796929.96482251 0.0223
4796163.06954436 0.0226
4795396.41943734 0.0229
4794630.01438389 0.0232
4793863.85426654 0.0235
4793097.93896789 0.0239
4792332.26837061 0.0242
4791566.84235745 0.0245
4790801.66081124 0.0248
4790036.72361488 0.0251
4789272.03065134 0.0254
4788507.58180367 0.0258
4787743.376955 0.0261
4786979.41598851 0.0264
4786215.69878749 0.0267
4785452.22523528 0.027
4784688.99521531 0.0274
4783926.00861107 0.0277
4783163.26530612 0.0281
4782400.76518412 0.0284
4781638.50812879 0.0288
4780876.4940239 0.0292
4780114.72275335 0.0295
4779353.19420105 0.0299
4778591.90825104 0.0303
4777830.86478739 0.0306
4777070.06369427 0.031
4776309.50485591 0.0314
4775549.18815664 0.0317
4774789.11348082 0.0321
4774029.28071292 0.0324
4773269.68973747 0.0328
4772510.34043907 0.0332
4771751.2327024 0.0337
4770992.36641221 0.0342
4770233.74145333 0.0346
4769475.35771065 0.0351
4768717.21506915 0.0355
4767959.31341386 0.036
4767201.65262991 0.0365
4766444.23260248 0.0369
4765687.05321684 0.0374
4764930.11435832 0.0378
4764173.41591234 0.0383
4763416.95776437 0.0387
4762660.73979997 0.0392
4761904.76190476 0.0397
4761149.02396445 0.0402
4760393.52586481 0.0408
4759638.26749167 0.0413
4758883.24873096 0.0419
4758128.46946868 0.0425
4757373.92959087 0.0431
4756619.62898367 0.0436
4755865.56753329 0.0442
4755111.74512601 0.0448
4754358.16164818 0.0454
4753604.81698621 0.0459
4752851.71102662 0.0465
4752098.84365595 0.0471
4751346.21476085 0.0477
4750593.82422803 0.0482
4749841.67194427 0.0489
4749089.75779642 0.0496
4748338.08167141 0.0503
4747586.64345624 0.0511
4746835.44303797 0.0518
4746084.48030375 0.0525
4745333.75514078 0.0533
4744583.26743634 0.054
4743833.0170778 0.0547
4743083.00395257 0.0555
4742333.22794815 0.0562
4741583.68895211 0.0569
4740834.38685209 0.0577
4740085.32153579 0.0584
4739336.49289099 0.0591
4738587.90080556 0.0599
4737839.5451674 0.0607
4737091.42586452 0.0615
4736343.54278497 0.0624
4735595.89581689 0.0632
4734848.48484848 0.064
4734101.30976803 0.0648
4733354.37046387 0.0657
4732607.66682442 0.0665
4731861.19873817 0.0673
4731114.96609368 0.0682
4730368.96877956 0.069
4729623.20668453 0.0698
4728877.67969735 0.0706
4728132.38770686 0.0715
4727387.33060195 0.0723
4726642.50827162 0.0732
4725897.92060492 0.0742
4725153.56749094 0.0751
4724409.4488189 0.076
4723665.56447804 0.077
4722921.91435768 0.0779
4722178.49834724 0.0788
4721435.31633617 0.0798
4720692.368214 0.0807
4719949.65387036 0.0816
4719207.1731949 0.0826
4718464.92607738 0.0835
4717722.91240761 0.0845
4716981.13207547 0.0854
4716239.58497092 0.0864
4715498.27098397 0.0873
4714757.19000471 0.0883
4714016.34192332 0.0893
4713275.72663001 0.0903
4712535.34401508 0.0913
4711795.1939689 0.0924
4711055.27638191 0.0934
4710315.59114461 0.0944
4709576.13814757 0.0954
4708836.91728143 0.0964
4708097.92843691 0.0974
4707359.17150479 0.0984
4706620.6463759 0.0994
4705882.35294118 0.1004
4705144.29109159 0.1014
4704406.46071821 0.1024
4703668.86171214 0.1033
4702931.49396457 0.1043
4702194.35736677 0.1053
4701457.45181006 0.1062
4700720.77718583 0.1072
4699984.33338556 0.1081
4699248.12030075 0.1091
4698512.13782302 0.11
4697776.38584403 0.111
4697040.86425552 0.1119
4696305.57294928 0.1128
4695570.51181719 0.1138
4694835.68075117 0.1147
4694101.07964325 0.1156
4693366.70838548 0.1166
4692632.56687001 0.1177
4691898.65498905 0.1188
4691164.97263487 0.1199
4690431.51969981 0.121
4689698.29607629 0.1221
4688965.30165677 0.1232
4688232.5363338 0.1243
4687500 0.1253
4686767.69254804 0.1264
4686035.61387067 0.1275
4685303.76386069 0.1286
4684572.14241099 0.1297
4683840.74941452 0.1307
4683109.58476428 0.1318
4682378.64835336 0.1329
4681647.94007491 0.1341
4680917.45982212 0.1354
4680187.2074883 0.1366
4679457.18296678 0.1378
4678727.38615097 0.1391
4677997.81693435 0.1403
4677268.47521048 0.1415
4676539.36087295 0.1427
4675810.47381546 0.144
4675081.81393174 0.1452
4674353.38111561 0.1464
4673625.17526094 0.1476
4672897.19626168 0.1488
4672169.44401184 0.15
4671441.91840548 0.1512
4670714.61933676 0.1526
4669987.54669988 0.154
4669260.7003891 0.1554
4668534.08029879 0.1567
4667807.68632332 0.1581
4667081.51835719 0.1595
4666355.57629491 0.1609
4665629.8600311 0.1623
4664904.36946043 0.1636
4664179.10447761 0.165
4663454.06497746 0.1664
4662729.25085483 0.1678
4662004.66200466 0.1692
4661280.29832194 0.1705
4660556.15970172 0.1719
4659832.24603914 0.1734
4659108.55722938 0.175
4658385.0931677 0.1766
4657661.85374942 0.1782
4656938.83886992 0.1798
4656216.04842465 0.1814
4655493.48230912 0.183
4654771.14041893 0.1846
4654049.02264971 0.1862
4653327.12889716 0.1878
4652605.45905707 0.1894
4651884.01302528 0.191
4651162.79069767 0.1926
4650441.79197024 0.1942
4649721.016739 0.1958
4649000.46490005 0.1975
4648280.13634955 0.1992
4647560.03098373 0.201
4646840.14869888 0.2028
4646120.48939136 0.2046
4645401.05295757 0.2063
4644681.83929401 0.2081
4643962.84829721 0.2099
4643244.0798638 0.2117
4642525.53389044 0.2134
4641807.21027387 0.2152
4641089.10891089 0.217
4640371.22969838 0.2188
4639653.57253325 0.2206
4638936.13731251 0.2224
4638218.92393321 0.2242
4637501.93229247 0.2258
4636785.16228748 0.2275
4636068.61381548 0.2292
4635352.2867738 0.2309
4634636.18105979 0.2325
4633920.2965709 0.2342
4633204.63320463 0.2359
4632489.19085856 0.2376
4631773.96943029 0.2392
4631058.96881754 0.2409
4630344.18891804 0.2426
4629629.62962963 0.2442
4628915.29085018 0.2459
4628201.17247763 0.2476
4627487.27441 0.2492
4626773.59654534 0.2508
4626060.1387818 0.2523
4625346.90101758 0.2539
4624633.88315092 0.2554
4623921.08508015 0.257
4623208.50670365 0.2585
4622496.14791988 0.26
4621784.00862733 0.2616
4621072.08872458 0.2631
4620360.38811027 0.2646
4619648.90668309 0.2662
4618937.6443418 0.2677
4618226.60098522 0.2692
4617515.77651224 0.2707
4616805.17082179 0.2722
4616094.78381289 0.2736
4615384.61538462 0.275
4614674.66543609 0.2763
4613964.9338665 0.2776
4613255.42057512 0.2789
4612546.12546125 0.2802
4611837.04842429 0.2815
4611128.18936366 0.2829
4610419.54817888 0.2842
4609711.12476951 0.2855
4609002.91903518 0.2868
4608294.93087558 0.2881
4607587.16019045 0.2894
4606879.60687961 0.2907
4606172.27084293 0.292
4605465.15198035 0.2931
4604758.25019186 0.294
4604051.56537753 0.295
4603345.09743747 0.2959
4602638.84627186 0.2968
4601932.81178095 0.2978
4601226.99386503 0.2987
4600521.39242447 0.2996
4599816.00735971 0.3005
4599110.83857121 0.3015
4598405.88595953 0.3024
4597701.14942529 0.3033
4596996.62886914 0.3042
4596292.32419182 0.3051
4595588.23529412 0.306
4594884.36207689 0.307
4594180.70444104 0.3083
4593477.26228755 0.3095
4592774.03551745 0.3108
4592071.02403184 0.3121
4591368.22773186 0.3134
4590665.64651875 0.3147
4589963.28029376 0.3159
4589261.12895824 0.3172
4588559.19241358 0.3185
4587857.47056125 0.3198
4587155.96330275 0.321
4586454.67053967 0.3223
4585753.59217365 0.3236
4585052.72810637 0.3249
4584352.07823961 0.3262
4583651.64247517 0.3275
4582951.42071494 0.3288
4582251.41286085 0.3301
4581551.61881491 0.3315
4580852.03847916 0.3328
4580152.67175573 0.3341
4579453.51854679 0.3354
4578754.57875458 0.3368
4578055.8522814 0.3381
4577357.3390296 0.3394
4576659.0389016 0.3408
4575960.95179988 0.3421
4575263.07762696 0.3434
4574565.41628545 0.3448
4573867.967678 0.3461
4573170.73170732 0.3474
4572473.70827618 0.3486
4571776.89728741 0.3498
4571080.29864391 0.351
4570383.91224863 0.3523
4569687.73800457 0.3535
4568991.7758148 0.3547
4568296.02558246 0.356
4567600.48721072 0.3572
4566905.16060283 0.3584
4566210.0456621 0.3597
4565515.14229189 0.3609
4564820.45039562 0.3622
4564125.96987677 0.3634
4563431.70063888 0.3646
4562737.64258555 0.3656
4562043.79562044 0.3666
4561350.15964726 0.3675
4560656.73456978 0.3684
4559963.52029184 0.3693
4559270.51671732 0.3702
4558577.72375019 0.3711
4557885.14129444 0.372
4557192.76925414 0.3729
4556500.60753341 0.3738
4555808.65603645 0.3747
4555116.91466748 0.3756
4554425.3833308 0.3765
4553734.06193078 0.3774
4553042.95037183 0.3783
4552352.04855842 0.379
4551661.35639508 0.3794
4550970.87378641 0.3798
4550280.60063704 0.3803
4549590.53685168 0.3807
4548900.6823351 0.3811
4548211.03699212 0.3815
4547521.6007276 0.3819
4546832.3734465 0.3823
4546143.3550538 0.3827
4545454.54545455 0.3831
4544765.94455386 0.3835
4544077.55225689 0.384
4543389.36846888 0.3844
4542701.39309509 0.3848
4542013.62604088 0.3852
4541326.06721163 0.3857
4540638.71651279 0.3863
4539951.57384988 0.3868
4539264.63912846 0.3873
4538577.91225416 0.3879
4537891.39313266 0.3884
4537205.08166969 0.3889
4536518.97777106 0.3895
4535833.08134261 0.39
4535147.39229025 0.3905
4534461.91051995 0.3911
4533776.63593774 0.3916
4533091.56844968 0.3921
4532406.70796193 0.3927
4531722.05438066 0.3932
4531037.60761214 0.3931
4530353.36756267 0.393
4529669.33413861 0.3929
4528985.50724638 0.3928
4528301.88679245 0.3927
4527618.47268337 0.3925
4526935.26482571 0.3924
4526252.26312613 0.3923
4525569.46749133 0.3922
4524886.87782805 0.3921
4524204.49404313 0.392
4523522.31604343 0.3919
4522840.34373587 0.3917
4522158.57702743 0.3916
4521477.01582517 0.3915
4520795.66003617 0.3916
4520114.50956758 0.3918
4519433.5643266 0.3919
4518752.82422051 0.3921
4518072.28915663 0.3922
4517391.95904231 0.3923
4516711.833785 0.3925
4516031.91329219 0.3926
4515352.1974714 0.3928
4514672.68623025 0.3929
4513993.37947638 0.3931
4513314.2771175 0.3932
4512635.37906137 0.3934
4511956.68521582 0.3935
4511278.19548872 0.3937
4510599.909788 0.3938
4509921.82802165 0.394
4509243.9500977 0.3941
4508566.27592426 0.3943
4507888.80540947 0.3945
4507211.53846154 0.3946
4506534.47498873 0.3948
4505857.61489937 0.395
4505180.95810182 0.3951
4504504.5045045 0.3953
4503828.25401591 0.3955
4503152.20654458 0.3956
4502476.3619991 0.3958
4501800.72028812 0.396
4501125.28132033 0.3961
4500450.0450045 0.3963
4499775.01124944 0.3965
4499100.17996401 0.3967
4498425.55105713 0.3968
4497751.12443778 0.397
4497076.90001499 0.3972
4496402.87769784 0.3974
4495729.05739547 0.3975
4495055.43901708 0.3977
4494382.02247191 0.3979
4493708.80766926 0.3981
4493035.7945185 0.3982
4492362.98292902 0.3984
4491690.3728103 0.3986
4491017.96407186 0.3988
4490345.75662326 0.399
4489673.75037414 0.3994
4489001.94523418 0.3999
4488330.34111311 0.4003
4487658.93792072 0.4008
4486987.73556686 0.4013
4486316.73396142 0.4017
4485645.93301435 0.4022
4484975.33263567 0.4026
4484304.93273543 0.4031
4483634.73322373 0.4036
4482964.73401076 0.404
4482294.93500672 0.4045
4481625.3361219 0.4049
4480955.93726662 0.4054
4480286.73835125 0.4059
4479617.73928625 0.4057
4478948.93998208 0.4056
4478280.34034931 0.4054
4477611.94029851 0.4052
4476943.73974034 0.405
4476275.7385855 0.4048
4475607.93674474 0.4046
4474940.33412888 0.4044
4474272.93064877 0.4042
4473605.72621533 0.404
4472938.72073953 0.4038
4472271.91413238 0.4036
4471605.30630496 0.4034
4470938.89716841 0.4033
4470272.68663388 0.4031
4469606.67461263 0.4031
4468940.86101594 0.4032
4468275.24575514 0.4034
4467609.82874162 0.4036
4466944.60988684 0.4037
4466279.58910228 0.4039
4465614.76629949 0.404
4464950.14139009 0.4042
4464285.71428571 0.4043
4463621.48489808 0.4045
4462957.45313895 0.4046
4462293.61892013 0.4048
4461629.98215348 0.4049
4460966.54275093 0.4051
4460303.30062444 0.4052
4459640.25568604 0.4053
4458977.4078478 0.4052
4458314.75702185 0.4051
4457652.30312036 0.405
4456990.04605556 0.405
4456327.98573975 0.4049
4455666.12208525 0.4048
4455004.45500445 0.4047
4454342.9844098 0.4047
4453681.71021378 0.4046
4453020.63232893 0.4045
4452359.75066785 0.4044
4451699.0651432 0.4044
4451038.57566766 0.4043
4450378.28215398 0.4042
4449718.18451498 0.4041
4449058.2826635 0.4039
4448398.57651246 0.4037
4447739.0659748 0.4035
4447079.75096353 0.4033
4446420.63139173 0.4031
4445761.7071725 0.4029
4445102.978219 0.4026
4444444.44444444 0.4024
4443786.10576211 0.4022
4443127.96208531 0.402
4442470.01332741 0.4018
4441812.25940184 0.4016
4441154.70022206 0.4014
4440497.3357016 0.4012
4439840.16575403 0.401
4439183.19029299 0.4008
4438526.40923213 0.4007
4437869.82248521 0.4006
4437213.42996598 0.4004
4436557.23158829 0.4003
4435901.22726601 0.4002
4435245.41691307 0.4
4434589.80044346 0.3999
4433934.37777121 0.3998
4433279.1488104 0.3996
4432624.11347518 0.3995
4431969.27167972 0.3994
4431314.62333826 0.3992
4430660.16836509 0.3991
4430005.90667454 0.399
4429351.83818101 0.3986
4428697.96279894 0.3982
4428044.2804428 0.3978
4427390.79102715 0.3974
4426737.49446658 0.397
4426084.39067572 0.3966
4425431.47956926 0.3962
4424778.76106195 0.3958
4424126.23506857 0.3954
4423473.90150398 0.395
4422821.76028306 0.3946
4422169.81132075 0.3942
4421518.05453206 0.3938
4420866.48983201 0.3934
4420215.1171357 0.393
4419563.93635828 0.3927
4418912.94741494 0.3925
4418262.15022091 0.3923
4417611.5446915 0.3921
4416961.13074205 0.3918
4416310.90828794 0.3916
4415660.87724463 0.3914
4415011.03752759 0.3912
4414361.38905238 0.391
4413711.93173459 0.3908
4413062.66548985 0.3905
4412413.59023386 0.3903
4411764.70588235 0.3901
4411116.01235112 0.3899
4410467.50955601 0.3897
4409819.19741291 0.3894
4409171.07583774 0.3891
4408523.14474651 0.3887
4407875.40405525 0.3884
4407227.85368004 0.3881
4406580.49353702 0.3878
4405933.32354237 0.3874
4405286.34361233 0.3871
4404639.55366319 0.3868
4403992.95361127 0.3864
4403346.54337296 0.3861
4402700.32286469 0.3858
4402054.29200293 0.3854
4401408.45070423 0.3851
4400762.79888514 0.3847
4400117.33646231 0.3843
4399472.0633524 0.3835
4398826.97947214 0.3827
4398182.08473831 0.3819
4397537.37906772 0.3811
4396892.86237725 0.3803
4396248.53458382 0.3795
4395604.3956044 0.3787
4394960.44535599 0.3779
4394316.68375568 0.3771
4393673.11072056 0.3763
4393029.72616781 0.3755
4392386.53001464 0.3747
4391743.5221783 0.3738
4391100.70257611 0.373
4390458.07112542 0.3722
4389815.62774363 0.3707
4389173.37234821 0.3691
4388531.30485664 0.3676
4387889.42518649 0.366
4387247.73325534 0.3645
4386606.22898084 0.3629
4385964.9122807 0.3614
4385323.78307265 0.3598
4384682.84127448 0.3583
4384042.08680403 0.3567
4383401.51957919 0.3552
4382761.1395179 0.3536
4382120.94653812 0.3521
4381480.94055791 0.3505
4380841.12149533 0.349
4380201.48926851 0.3471
4379562.04379562 0.3451
4378922.78499489 0.3431
4378283.71278459 0.3411
4377644.82708303 0.3391
4377006.12780858 0.337
4376367.61487965 0.335
4375729.2882147 0.333
4375091.14773224 0.331
4374453.19335083 0.329
4373815.42498907 0.327
4373177.8425656 0.325
4372540.44599913 0.3231
4371903.23520839 0.3211
4371266.2101122 0.3191
4370629.37062937 0.3171
4369992.71667881 0.3151
4369356.24817943 0.3131
4368719.96505024 0.3111
4368083.86721025 0.3091
4367447.95457854 0.3072
4366812.22707424 0.3052
4366176.6846165 0.3032
4365541.32712456 0.3012
4364906.15451768 0.2992
4364271.16671516 0.2972
4363636.36363636 0.2953
4363001.7452007 0.2933
4362367.31132761 0.2913
4361733.06193661 0.2893
4361098.99694723 0.2873
4360465.11627907 0.2851
4359831.41985177 0.2829
4359197.907585 0.2807
4358564.57939852 0.2785
4357931.43521209 0.2764
4357298.47494553 0.2742
4356665.69851873 0.272
4356033.1058516 0.2699
4355400.69686411 0.2677
4354768.47147627 0.2655
4354136.42960813 0.2634
4353504.5711798 0.2612
4352872.89611143 0.2591
4352241.40432323 0.2569
4351610.09573542 0.2548
4350978.97026831 0.2528
4350348.02784223 0.2508
4349717.26837756 0.2489
4349086.69179472 0.2469
4348456.2980142 0.2449
4347826.08695652 0.2429
4347196.05854224 0.241
4346566.21269197 0.239
4345936.54932638 0.237
4345307.06836616 0.235
4344677.76973208 0.2331
4344048.65334492 0.2311
4343419.71912553 0.2291
4342790.96699479 0.2272
4342162.39687364 0.2252
4341534.00868307 0.2234
4340905.80234409 0.2216
4340277.77777778 0.2199
4339649.93490525 0.2181
4339022.27364767 0.2163
4338394.79392625 0.2145
4337767.49566223 0.2128
4337140.37877693 0.211
4336513.44319167 0.2092
4335886.68882787 0.2074
4335260.11560694 0.2056
4334633.72345037 0.2038
4334007.51227969 0.202
4333381.48201647 0.2002
4332755.63258232 0.1984
4332129.96389892 0.1967
4331504.47588796 0.1949
4330879.1684712 0.1931
4330254.04157044 0.1914
4329629.09510752 0.1896
4329004.32900433 0.1878
4328379.7431828 0.1861
4327755.33756492 0.1843
4327131.1120727 0.1825
4326507.06662821 0.1807
4325883.20115357 0.179
4325259.51557093 0.1772
4324636.00980251 0.1754
4324012.68377054 0.1736
4323389.53739732 0.1718
4322766.57060519 0.1701
4322143.78331652 0.1684
4321521.17545376 0.1666
4320898.74693936 0.1649
4320276.49769585 0.1632
4319654.42764579 0.1615
4319032.53671178 0.1598
4318410.82481647 0.1581
4317789.29188256 0.1564
4317167.93783278 0.1547
4316546.76258993 0.153
4315925.76607682 0.1513
4315304.94821634 0.1495
4314684.3089314 0.1478
4314063.84814495 0.1461
4313443.56578001 0.1444
4312823.46175963 0.1429
4312203.5360069 0.1413
4311583.78844496 0.1398
4310964.21899698 0.1382
4310344.82758621 0.1366
4309725.6141359 0.1351
4309106.57856938 0.1335
4308487.72081 0.132
4307869.04078116 0.1304
4307250.53840632 0.1289
4306632.21360896 0.1273
4306014.06631262 0.1258
4305396.09644087 0.1242
4304778.30391735 0.1227
4304160.68866571 0.1212
4303543.25060967 0.1198
4302925.98967298 0.1186
4302308.90577944 0.1173
4301691.99885288 0.116
4301075.2688172 0.1147
4300458.71559633 0.1134
4299842.33911423 0.1121
4299226.13929493 0.1108
4298610.11606247 0.1095
4297994.26934097 0.1082
4297378.59905458 0.1069
4296763.10512747 0.1056
4296147.78748389 0.1043
4295532.64604811 0.103
4294917.68074445 0.1017
4294302.89149728 0.1005
4293688.278231 0.0994
4293073.84087006 0.0982
4292459.57933896 0.0971
4291845.49356223 0.0959
4291231.58346445 0.0948
4290617.84897025 0.0936
4290004.29000429 0.0925
4289390.90649128 0.0914
4288777.69835597 0.0902
4288164.66552316 0.0891
4287551.80791768 0.088
4286939.12546442 0.0868
4286326.6180883 0.0857
4285714.28571429 0.0846
4285102.12826739 0.0835
4284490.14567266 0.0826
4283878.3378552 0.0817
4283266.70474015 0.0808
4282655.24625268 0.0799
4282043.96231801 0.0789
4281432.85286142 0.078
4280821.91780822 0.0771
4280211.15708375 0.0762
4279600.57061341 0.0752
4278990.15832264 0.0743
4278379.92013691 0.0734
4277769.85598175 0.0725
4277159.96578272 0.0716
4276550.24946543 0.0707
4275940.70695553 0.0698
4275331.33817871 0.0691
4274722.1430607 0.0683
4274113.12152728 0.0676
4273504.27350427 0.0669
4272895.59891753 0.0661
4272287.09769296 0.0654
4271678.76975651 0.0646
4271070.61503417 0.0639
4270462.63345196 0.0632
4269854.82493595 0.0624
4269247.18941227 0.0617
4268639.72680706 0.0609
4268032.43704652 0.0602
4267425.3200569 0.0595
4266818.37576447 0.0587
4266211.60409556 0.0581
4265605.00497654 0.0575
4264998.57833381 0.0569
4264392.32409382 0.0563
4263786.24218306 0.0557
4263180.33252807 0.0551
4262574.59505541 0.0544
4261969.02969172 0.0538
4261363.63636364 0.0532
4260758.41499787 0.0526
4260153.36552116 0.052
4259548.48786029 0.0514
4258943.78194208 0.0507
4258339.2476934 0.0501
4257734.88504116 0.0495
4257130.6939123 0.049
4256526.67423382 0.0484
4255922.82593276 0.0479
4255319.14893617 0.0474
4254715.64317118 0.0469
4254112.30856495 0.0464
4253509.14504466 0.0459
4252906.15253757 0.0453
4252303.33097094 0.0448
4251700.68027211 0.0443
4251098.20036843 0.0438
4250495.89118731 0.0433
4249893.75265618 0.0427
4249291.78470255 0.0422
4248689.98725393 0.0417
4248088.36023789 0.0412
4247486.90358205 0.0408
4246885.61721404 0.0403
4246284.50106157 0.0399
4245683.55505236 0.0394
4245082.77911419 0.039
4244482.17317487 0.0386
4243881.73716226 0.0381
4243281.47100424 0.0377
4242681.37462877 0.0372
4242081.4479638 0.0368
4241481.69093737 0.0363
4240882.10347752 0.0359
4240282.68551237 0.0355
4239683.43697004 0.035
4239084.35777872 0.0346
4238485.44786663 0.0342
4237886.70716203 0.0339
4237288.13559322 0.0335
4236689.73308855 0.0332
4236091.49957639 0.0328
4235493.43498518 0.0324
4234895.53924337 0.0321
4234297.81227946 0.0317
4233700.25402202 0.0314
4233102.8643996 0.031
4232505.64334086 0.0306
4231908.59077444 0.0303
4231311.70662905 0.0299
4230714.99083345 0.0296
4230118.44331641 0.0292
4229522.06400677 0.0289
4228925.85283338 0.0286
4228329.80972516 0.0284
4227733.93461105 0.0281
4227138.22742004 0.0278
4226542.68808115 0.0275
4225947.31652345 0.0272
4225352.11267606 0.0269
4224757.0764681 0.0266
4224162.20782878 0.0264
4223567.50668732 0.0261
4222972.97297297 0.0258
4222378.60661506 0.0255
4221784.40754292 0.0252
4221190.37568594 0.0249
4220596.51097355 0.0247
4220002.81333521 0.0245
4219409.28270042 0.0242
4218815.91899873 0.024
4218222.72215973 0.0238
4217629.69211303 0.0236
4217036.8287883 0.0233
4216444.13211525 0.0231
4215851.60202361 0.0229
4215259.23844316 0.0226
4214667.04130374 0.0224
4214075.01053519 0.0222
4213483.14606742 0.022
4212891.44783036 0.0217
4212299.915754 0.0215
4211708.54976836 0.0213
4211117.34980348 0.0211
4210526.31578947 0.0209
4209935.44765647 0.0207
4209344.74533464 0.0205
4208754.20875421 0.0203
4208163.83784542 0.0201
4207573.63253857 0.0199
4206983.59276399 0.0197
4206393.71845205 0.0195
4205804.00953316 0.0193
4205214.46593776 0.0192
4204625.08759636 0.019
4204035.87443946 0.0188
4203446.82639765 0.0186
4202857.94340151 0.0184
4202269.22538171 0.0182
4201680.67226891 0.0181
4201092.28399384 0.0179
4200504.06048726 0.0178
4199916.00167997 0.0176
4199328.1075028 0.0175
4198740.37788663 0.0173
4198152.81276238 0.0171
4197565.412061 0.017
4196978.17571349 0.0168
4196391.10365086 0.0167
4195804.1958042 0.0165
4195217.4521046 0.0164
4194630.87248322 0.0162
4194044.45687124 0.0161
4193458.20519989 0.0159
4192872.11740042 0.0158
4192286.19340414 0.0157
4191700.43314238 0.0155
4191114.83654652 0.0154
4190529.40354798 0.0153
4189944.13407821 0.0151
4189359.02806871 0.015
4188774.08545099 0.0149
4188189.30615664 0.0147
4187604.69011725 0.0146
4187020.23726448 0.0145
4186435.94753 0.0144
4185851.82084554 0.0142
4185267.85714286 0.0141
4184684.05635375 0.014
4184100.41841004 0.0139
4183516.94324362 0.0138
4182933.63078639 0.0136
4182350.48097031 0.0135
4181767.49372735 0.0134
4181184.66898955 0.0133
4180602.00668896 0.0132
4180019.5067577 0.0131
4179437.16912789 0.013
4178854.99373172 0.0128
4178272.98050139 0.0127
4177691.12936917 0.0126
4177109.44026734 0.0125
4176527.91312822 0.0124
4175946.54788419 0.0123
4175365.34446764 0.0122
4174784.30281102 0.0121
4174203.42284681 0.012
4173622.70450751 0.0119
4173042.14772569 0.0118
4172461.75243394 0.0117
4171881.51856487 0.0116
4171301.44605117 0.0115
4170721.53482552 0.0114
4170141.78482068 0.0113
4169562.19596942 0.0112
4168982.76820456 0.0111
4168403.50145894 0.011
4167824.39566546 0.0109
4167245.45075705 0.0108
4166666.66666667 0.0107
4166088.04332732 0.0107
4165509.58067204 0.0106
4164931.2786339 0.0105
4164353.13714603 0.0104
4163775.15614157 0.0103
4163197.33555371 0.0102
4162619.67531567 0.0102
4162042.17536071 0.0101
4161464.83562214 0.01
4160887.65603329 0.0099
4160310.63652753 0.0098
4159733.77703827 0.0098
4159157.07749896 0.0097
4158580.53784308 0.0096
4158004.15800416 0.0095
4157427.93791574 0.0095
4156851.87751143 0.0094
4156275.97672485 0.0093
4155700.23548968 0.0093
4155124.65373961 0.0092
4154549.23140839 0.0091
4153973.9684298 0.009
4153398.86473764 0.009
4152823.92026578 0.0089
4152249.1349481 0.0088
4151674.50871852 0.0088
4151100.041511 0.0087
4150525.73325955 0.0086
4149951.58389819 0.0086
4149377.593361 0.0085
4148803.76158208 0.0084
4148230.08849558 0.0084
4147656.57403567 0.0083
4147083.21813658 0.0082
4146510.02073255 0.0082
4145936.98175788 0.0081
4145364.10114688 0.0081
4144791.37883393 0.008
4144218.81475342 0.0079
4143646.40883978 0.0079
4143074.16102748 0.0078
4142502.07125104 0.0077
4141930.13944498 0.0077
4141358.3655439 0.0076
4140786.7494824 0.0076
4140215.29119514 0.0075
4139643.99061681 0.0075
4139072.84768212 0.0074
4138501.86232584 0.0074
4137931.03448276 0.0073
4137360.36408771 0.0073
4136789.85107557 0.0072
4136219.49538122 0.0072
4135649.29693962 0.0071
4135079.25568573 0.0071
4134509.37155458 0.007
4133939.64448119 0.007
4133370.07440066 0.0069
4132800.66124811 0.0069
4132231.40495868 0.0068
4131662.30546757 0.0068
4131093.36271 0.0067
4130524.57662123 0.0067
4129955.94713656 0.0066
4129387.47419133 0.0066
4128819.15772089 0.0065
4128250.99766066 0.0065
4127682.99394606 0.0065
4127115.14651259 0.0064
4126547.45529574 0.0064
4125979.92023106 0.0063
4125412.54125413 0.0063
4124845.31830056 0.0062
4124278.25130602 0.0062
4123711.34020619 0.0062
4123144.58493678 0.0061
4122577.98543356 0.0061
4122011.54163232 0.006
4121445.25346888 0.006
4120879.12087912 0.006
4120313.14379893 0.0059
4119747.32216424 0.0059
4119181.65591103 0.0058
4118616.14497529 0.0058
4118050.78929307 0.0057
4117485.58880044 0.0057
4116920.54343351 0.0057
4116355.65312843 0.0056
4115790.91782137 0.0056
4115226.33744856 0.0055
4114661.91194624 0.0055
4114097.64125069 0.0055
4113533.52529823 0.0054
4112969.56402523 0.0054
4112405.75736806 0.0054
4111842.10526316 0.0053
4111278.60764698 0.0053
4110715.26445602 0.0053
4110152.0756268 0.0052
4109589.04109589 0.0052
4109026.16079989 0.0052
4108463.43467543 0.0051
4107900.86265918 0.0051
4107338.44468784 0.005
4106776.18069815 0.005
4106214.07062688 0.005
4105652.11441084 0.0049
4105090.31198686 0.0049
4104528.66329183 0.0049
4103967.16826265 0.0048
4103405.82683627 0.0048
4102844.63894967 0.0048
4102283.60453986 0.0047
4101722.72354389 0.0047
4101161.99589884 0.0046
4100601.42154183 0.0046
4100041.00041 0.0046
4099480.73244056 0.0045
4098920.61757071 0.0045
4098360.65573771 0.0045
4097800.84687884 0.0044
4097241.19093144 0.0044
4096681.68783286 0.0043
4096122.33752048 0.0043
4095563.13993174 0.0043
4095004.0950041 0.0042
4094445.20267504 0.0042
4093886.4628821 0.0042
4093327.87556283 0.0041
4092769.44065484 0.0041
4092211.15809576 0.004
4091653.02782324 0.004
4091095.04977499 0.004
4090537.22388874 0.0039
4089979.55010225 0.0039
4089422.02835333 0.0039
4088864.6585798 0.0038
4088307.44071954 0.0038
4087750.37471045 0.0038
4087193.46049046 0.0037
4086636.69799755 0.0037
4086080.08716971 0.0037
4085523.62794498 0.0036
4084967.32026144 0.0036
4084411.16405718 0.0036
4083855.15927035 0.0035
4083299.30583912 0.0035
4082743.60370169 0.0035
4082188.0527963 0.0034
4081632.65306122 0.0034
4081077.40443477 0.0034
4080522.30685528 0.0034
4079967.36026112 0.0033
4079412.5645907 0.0033
4078857.91978246 0.0033
4078303.42577488 0.0033
4077749.08250646 0.0032
4077194.88991574 0.0032
4076640.8479413 0.0032
4076086.95652174 0.0032
4075533.21559571 0.0031
4074979.62510187 0.0031
4074426.18497895 0.0031
4073872.89516567 0.0031
4073319.75560081 0.003
4072766.76622319 0.003
4072213.92697163 0.003
4071661.23778502 0.003
4071108.69860225 0.003
4070556.30936228 0.0029
4070004.07000407 0.0029
4069451.98046663 0.0029
4068900.040689 0.0029
4068348.25061025 0.0028
4067796.61016949 0.0028
4067245.11930586 0.0028
4066693.77795852 0.0028
4066142.58606668 0.0028
4065591.54356959 0.0027
4065040.6504065 0.0027
4064489.90651673 0.0027
4063939.31183961 0.0027
4063388.86631451 0.0027
4062838.56988082 0.0026
4062288.422478 0.0026
4061738.42404549 0.0026
4061188.57452281 0.0026
4060638.87384949 0.0026
4060089.32196508 0.0026
4059539.9188092 0.0025
4058990.66432147 0.0025
4058441.55844156 0.0025
4057892.60110916 0.0025
4057343.792264 0.0025
4056795.13184584 0.0025
4056246.61979448 0.0024
4055698.25604975 0.0024
4055150.0405515 0.0024
4054601.97323963 0.0024
4054054.05405405 0.0024
4053506.28293474 0.0024
4052958.65982167 0.0024
4052411.18465487 0.0023
4051863.85737439 0.0023
4051316.67792032 0.0023
4050769.64623278 0.0023
4050222.76225192 0.0023
4049676.02591793 0.0023
4049129.43717101 0.0022
4048582.99595142 0.0022
4048036.70219943 0.0022
4047490.55585537 0.0022
4046944.55685957 0.0022
4046398.70515241 0.0022
4045853.00067431 0.0021
4045307.4433657 0.0021
4044762.03316705 0.0021
4044216.77001887 0.0021
4043671.65386171 0.0021
4043126.68463612 0.0021
4042581.86228271 0.002
4042037.18674212 0.002
4041492.657955 0.002
4040948.27586207 0.002
4040404.04040404 0.002
4039859.95152168 0.002
4039316.00915578 0.0019
4038772.21324717 0.0019
4038228.56373671 0.0019
4037685.06056528 0.0019
4037141.7036738 0.0019
4036598.49300323 0.0018
4036055.42849455 0.0018
4035512.51008878 0.0018
4034969.73772697 0.0018
4034427.11135019 0.0018
4033884.63089956 0.0018
4033342.29631621 0.0017
4032800.10754134 0.0017
4032258.06451613 0.0017
4031716.16718183 0.0017
4031174.41547971 0.0017
4030632.80935107 0.0017
4030091.34873724 0.0016
4029550.03357958 0.0016
4029008.8638195 0.0016
4028467.83939842 0.0016
4027926.96025779 0.0016
4027386.22633911 0.0016
4026845.63758389 0.0016
4026305.1939337 0.0016
4025764.89533011 0.0015
4025224.74171475 0.0015
4024684.73302925 0.0015
4024144.86921529 0.0015
4023605.15021459 0.0015
4023065.57596889 0.0015
4022526.14641995 0.0015
4021986.86150959 0.0015
4021447.72117962 0.0015
4020908.72537193 0.0015
4020369.87402841 0.0014
4019831.16709098 0.0014
4019292.60450161 0.0014
4018754.18620228 0.0014
4018215.91213501 0.0014
4017677.78224186 0.0014
4017139.79646492 0.0014
4016601.95474628 0.0014
4016064.25702811 0.0014
4015526.70325258 0.0014
4014989.29336188 0.0014
4014452.02729827 0.0014
4013914.90500401 0.0014
4013377.9264214 0.0013
4012841.09149278 0.0013
4012304.40016049 0.0013
4011767.85236694 0.0013
4011231.44805455 0.0013
4010695.18716578 0.0013
4010159.0696431 0.0013
4009623.09542903 0.0013
4009087.26446612 0.0013
4008551.57669695 0.0013
4008016.03206413 0.0013
4007480.63051029 0.0013
4006945.3719781 0.0013
4006410.25641026 0.0013
4005875.2837495 0.0013
4005340.45393858 0.0013
4004805.7669203 0.0013
4004271.22263748 0.0013
4003736.82103296 0.0013
4003202.56204964 0.0013
4002668.44563042 0.0013
4002134.47171825 0.0012
4001600.6402561 0.0012
4001066.95118698 0.0012
4000533.40445393 0.0012
4e+06 0.0012
3999466.7377683 0.0012
3998933.61770195 0.0012
3998400.6397441 0.0012
3997867.80383795 0.0012
3997335.10992672 0.0012
3996802.55795364 0.0012
3996270.147862 0.0012
3995737.8795951 0.0012
3995205.75309628 0.0012
3994673.76830892 0.0012
3994141.92517641 0.0012
3993610.22364217 0.0012
3993078.66364967 0.0012
3992547.2451424 0.0012
3992015.96806387 0.0012
3991484.83235764 0.0012
3990953.83796727 0.0012
3990422.98483639 0.0012
3989892.27290863 0.0012
3989361.70212766 0.0012
3988831.27243718 0.0012
3988300.98378091 0.0012
3987770.83610262 0.0011
3987240.82934609 0.0011
3986710.96345515 0.0011
3986181.23837364 0.0011
3985651.65404544 0.0011
3985122.21041445 0.0011
3984592.90742463 0.0011
3984063.74501992 0.0011
3983534.72314434 0.0011
3983005.8417419 0.0011
3982477.10075667 0.0011
3981948.50013273 0.0011
3981420.0398142 0.0011
3980891.71974522 0.0011
3980363.53986997 0.0011
3979835.50013266 0.001
3979307.60047752 0.001
3978779.84084881 0.001
3978252.22119082 0.001
3977724.74144789 0.001
3977197.40156436 0.001
3976670.20148462 0.001
3976143.14115308 0.001
3975616.22051418 0.001
3975089.43951239 0.001
3974562.79809221 0.001
3974036.29619817 0.001
3973509.93377483 0.001
3972983.71076679 0.001
3972457.62711864 0.001
3971931.68277506 0.001
3971405.8776807 9e-04
3970880.21178028 9e-04
3970354.68501853 9e-04
3969829.29734021 9e-04
3969304.04869013 9e-04
3968778.9390131 9e-04
3968253.96825397 9e-04
3967729.13635762 9e-04
3967204.44326898 9e-04
3966679.88893296 9e-04
3966155.47329455 9e-04
3965631.19629874 9e-04
3965107.05789056 9e-04
3964583.05801507 9e-04
3964059.19661734 9e-04
3963535.47364249 9e-04
3963011.88903567 8e-04
3962488.44274204 8e-04
3961965.13470681 8e-04
3961441.96487521 8e-04
3960918.9331925 8e-04
3960396.03960396 8e-04
3959873.28405491 8e-04
3959350.6664907 8e-04
3958828.18685669 8e-04
3958305.8450983 8e-04
3957783.64116095 8e-04
3957261.57499011 8e-04
3956739.64653126 8e-04
3956217.85572992 8e-04
3955696.20253165 8e-04
3955174.686882 8e-04
3954653.3087266 8e-04
3954132.06801107 8e-04
3953610.96468108 8e-04
3953089.9986823 8e-04
3952569.16996047 7e-04
3952048.47846134 7e-04
3951527.92413066 7e-04
3951007.50691426 7e-04
3950487.22675797 7e-04
3949967.08360764 7e-04
3949447.07740916 7e-04
3948927.20810846 7e-04
3948407.47565149 7e-04
3947887.87998421 7e-04
3947368.42105263 7e-04
3946849.09880279 7e-04
3946329.91318074 7e-04
3945810.86413258 7e-04
3945291.95160442 7e-04
3944773.17554241 7e-04
3944254.53589272 7e-04
3943736.03260155 7e-04
3943217.66561514 7e-04
3942699.43487975 7e-04
3942181.34034166 7e-04
3941663.38194718 7e-04
3941145.55964267 7e-04
3940627.87337449 7e-04
3940110.32308905 7e-04
3939592.90873276 7e-04
3939075.6302521 7e-04
3938558.48759354 6e-04
3938041.4807036 6e-04
3937524.60952881 6e-04
3937007.87401575 6e-04
3936491.27411101 6e-04
3935974.80976122 6e-04
3935458.48091303 6e-04
3934942.28751312 6e-04
3934426.2295082 6e-04
3933910.306845 6e-04
3933394.5194703 6e-04
3932878.86733089 6e-04
3932363.35037357 6e-04
3931847.96854522 6e-04
3931332.72179269 6e-04
3930817.61006289 6e-04
3930302.63330276 6e-04
3929787.79145926 6e-04
3929273.08447937 6e-04
3928758.51231011 6e-04
3928244.07489852 6e-04
3927729.77219167 6e-04
3927215.60413667 6e-04
3926701.57068063 6e-04
3926187.67177071 6e-04
3925673.9073541 6e-04
3925160.27737799 6e-04
3924646.78178964 6e-04
3924133.4205363 6e-04
3923620.19356526 6e-04
3923107.10082385 6e-04
3922594.14225941 6e-04
3922081.31781932 6e-04
3921568.62745098 6e-04
3921056.07110182 6e-04
3920543.64871929 6e-04
3920031.36025088 6e-04
3919519.20564411 6e-04
3919007.18484651 6e-04
3918495.29780564 6e-04
3917983.54446911 5e-04
3917471.92478454 5e-04
3916960.43869957 5e-04
3916449.08616188 5e-04
3915937.86711917 5e-04
3915426.78151919 5e-04
3914915.82930967 5e-04
3914405.01043841 5e-04
3913894.32485323 5e-04
3913383.77250196 5e-04
3912873.35333246 5e-04
3912363.06729264 5e-04
3911852.91433042 5e-04
3911342.89439374 5e-04
3910833.00743058 5e-04
3910323.25338895 5e-04
3909813.63221686 5e-04
3909304.14386239 5e-04
3908794.78827362 5e-04
3908285.56539865 5e-04
3907776.47518562 5e-04
3907267.5175827 5e-04
3906758.69253809 5e-04
3906250 5e-04
3905741.43991668 5e-04
3905233.0122364 5e-04
3904724.71690746 5e-04
3904216.55387819 5e-04
3903708.52309694 5e-04
3903200.6245121 5e-04
3902692.85807207 5e-04
3902185.22372529 5e-04
3901677.72142021 5e-04
3901170.35110533 5e-04
3900663.11272916 4e-04
3900156.00624025 4e-04
3899649.03158716 4e-04
3899142.18871848 4e-04
3898635.47758285 4e-04
3898128.8981289 4e-04
3897622.45030531 4e-04
3897116.13406079 4e-04
3896609.94934407 4e-04
3896103.8961039 4e-04
3895597.97428905 4e-04
3895092.18384835 4e-04
3894586.52473062 4e-04
3894080.99688474 4e-04
3893575.60025957 4e-04
3893070.33480405 4e-04
3892565.20046711 4e-04
3892060.19719772 4e-04
3891555.32494487 4e-04
3891050.58365759 4e-04
3890545.97328492 4e-04
3890041.49377593 4e-04
3889537.14507974 4e-04
3889032.92714545 4e-04
3888528.83992223 4e-04
3888024.88335925 4e-04
3887521.05740573 4e-04
3887017.36201088 4e-04
3886513.79712398 4e-04
3886010.3626943 4e-04
3885507.05867116 4e-04
3885003.88500388 4e-04
3884500.84164185 4e-04
3883997.92853444 4e-04
3883495.14563107 4e-04
3882992.49288118 4e-04
3882489.97023424 4e-04
3881987.57763975 4e-04
3881485.31504722 4e-04
3880983.18240621 4e-04
3880481.17966628 4e-04
3879979.30677703 4e-04
3879477.56368809 4e-04
3878975.95034911 4e-04
3878474.46670976 4e-04
3877973.11271975 4e-04
3877471.88832881 4e-04
3876970.79348669 4e-04
3876469.82814317 4e-04
3875968.99224806 4e-04
3875468.2857512 4e-04
3874967.70860243 4e-04
3874467.26075165 4e-04
3873966.94214876 4e-04
3873466.75274371 4e-04
3872966.69248644 4e-04
3872466.76132697 4e-04
3871966.95921528 4e-04
3871467.28610143 4e-04
3870967.74193548 4e-04
3870468.32666753 4e-04
3869969.04024768 4e-04
3869469.88262608 4e-04
3868970.8537529 4e-04
3868471.95357834 4e-04
3867973.1820526 4e-04
3867474.53912595 4e-04
3866976.02474865 4e-04
3866477.63887099 4e-04
3865979.3814433 4e-04
3865481.25241593 4e-04
3864983.25173924 4e-04
3864485.37936365 4e-04
3863987.63523957 3e-04
3863490.01931745 3e-04
3862992.53154777 3e-04
3862495.17188103 3e-04
3861997.94026776 3e-04
3861500.83665851 3e-04
3861003.86100386 3e-04
3860507.01325441 3e-04
3860010.29336078 3e-04
3859513.70127364 3e-04
3859017.23694366 3e-04
3858520.90032154 3e-04
3858024.69135802 3e-04
3857528.61000386 3e-04
3857032.65620982 3e-04
3856536.82992673 3e-04
3856041.1311054 3e-04
3855545.5596967 3e-04
3855050.1156515 3e-04
3854554.79892072 3e-04
3854059.60945529 3e-04
3853564.54720617 3e-04
3853069.61212433 3e-04
3852574.80416078 3e-04
3852080.12326656 3e-04
3851585.56939273 3e-04
3851091.14249037 3e-04
3850596.84251059 3e-04
3850102.66940452 3e-04
3849608.62312332 3e-04
3849114.70361817 3e-04
3848620.91084028 3e-04
3848127.24474089 3e-04
3847633.70527126 3e-04
3847140.29238266 3e-04
3846647.00602641 3e-04
3846153.84615385 3e-04
3845660.81271632 3e-04
3845167.90566521 3e-04
3844675.12495194 3e-04
3844182.47052793 3e-04
3843689.94234465 3e-04
3843197.54035357 3e-04
3842705.26450621 3e-04
3842213.1147541 3e-04
3841721.09104879 3e-04
3841229.19334187 3e-04
3840737.42158494 3e-04
3840245.77572965 3e-04
3839754.25572763 3e-04
3839262.86153059 3e-04
3838771.59309021 3e-04
3838280.45035824 3e-04
3837789.43328643 3e-04
3837298.54182655 3e-04
3836807.77593043 3e-04
3836317.13554987 3e-04
3835826.62063675 3e-04
3835336.23114293 3e-04
3834845.96702032 3e-04
3834355.82822086 3e-04
3833865.81469649 3e-04
3833375.92639918 3e-04
3832886.16328095 3e-04
3832396.52529382 3e-04
3831907.01238983 3e-04
3831417.62452107 3e-04
3830928.36163964 3e-04
3830439.22369765 3e-04
3829950.21064726 3e-04
3829461.32244064 3e-04
3828972.55902999 3e-04
3828483.92036753 3e-04
3827995.40640551 3e-04
3827507.0170962 2e-04
3827018.75239189 2e-04
3826530.6122449 2e-04
3826042.59660758 2e-04
3825554.70543229 2e-04
3825066.93867143 2e-04
3824579.29627741 2e-04
3824091.77820268 2e-04
3823604.38439969 2e-04
3823117.11482095 2e-04
3822629.96941896 2e-04
3822142.94814626 2e-04
3821656.05095541 2e-04
3821169.27779901 2e-04
3820682.62862965 2e-04
3820196.10339997 2e-04
3819709.70206264 2e-04
3819223.42457034 2e-04
3818737.27087576 2e-04
3818251.24093165 2e-04
3817765.33469076 2e-04
3817279.55210587 2e-04
3816793.89312977 2e-04
3816308.3577153 2e-04
3815822.94581531 2e-04
3815337.65738268 2e-04
3814852.49237029 2e-04
3814367.45073109 2e-04
3813882.532418 2e-04
3813397.73738401 2e-04
3812913.0655821 2e-04
3812428.51696531 2e-04
3811944.09148666 2e-04
3811459.78909922 2e-04
3810975.6097561 2e-04
3810491.55341039 2e-04
3810007.62001524 2e-04
3809523.80952381 2e-04
3809040.12188928 2e-04
3808556.55706487 2e-04
3808073.11500381 2e-04
3807589.79565935 2e-04
3807106.59898477 2e-04
3806623.52493338 2e-04
3806140.57345851 2e-04
3805657.74451351 2e-04
3805175.03805175 2e-04
3804692.45402663 2e-04
3804209.99239158 2e-04
3803727.65310004 2e-04
3803245.43610548 2e-04
3802763.34136139 2e-04
3802281.36882129 2e-04
3801799.51843873 2e-04
3801317.79016726 2e-04
3800836.18396047 2e-04
3800354.69977198 2e-04
3799873.33755541 2e-04
3799392.09726444 2e-04
3798910.97885273 2e-04
3798429.98227399 2e-04
3797949.10748196 2e-04
3797468.35443038 2e-04
3796987.72307303 2e-04
3796507.21336371 2e-04
3796026.82525623 2e-04
3795546.55870445 2e-04
3795066.41366224 2e-04
3794586.39008348 2e-04
3794106.48792209 2e-04
3793626.70713202 2e-04
3793147.04766721 2e-04
3792667.50948167 2e-04
3792188.09252939 2e-04
3791708.79676441 2e-04
3791229.62214078 2e-04
3790750.56861259 2e-04
3790271.63613392 2e-04
3789792.82465892 2e-04
3789314.13414172 2e-04
3788835.5645365 2e-04
3788357.11579745 2e-04
3787878.78787879 2e-04
3787400.58073476 2e-04
3786922.49431962 2e-04
3786444.52858766 2e-04
3785966.68349319 2e-04
3785488.95899054 1e-04
3785011.35503406 1e-04
3784533.87157815 1e-04
3784056.50857719 1e-04
3783579.26598562 1e-04
3783102.14375788 1e-04
3782625.14184844 1e-04
3782148.2602118 1e-04
3781671.49880247 1e-04
3781194.85757499 1e-04
3780718.33648393 1e-04
3780241.93548387 1e-04
3779765.65452942 1e-04
3779289.49357521 1e-04
3778813.45257589 1e-04
3778337.53148615 1e-04
3777861.73026067 1e-04
3777386.04885419 1e-04
3776910.48722145 1e-04
3776435.04531722 1e-04
3775959.72309629 1e-04
3775484.52051347 1e-04
3775009.43752359 1e-04
3774534.47408153 1e-04
3774059.63014216 1e-04
3773584.90566038 1e-04
3773110.30059112 1e-04
3772635.81488934 1e-04
3772161.44851 1e-04
3771687.2014081 1e-04
3771213.07353865 1e-04
3770739.06485671 1e-04
3770265.17531733 1e-04
3769791.4048756 1e-04
3769317.75348662 1e-04
3768844.22110553 1e-04
3768370.80768748 1e-04
3767897.51318764 1e-04
3767424.33756122 1e-04
3766951.28076344 1e-04
3766478.34274953 1e-04
3766005.52347477 1e-04
3765532.82289444 1e-04
3765060.24096386 1e-04
3764587.77763835 1e-04
3764115.43287327 1e-04
3763643.20662401 1e-04
3763171.09884596 1e-04
3762699.10949454 1e-04
3762227.23852521 1e-04
3761755.48589342 1e-04
3761283.85155466 1e-04
3760812.33546446 1e-04
3760340.93757834 1e-04
3759869.65785186 1e-04
3759398.4962406 1e-04
3758927.45270016 1e-04
3758456.52718617 1e-04
3757985.71965427 1e-04
3757515.03006012 1e-04
3757044.45835942 1e-04
3756574.00450789 1e-04
3756103.66846125 1e-04
3755633.45017526 1e-04
3755163.34960571 1e-04
3754693.36670839 1e-04
3754223.50143912 1e-04
3753753.75375375 1e-04
3753284.12360816 1e-04
3752814.61095822 1e-04
3752345.21575985 1e-04
3751875.93796898 1e-04
3751406.77754158 1e-04
3750937.73443361 1e-04
3750468.80860108 1e-04
3750000 1e-04
