"wave" "response"
1340 0
1341 0.01154
1342 0.02308
1343 0.03462
1344 0.04616
1345 0.0577
1346 0.06924
1347 0.08078
1348 0.09232
1349 0.10386
1350 0.1154
1351 0.11846
1352 0.12151
1353 0.12457
1354 0.12762
1355 0.13068
1356 0.13374
1357 0.13679
1358 0.13985
1359 0.1429
1360 0.14596
1361 0.14902
1362 0.15207
1363 0.15513
1364 0.15818
1365 0.16124
1366 0.1643
1367 0.16735
1368 0.17041
1369 0.17346
1370 0.17652
1371 0.17664
1372 0.17676
1373 0.17689
1374 0.17701
1375 0.17713
1376 0.17725
1377 0.17737
1378 0.1775
1379 0.17762
1380 0.17774
1381 0.17493
1382 0.17212
1383 0.1693
1384 0.16649
1385 0.16368
1386 0.16087
1387 0.15806
1388 0.15524
1389 0.15243
1390 0.14962
1391 0.14681
1392 0.144
1393 0.14118
1394 0.13837
1395 0.13556
1396 0.13275
1397 0.12994
1398 0.12712
1399 0.12431
1400 0.1215
1401 0.12674
1402 0.13199
1403 0.13723
1404 0.14248
1405 0.14772
1406 0.15296
1407 0.15821
1408 0.16345
1409 0.1687
1410 0.17394
1411 0.17918
1412 0.18443
1413 0.18967
1414 0.19492
1415 0.20016
1416 0.2054
1417 0.21065
1418 0.21589
1419 0.22114
1420 0.22638
1421 0.23078
1422 0.23519
1423 0.23959
1424 0.244
1425 0.2484
1426 0.2528
1427 0.25721
1428 0.26161
1429 0.26602
1430 0.27042
1431 0.27398
1432 0.27755
1433 0.28111
1434 0.28468
1435 0.28824
1436 0.2918
1437 0.29537
1438 0.29893
1439 0.3025
1440 0.30606
1441 0.30994
1442 0.31319
1443 0.31675
1444 0.32032
1445 0.32388
1446 0.32744
1447 0.33101
1448 0.33457
1449 0.33814
1450 0.3417
1451 0.34294
1452 0.34419
1453 0.34543
1454 0.34668
1455 0.34792
1456 0.34916
1457 0.35041
1458 0.35165
1459 0.3529
1460 0.35414
1461 0.35538
1462 0.35663
1463 0.35787
1464 0.35912
1465 0.36036
1466 0.3616
1467 0.36285
1468 0.36409
1469 0.36534
1470 0.36658
1471 0.36673
1472 0.36688
1473 0.36702
1474 0.36717
1475 0.36732
1476 0.36747
1477 0.36762
1478 0.36776
1479 0.36791
1480 0.36806
1481 0.36711
1482 0.36616
1483 0.36522
1484 0.36427
1485 0.36332
1486 0.36237
1487 0.36142
1488 0.36048
1489 0.35953
1490 0.35858
1491 0.35763
1492 0.35668
1493 0.35574
1494 0.35479
1495 0.35384
1496 0.35289
1497 0.35194
1498 0.351
1499 0.35005
1500 0.3491
1501 0.34899
1502 0.34888
1503 0.34876
1504 0.34865
1505 0.34854
1506 0.34843
1507 0.34832
1508 0.3482
1509 0.34809
1510 0.34798
1511 0.34787
1512 0.34776
1513 0.34764
1514 0.34753
1515 0.34742
1516 0.34731
1517 0.3472
1518 0.34708
1519 0.34697
1520 0.34686
1521 0.34512
1522 0.34337
1523 0.34163
1524 0.33988
1525 0.33814
1526 0.3364
1527 0.33465
1528 0.33291
1529 0.33116
1530 0.32942
1531 0.32604
1532 0.32267
1533 0.31929
1534 0.31592
1535 0.31254
1536 0.30916
1537 0.30579
1538 0.30241
1539 0.29904
1540 0.29566
1541 0.29228
1542 0.28891
1543 0.28553
1544 0.28216
1545 0.27878
1546 0.2754
1547 0.27203
1548 0.26865
1549 0.26528
1550 0.2619
1551 0.2618
1552 0.26169
1553 0.26159
1554 0.26149
1555 0.26138
1556 0.26128
1557 0.26118
1558 0.26107
1559 0.26097
1560 0.26087
1561 0.26076
1562 0.26066
1563 0.26056
1564 0.26045
1565 0.26035
1566 0.26025
1567 0.26014
1568 0.26004
1569 0.25994
1570 0.25983
1571 0.25973
1572 0.25963
1573 0.25952
1574 0.25942
1575 0.25932
1576 0.25921
1577 0.25911
1578 0.25901
1579 0.2589
1580 0.2588
1581 0.2587
1582 0.25859
1583 0.25849
1584 0.25839
1585 0.25828
1586 0.25818
1587 0.25808
1588 0.25797
1589 0.25787
1590 0.25777
1591 0.25766
1592 0.25756
1593 0.25746
1594 0.25735
1595 0.25725
1596 0.25715
1597 0.25704
1598 0.25694
1599 0.25684
1600 0.25673
1601 0.25663
1602 0.25653
1603 0.25642
1604 0.25632
1605 0.25622
1606 0.25611
1607 0.25601
1608 0.25591
1609 0.2558
1610 0.2557
1611 0.25329
1612 0.25088
1613 0.24847
1614 0.24606
1615 0.24365
1616 0.24124
1617 0.23883
1618 0.23642
1619 0.23401
1620 0.2316
1621 0.22919
1622 0.22678
1623 0.22437
1624 0.22196
1625 0.21955
1626 0.21714
1627 0.21473
1628 0.21232
1629 0.20991
1630 0.2075
1631 0.20509
1632 0.20268
1633 0.20027
1634 0.19786
1635 0.19545
1636 0.19304
1637 0.19063
1638 0.18822
1639 0.18581
1640 0.1834
1641 0.18099
1642 0.17858
1643 0.17617
1644 0.17376
1645 0.17135
1646 0.16894
1647 0.16653
1648 0.16412
1649 0.16171
1650 0.1593
1651 0.15855
1652 0.15781
1653 0.15706
1654 0.15632
1655 0.15557
1656 0.15482
1657 0.15408
1658 0.15333
1659 0.15259
1660 0.15184
1661 0.15109
1662 0.15035
1663 0.1496
1664 0.14886
1665 0.14811
1666 0.14736
1667 0.14662
1668 0.14587
1669 0.14513
1670 0.14438
1671 0.14363
1672 0.14289
1673 0.14214
1674 0.1414
1675 0.14065
1676 0.1399
1677 0.13916
1678 0.13841
1679 0.13767
1680 0.13692
1681 0.13617
1682 0.13543
1683 0.13468
1684 0.13394
1685 0.13319
1686 0.13244
1687 0.1317
1688 0.13095
1689 0.13021
1690 0.12946
1691 0.12871
1692 0.12797
1693 0.12722
1694 0.12648
1695 0.12573
1696 0.12498
1697 0.12424
1698 0.12349
1699 0.12275
1700 0.122
1701 0.12167
1702 0.12134
1703 0.12101
1704 0.12068
1705 0.12035
1706 0.12002
1707 0.11969
1708 0.11936
1709 0.11903
1710 0.1187
1711 0.11837
1712 0.11804
1713 0.11771
1714 0.11738
1715 0.11705
1716 0.11672
1717 0.11639
1718 0.11606
1719 0.11573
1720 0.1154
1721 0.11507
1722 0.11474
1723 0.11441
1724 0.11408
1725 0.11375
1726 0.11342
1727 0.11309
1728 0.11276
1729 0.11243
1730 0.1121
1731 0.11177
1732 0.11144
1733 0.11111
1734 0.11078
1735 0.11045
1736 0.11012
1737 0.10979
1738 0.10946
1739 0.10913
1740 0.1088
1741 0.10847
1742 0.10814
1743 0.10781
1744 0.10748
1745 0.10715
1746 0.10682
1747 0.10649
1748 0.10616
1749 0.10583
1750 0.1055
1751 0.1036
1752 0.10169
1753 0.099788
1754 0.097884
1755 0.09598
1756 0.094076
1757 0.092172
1758 0.090268
1759 0.088364
1760 0.08646
1761 0.084556
1762 0.082652
1763 0.080748
1764 0.078844
1765 0.07694
1766 0.075036
1767 0.073132
1768 0.071228
1769 0.069324
1770 0.06742
1771 0.065516
1772 0.063612
1773 0.061708
1774 0.059804
1775 0.0579
1776 0.055996
1777 0.054092
1778 0.052188
1779 0.050284
1780 0.04838
1781 0.046476
1782 0.044572
1783 0.042668
1784 0.040764
1785 0.03886
1786 0.036956
1787 0.035052
1788 0.033148
1789 0.031244
1790 0.02934
1791 0.027436
1792 0.025532
1793 0.023628
1794 0.021724
1795 0.01982
1796 0.017916
1797 0.016012
1798 0.014108
1799 0.012204
1800 0.0103
1801 0.00927
1802 0.00824
1803 0.00721
1804 0.00618
1805 0.00515
1806 0.00412
1807 0.00309
1808 0.00206
1809 0.00103
