"wave" "response"
20004.66386 1.84192283242261e-10
20026.10509 1.61100716827286e-10
20047.54632 1.39984873367808e-10
20068.98754 1.23286395129837e-10
20090.42877 1.10471426714224e-10
20111.86999 1.01741018317681e-10
20133.31122 9.52524868172837e-11
20154.75245 9.03532378863599e-11
20176.19367 8.54902469954482e-11
20197.6349 8.05090281672699e-11
20219.07612 7.59180896906747e-11
20240.51735 7.03608087970606e-11
20261.95858 6.64561330733742e-11
20283.3998 6.31359722327609e-11
20304.84103 6.04952277817243e-11
20326.28225 5.87952242742913e-11
20347.72348 5.67828470961191e-11
20369.16471 5.54906188136586e-11
20390.60593 5.47553835241482e-11
20412.04716 5.5181181229488e-11
20433.48838 5.54403420259654e-11
20454.92961 5.58519295245487e-11
20476.37084 5.65348333183071e-11
20497.81206 5.84368543492217e-11
20519.25329 6.03613824003843e-11
20540.69451 6.34313460356235e-11
20562.13574 6.6803596064306e-11
20583.57697 7.1216746272885e-11
20605.01819 7.60278878329161e-11
20626.45942 8.16255858050095e-11
20647.90064 8.83723444868634e-11
20669.34187 9.64481186428528e-11
20690.7831 1.06010390643311e-10
20712.22432 1.17326816466972e-10
20733.66555 1.31613706560923e-10
20755.10677 1.49653731230185e-10
20776.548 1.70940444187628e-10
20797.98923 1.99498985225827e-10
20819.43045 2.33475010253341e-10
20840.87168 2.7833466571562e-10
20862.3129 3.35246775236093e-10
20883.75413 4.02761270204188e-10
20905.19536 4.67224008343206e-10
20926.63658 5.46250102683564e-10
20948.07781 6.04136772198359e-10
20969.51903 6.63145890984815e-10
20990.96026 7.07793426679728e-10
21012.40149 7.41439624346982e-10
21033.84271 7.5993808520076e-10
21055.28394 7.25902096395661e-10
21076.72516 6.82118538055828e-10
21098.16639 6.06023991169351e-10
21119.60762 5.20907069115712e-10
21141.04884 4.1626820436502e-10
21162.49007 3.16370726254196e-10
21183.93129 2.40624919976465e-10
21205.37252 2.05360900433956e-10
21226.81375 1.78225476359074e-10
21248.25497 1.52793073908397e-10
21269.6962 1.33194815364679e-10
21291.13742 1.08665083279289e-10
21312.57865 9.10903528206855e-11
21334.01988 8.41063428857583e-11
21355.4611 7.96208179641333e-11
21376.90233 8.45170508279006e-11
21398.34355 6.79389512248242e-11
21419.78478 5.60358947148623e-11
21441.22601 4.82367332718848e-11
21462.66723 4.74313064039224e-11
21484.10846 5.47241676217925e-11
21505.54968 4.68883630943970e-11
21526.99091 4.52098822353551e-11
21548.43214 5.48594195484316e-11
21569.87336 6.49160978674972e-11
21591.31459 9.56602471902323e-11
21612.75581 9.86525491346388e-11
21634.19704 1.02842177616822e-10
21655.63827 9.78391942348435e-11
21677.07949 1.0356049791368e-10
21698.52072 9.97709637311314e-11
21719.96194 7.70545391139269e-11
21741.40317 6.5369774254053e-11
21762.8444 2.69350091692027e-11
21784.28562 2.86291487539353e-11
21805.72685 2.27523747423615e-11
21827.16807 2.31354532453734e-11
21848.6093 4.58493142993269e-11
21870.05053 2.55017751040874e-11
21891.49175 1.66720394446783e-11
21912.93298 6.81963236427115e-12
21934.3742 8.67530856065498e-12
21955.81543 3.70953933389585e-11
21977.25666 1.2787529472279e-11
21998.69788 9.75360263289797e-12
22020.13911 2.91110527546092e-11
22041.58033 6.14979277890243e-11
22063.02156 1.49106222358884e-10
22084.46279 1.76799472071047e-10
22105.90401 2.23335740871218e-10
22127.34524 2.10541759575756e-10
22148.78646 1.74687171666619e-10
22170.22769 1.94917266997917e-10
22191.66892 1.41163132140833e-10
22213.11014 1.37672303997534e-10
22234.55137 1.66400199279023e-10
22255.99259 1.86531577945992e-10
22277.43382 2.79473219918819e-10
22298.87505 3.68350194077519e-10
22320.31627 5.2502817309951e-10
22341.7575 4.84628456435441e-10
22363.19872 2.26560229205468e-10
22384.63995 1.27006749870413e-10
22406.08118 3.19275846889759e-11
22427.5224 3.72049119460696e-11
22448.96363 8.82222171046585e-11
22470.40485 2.17022585867309e-11
22491.84608 1.07850565763749e-11
22513.28731 2.07109426961224e-11
22534.72853 1.70809234531055e-10
22556.16976 1.68170170674033e-09
22577.61098 2.15989977120296e-09
22599.05221 4.24276876716435e-09
22620.49344 6.73105180474917e-09
22641.93466 5.77571005041415e-09
22663.37589 5.54008064544031e-09
22684.81711 4.89025490587509e-09
22706.25834 5.75850792524394e-09
22727.69957 7.62033957027583e-09
22749.14079 7.16801574679466e-09
22770.58202 1.31065821680518e-08
22792.02324 2.15645888416827e-08
22813.46447 2.61586849721545e-08
22834.9057 3.1326146770747e-08
22856.34692 1.90848388648398e-08
22877.78815 1.61518322923399e-08
22899.22937 7.08403899232502e-09
22920.6706 2.64596707540691e-09
22942.11183 1.99324696048321e-09
22963.55305 3.77783041455295e-09
22984.99428 8.64142362352612e-09
23006.4355 1.86994240004568e-08
23027.87673 2.1500508846322e-08
23049.31796 2.78311449262814e-08
23070.75918 2.42446564344929e-08
23092.20041 2.55051130946771e-08
23113.64163 4.81776356668017e-08
23135.08286 2.33912479948012e-08
23156.52409 1.37001819933728e-08
23177.96531 9.30253252407118e-09
23199.40654 1.56064990287161e-08
23220.84776 1.03462944728753e-07
23242.28899 3.23194415903645e-07
23263.73022 3.83910595793756e-07
23285.17144 4.77461967965982e-07
23306.61267 3.41875385798843e-07
23328.05389 3.54612638925145e-07
23349.49512 3.78209347605872e-07
23370.93635 2.84174254731594e-07
23392.37757 2.86707386587302e-07
23413.8188 3.31503515538928e-07
23435.26002 3.88427138936757e-07
23456.70125 5.03017755471048e-07
23478.14248 1.30938472430168e-07
23499.5837 1.47491617450656e-08
23521.02493 3.24458828394475e-09
23542.46615 3.80851762100439e-09
23563.90738 6.19832017549031e-09
23585.34861 1.33764358304703e-08
23606.78983 5.28479482083035e-08
23628.23106 3.58803268675529e-07
23649.67228 1.31254877424566e-06
23671.11351 1.25902216610886e-06
23692.55474 1.2381712184184e-06
23713.99596 9.79404505130223e-07
23735.43719 9.2680530166859e-07
23756.87841 9.94374288168836e-07
23778.31964 1.57303269519813e-07
23799.76087 3.16977523055551e-08
23821.20209 5.82022570174981e-08
23842.64332 2.56576779200792e-08
23864.08454 8.81367978484437e-08
23885.52577 4.20475804855851e-07
23906.967 6.91668369064193e-07
23928.40822 1.29208680569573e-06
23949.84945 1.33642185006752e-06
23971.29067 9.19347971435004e-07
23992.7319 7.64450580066603e-07
24014.17313 4.45793045059264e-07
24035.61435 3.33482607027903e-07
24057.05558 6.23908140848834e-07
24078.4968 8.23476163840276e-07
24099.93803 1.02357411341018e-06
24121.37926 1.60820067722283e-06
24142.82048 1.74831530690656e-06
24164.26171 1.88621122573374e-06
24185.70293 2.26715210386741e-06
24207.14416 1.52971095409731e-06
24228.58539 1.16088189085794e-06
24250.02661 1.32249913993656e-06
24271.46784 1.12154183574337e-06
24292.90906 1.12306669965396e-06
24314.35029 1.33336836458678e-06
24335.79152 1.3755848981909e-06
24357.23274 1.55720812585149e-06
24378.67397 1.06079339898027e-06
24400.11519 5.32042132865637e-07
24421.55642 3.56306919522225e-07
24442.99765 3.8670970236095e-07
24464.43887 6.1830814213373e-07
24485.8801 1.31211346716358e-06
24507.32132 1.34535846939605e-06
24528.76255 1.30638883912869e-06
24550.20378 1.50270726453106e-06
24571.645 1.49493971813408e-06
24593.08623 1.51449241199289e-06
24614.52745 2.27109459115777e-06
24635.96868 2.28377908822085e-06
24657.40991 1.94638676631531e-06
24678.85113 1.82047378477161e-06
24700.29236 1.24884510882205e-06
24721.73358 1.03828808068746e-06
24743.17481 1.21602203570981e-06
24764.61604 1.09477218971554e-06
24786.05726 1.23538281502762e-06
24807.49849 1.82860566823889e-06
24828.93971 1.63766678986719e-06
24850.38094 1.46867109409115e-06
24871.82217 1.41634464358448e-06
24893.26339 1.47972598750279e-06
24914.70462 2.06524943187734e-06
24936.14584 3.20833172054485e-06
24957.58707 2.19889067725087e-06
24979.0283 1.53652077180184e-06
25000.46952 6.65830752907239e-07
25021.91075 1.64024026950323e-06
25038.31856 2.61683236132471e-06
25051.83087 4.20867036970197e-06
25065.34319 1.65071308210116e-06
25078.8555 1.11695820737243e-06
25092.36782 1.89077169639231e-06
25105.88013 1.74605329560755e-06
25119.39244 1.18010689076915e-06
25132.90476 9.25072602838807e-07
25146.41707 1.98524544267441e-06
25159.92939 2.70599848317832e-07
25173.4417 2.61958510368803e-06
25186.95402 2.13513722448306e-06
25200.46633 2.15494058719206e-06
25213.97865 3.54927978621426e-08
25227.49096 1.03920672034675e-06
25241.00327 1.43976537133266e-06
25254.51559 9.972672738213e-07
25268.0279 5.88941994026537e-07
25281.54022 7.51228390951475e-07
25295.05253 1.12810055022175e-06
25308.56485 1.30376782168649e-06
25322.07716 9.9200706193021e-07
25335.58948 2.36313208816901e-06
25349.10179 3.27773489721489e-06
25362.6141 2.57857730560448e-06
25376.12642 1.63372579931038e-06
25389.63873 3.83486500463719e-07
25403.15105 1.30003521390872e-06
25416.66336 8.49855703669351e-08
25430.17568 1.73027564929293e-06
25443.68799 2.08095530056772e-06
25457.2003 2.77667609279278e-06
25470.71262 3.04224627461498e-06
25484.22493 1.73794534664253e-06
25497.73725 1.05573718215648e-06
25511.24956 7.03404313897425e-07
25524.76188 9.87655882193592e-07
25538.27419 1.7776108521937e-06
25551.78651 2.26972425502142e-06
25565.29882 2.97030928932478e-06
25578.81113 2.35603291923944e-06
25592.32345 1.79768279246307e-06
25605.83576 3.62220697317732e-06
25619.34808 4.84254315399923e-06
25632.86039 2.72992800512559e-06
25646.37271 3.30393964301455e-06
25659.88502 4.8315433018284e-06
25673.39733 3.09130461532883e-06
25686.90965 1.93916329958629e-06
25700.42196 3.24897508456903e-06
25713.93428 1.89436999890761e-06
25727.44659 3.49673579856843e-06
25740.95891 4.36057617451137e-06
25754.47122 2.772451301376e-06
25767.98354 2.63128953183571e-06
25781.49585 3.439434700358e-06
25795.00816 3.12152129967551e-06
25808.52048 1.51078096952439e-06
25822.03279 2.25171347438049e-06
25835.54511 1.55009899062861e-06
25849.05742 2.73073354707144e-06
25862.56974 3.28422636381766e-06
25876.08205 3.34243429873212e-06
25889.59437 2.64434572782491e-06
25903.10668 3.84617428949342e-06
25916.61899 3.85039734748998e-06
25930.13131 4.93729707907057e-06
25943.64362 3.96941190489849e-06
25957.15594 1.13013969802269e-06
25970.66825 4.79059934939279e-07
25984.18057 3.37541515816378e-06
25997.69288 3.53328739682545e-06
26011.20519 2.34143253095367e-06
26024.71751 2.66876081986473e-06
26038.22982 6.37514722570706e-06
26051.74214 5.62406368863935e-06
26065.25445 1.62860886061671e-06
26078.76677 3.2821295058883e-06
26092.27908 2.65873710863407e-06
26105.7914 1.3572889603603e-06
26119.30371 2.61369611081562e-06
26132.81602 3.66476242780247e-06
26146.32834 4.04076368398301e-06
26159.84065 4.35606966253505e-06
26173.35297 3.54098016753832e-06
26186.86528 2.46899154892408e-06
26200.3776 2.20466950382893e-06
26213.88991 5.57855958813311e-06
26227.40222 6.92278180880461e-06
26240.91454 4.26208212502441e-06
26254.42685 4.59591217592342e-06
26267.93917 3.25162315465012e-06
26281.45148 2.28688595672333e-06
26294.9638 3.91361562416264e-06
26308.47611 3.53797983876443e-06
26321.98843 4.46950360197457e-06
26335.50074 2.32723848704434e-06
26349.01305 1.84531486144199e-06
26362.52537 5.89677214969235e-06
26376.03768 2.89883684244725e-06
26389.55 4.10494438315592e-06
26403.06231 3.57463942577235e-06
26416.57463 6.12775640510163e-06
26430.08694 5.78554475251975e-06
26443.59925 4.12468771108871e-06
26457.11157 3.24998337320669e-06
26470.62388 3.23814745523808e-06
26484.1362 1.34551241363737e-06
26497.64851 9.48759878566706e-07
26511.16083 9.71530526484913e-07
26524.67314 2.08289522819852e-06
26538.18546 3.32774356310158e-06
26551.69777 3.8627279413691e-06
26565.21008 5.33538771485825e-06
26578.7224 2.75984614668171e-06
26592.23471 3.52590044682255e-06
26605.74703 4.87938851244015e-06
26619.25934 4.94648714559079e-06
26632.77166 3.12090608673831e-06
26646.28397 1.55119144128177e-06
26659.79629 2.771696461666e-06
26673.3086 1.64841580231235e-06
26686.82091 4.72104035644974e-06
26700.33323 4.27705559182519e-06
26713.84554 2.58670198878345e-06
26727.35786 3.04266189263868e-06
26740.87017 3.53939261616324e-06
26754.38249 3.69968014930877e-06
26767.8948 1.64535087673058e-06
26781.40711 3.67790081793176e-06
26794.91943 3.5959235344835e-06
26808.43174 2.31692449751928e-06
26821.94406 2.04281025186535e-06
26835.45637 4.50632031701423e-07
26848.96869 2.57099967547332e-06
26862.481 6.76157069088588e-07
26875.99332 1.03916060441038e-06
26889.50563 1.4822869611562e-06
26903.01794 2.96822697149485e-06
26916.53026 3.93547516295016e-06
26930.04257 2.26675764546712e-06
26943.55489 7.88832475125161e-07
26957.0672 1.55292676633937e-06
26970.57952 2.45281204639203e-06
26984.09183 1.82527508629546e-06
26997.60414 2.00204901296227e-06
27011.11646 1.65688795540855e-06
27024.62877 9.85396048149687e-07
27038.14109 3.4965511250907e-06
27051.6534 1.77508701609664e-06
27065.16572 1.61578172368902e-06
27078.67803 4.50071722719162e-06
27092.19035 2.03994773539829e-06
27105.70266 3.0265442720812e-06
27119.21497 1.64199208874727e-06
27132.72729 2.32011007127372e-06
27146.2396 3.51383787600664e-06
27159.75192 2.3131765926452e-06
27173.26423 3.97209886462801e-06
27186.77655 2.06391059970758e-06
27200.28886 3.59278351263249e-06
27213.80117 3.40319843516879e-06
27227.31349 3.1268184943362e-06
27240.8258 3.36501947364055e-06
27254.33812 3.21865482946629e-06
27267.85043 2.14534798617519e-06
27281.36275 2.44098650667281e-06
27294.87506 4.09726338219292e-06
27308.38738 1.81830358677581e-06
27321.89969 1.75945638414117e-06
27335.412 2.16157660513668e-06
27348.92432 1.79283644259036e-06
27362.43663 1.97078783559553e-06
27375.94895 2.65374527598311e-06
27389.46126 5.73510500242345e-07
27402.97358 1.16142833395358e-06
27416.48589 1.31846273958746e-06
27429.99821 1.43426455543436e-06
27443.51052 7.9463910177977e-07
27457.02283 1.12471561461679e-06
27470.53515 1.58645205370465e-06
27484.04746 1.80019041226006e-06
27497.55978 1.76484728426397e-06
27511.07209 7.15859887022504e-07
27524.58441 7.00810801937286e-07
27538.09672 1.06183123370892e-06
27551.60903 1.83846656948509e-06
27565.12135 5.24416505659383e-08
27578.63366 2.44222544927206e-07
27592.14598 1.54777993102164e-06
27605.65829 7.90669826498074e-07
27619.17061 2.15614227197783e-06
27632.68292 7.79624221831635e-07
27646.19524 4.77640266014465e-07
27659.70755 1.60966243533694e-07
27673.21986 1.44039501723784e-06
27686.73218 3.00702558562436e-06
27700.24449 3.31693980809441e-06
27713.75681 2.20913563827252e-06
27727.26912 1.59395079189742e-06
27740.78144 9.80759167258384e-07
27754.29375 1.46614357016098e-06
27767.80606 8.60698868253322e-07
27781.31838 6.79267185875915e-07
27794.83069 5.26913474452444e-07
27808.34301 1.18019253204349e-06
27821.85532 8.57032902778498e-07
27835.36764 9.56608506282886e-07
27848.87995 3.42589249198026e-07
27862.39227 2.19734971163992e-08
27875.90458 2.05169971134626e-07
27889.41689 9.32033449817968e-07
27902.92921 1.32806204877284e-06
27916.44152 1.76223784476157e-06
27929.95384 9.80040639500367e-07
27943.46615 3.505675106335e-07
27956.97847 1.07270860752359e-06
27970.49078 3.38367612743158e-08
27984.00309 5.00920992664795e-07
27997.51541 2.47613738204309e-08
28011.02772 4.54997677433616e-09
28024.54004 4.55194658673269e-09
28038.05235 4.55380712303183e-09
28051.56467 4.3806980099502e-07
28065.07698 2.48548438175673e-08
28078.5893 3.30417098349995e-07
28092.10161 2.7752525744023e-07
28105.61392 9.84129098942266e-07
28119.12624 1.2450373373907e-06
28132.63855 2.36006929125136e-07
28146.15087 4.59536830762604e-09
28159.66318 2.5564193304794e-08
28173.1755 8.44415011586538e-07
28186.68781 1.01064551094063e-06
28200.20013 8.11701681212648e-07
28213.71244 8.90099685311947e-07
28227.22475 1.67762003891295e-06
28240.73707 7.83135771628306e-07
28254.24938 1.02526356474597e-07
28267.7617 2.91303716023012e-08
28281.27401 7.98788839888445e-07
28294.78633 9.61325998870564e-09
28308.29864 5.13380053959703e-07
28321.81095 8.80386242417314e-08
28335.32327 3.9474164253802e-08
28348.83558 9.80362849723511e-08
28362.3479 3.84430157240897e-07
28375.86021 2.3958347421032e-07
28389.37253 4.8782966044223e-07
28402.88484 5.257952975989e-07
28416.39716 2.5214819926941e-06
28429.90947 9.8574451849374e-07
28443.42178 3.46169815791967e-07
28456.9341 9.96591957662635e-07
28470.44641 1.31676845131856e-06
28483.95873 1.48428527902002e-06
28497.47104 1.52899491966366e-06
28510.98336 6.87175499791236e-07
28524.49567 8.28544576505516e-07
28538.00798 1.92480847067988e-06
28551.5203 1.25996849091878e-06
28565.03261 5.41013852414482e-07
28578.54493 4.4670675354437e-09
28592.05724 3.43826030204541e-07
28605.56956 8.90230199069595e-07
28619.08187 2.04774383166304e-07
28632.59419 2.07750428772165e-07
28646.1065 4.53589240535133e-08
28659.61881 2.04925853694252e-07
28673.13113 3.64861094816294e-07
28686.64344 6.54784683151419e-07
28700.15576 2.43559220987953e-07
28713.66807 2.70899444353565e-07
28727.18039 1.93481080260818e-08
28740.6927 6.86012908739168e-07
28754.20501 2.08456947915717e-06
28767.71733 1.69654324245789e-06
28781.22964 1.44125653091853e-07
28794.74196 4.4258570776848e-09
28808.25427 4.42428454780645e-09
28821.76659 4.42268409962322e-09
28835.2789 4.42106608274956e-09
28848.79122 4.89027506500883e-09
28862.30353 3.19949338215217e-07
28875.81584 1.3412022722523e-06
28889.32816 1.56582150333233e-06
28902.84047 5.19190857271814e-07
28916.35279 6.2684249562419e-07
28929.8651 6.44936512920424e-09
28943.37742 4.40999145577561e-09
28956.88973 1.25374806268801e-07
28970.40205 6.55024045722042e-09
28983.91436 6.09524075716418e-07
28997.42667 2.63151599255433e-07
29010.93899 7.7736583164814e-08
29024.4513 1.65991247116921e-07
29037.96362 1.09876741507373e-06
29051.47593 1.53962499016794e-06
29064.98825 1.86299387719022e-06
29078.50056 2.4951824996039e-06
29092.01287 2.02688687895307e-07
29105.52519 8.65547529317898e-08
29119.0375 1.25989353124598e-06
29132.54982 1.55024226199218e-06
29146.06213 6.54068528410997e-07
29159.57445 9.17963498948446e-07
29173.08676 7.66665505831779e-07
29186.59908 1.48456009450291e-06
29200.11139 1.09703607526295e-06
29213.6237 1.50679358415709e-08
29227.13602 4.83889023187533e-07
29240.64833 1.54109532117894e-07
29254.16065 5.1139059981619e-07
29267.67296 4.89841294508658e-07
29281.18528 6.21486201799601e-09
29294.69759 4.30578795099983e-09
29308.2099 4.2983890255342e-09
29321.72222 4.29050876472531e-09
29335.23453 4.28265264378508e-09
29348.74685 4.27483285261706e-09
29362.25916 3.68174572413056e-07
29375.77148 1.19885060134957e-06
29389.28379 1.21305077587725e-06
29402.79611 2.0335003507617e-08
29416.30842 3.35591556829498e-07
29429.82073 1.05828343771539e-07
29443.33305 7.20649328248612e-07
29456.84536 2.26841432422458e-08
29470.35768 1.04999518318101e-08
29483.86999 6.36457082720345e-08
29497.38231 1.54916851580811e-07
29510.89462 6.34944401376346e-07
29524.40694 7.95727971131619e-07
29537.91925 3.21561496457206e-08
29551.43156 5.48635628179655e-08
29564.94388 6.32781832765719e-07
29578.45619 6.12693392866382e-07
29591.96851 4.9145068620616e-07
29605.48082 1.33132348166922e-07
29618.99314 4.89960846968084e-07
29632.50545 6.1840708395512e-07
29646.01776 2.19437109816715e-07
29659.53008 3.03340321568749e-07
29673.04239 9.26932353644126e-07
29686.55471 2.31916327523258e-07
29700.06702 6.05591363130521e-09
29713.57934 2.95183348626724e-08
29727.09165 6.66980595717431e-07
29740.60397 3.86605127501328e-07
29754.11628 1.90030863555591e-07
29767.62859 1.48498110320268e-07
29781.14091 4.10330109298449e-09
29794.65322 4.10007650445556e-09
29808.16554 5.75843977090295e-09
29821.67785 4.15236953116592e-09
29835.19017 4.08487962253952e-09
29848.70248 1.52893540796389e-07
29862.21479 5.16974678582452e-07
29875.72711 6.0128372918375e-08
29889.23942 9.05781715591488e-07
29902.75174 3.18201461208637e-07
29916.26405 6.46760850752839e-08
29929.77637 4.05730592223381e-09
29943.28868 4.05406211353339e-09
29956.801 4.43263207809994e-08
29970.31331 2.44669004408286e-07
29983.82562 5.59333856390504e-07
29997.33794 1.02378944155529e-06
30010.85025 9.37460825226936e-07
30024.36257 9.08824898593131e-07
30037.87488 1.34659839152576e-06
30051.3872 7.46559296560712e-07
30064.89951 4.88092456562377e-07
30078.41182 2.77138018859327e-07
30091.92414 5.74119804948498e-07
30105.43645 1.50965803085999e-07
30118.94877 1.44244866629796e-06
30132.46108 6.36750089109166e-08
30145.9734 1.55320604413237e-08
30159.48571 3.38380428223521e-07
30172.99803 1.16888997596218e-06
30186.51034 2.2294660945697e-06
30200.02265 9.20196859701628e-07
30213.53497 4.64153496002602e-07
30227.04728 1.36947097128768e-06
30240.5596 1.77436427730083e-06
30254.07191 2.27067238269076e-06
30267.58423 6.85963001357844e-07
30281.09654 5.54036421132892e-07
30294.60886 1.14961590703186e-06
30308.12117 3.8489295286591e-06
30321.63348 4.08281891570038e-06
30335.1458 2.57767897499033e-06
30348.65811 1.81752117508827e-06
30362.17043 2.43817146512369e-06
30375.68274 2.10733643356172e-06
30389.19506 2.13829905758704e-06
30402.70737 2.18279991021736e-06
30416.21968 1.62671707276615e-06
30429.732 1.66011091533212e-06
30443.24431 3.4844058880411e-06
30456.75663 1.16890591611669e-06
30470.26894 7.7826439140423e-07
30483.78126 6.94879465851445e-07
30497.29357 2.17100131161574e-06
30510.80589 1.46212209148859e-06
30524.3182 2.25592321989445e-06
30537.83051 2.17072632648596e-06
30551.34283 1.63759464820927e-06
30564.85514 1.41349745249264e-06
30578.36746 2.68759550409239e-06
30591.87977 1.38655907940135e-06
30605.39209 2.5399032490408e-06
30618.9044 2.74815737135482e-06
30632.41671 2.70648584839069e-06
30645.92903 3.13043085883912e-06
30659.44134 2.92073625870417e-06
30672.95366 1.81317972773421e-06
30686.46597 2.71245094507263e-06
30699.97829 3.40789159242625e-06
30713.4906 4.3163182732207e-06
30727.00292 5.05825802563992e-06
30740.51523 4.75430092375494e-06
30754.02754 4.4991962339979e-06
30767.53986 5.3651538995247e-06
30781.05217 4.56978326312774e-06
30794.56449 5.06573000572294e-06
30808.0768 6.03023431014118e-06
30821.58912 5.1818341441339e-06
30835.10143 5.67775633048413e-06
30848.61374 8.76616427754822e-06
30862.12606 9.31072441266914e-06
30875.63837 1.08078471236376e-05
30889.15069 9.44466109641688e-06
30902.663 1.10317191219351e-05
30916.17532 1.3328444468175e-05
30929.68763 1.26543918534258e-05
30943.19995 1.2494026832732e-05
30956.71226 1.24080185255659e-05
30970.22457 1.39611774618595e-05
30983.73689 1.5882581283794e-05
30997.2492 1.54599774557213e-05
31010.76152 1.61849095205867e-05
31024.27383 1.73259994878236e-05
31037.78615 1.76650254317196e-05
31051.29846 1.94589966302374e-05
31064.81078 2.18875328017379e-05
31078.32309 2.32212669505027e-05
31091.8354 2.36340610577686e-05
31105.34772 2.30393126390608e-05
31118.86003 2.45894568166462e-05
31132.37235 2.53733071162972e-05
31145.88466 2.41418079696464e-05
31159.39698 2.50924779437603e-05
31172.90929 2.71339805980782e-05
31186.4216 2.75753659796923e-05
31199.93392 2.74297816560639e-05
31213.44623 2.57587802031655e-05
31226.95855 2.56159706656533e-05
31240.47086 2.73997702377836e-05
31253.98318 2.62345080367229e-05
31267.49549 2.3703762251667e-05
31281.00781 2.46496830228988e-05
31294.52012 2.54042047678446e-05
31308.03243 2.24966865661559e-05
31321.54475 1.80372331137084e-05
31335.05706 1.8080433777788e-05
31348.56938 1.74545465228602e-05
31362.08169 1.47354022203127e-05
31375.59401 1.42886578708904e-05
31389.10632 1.56774212451285e-05
31402.61863 1.52750411720227e-05
31416.13095 1.34486634384858e-05
31429.64326 1.35633637133416e-05
31443.15558 1.37325159379615e-05
31456.66789 1.26177729812682e-05
31470.18021 1.12976915949458e-05
31483.69252 1.17594918858927e-05
31497.20484 1.11270437912712e-05
31510.71715 9.65887002372706e-06
31524.22946 7.65223658107937e-06
31537.74178 9.02333555483706e-06
31551.25409 1.0135028413782e-05
31564.76641 1.1897493397369e-05
31578.27872 8.2091961427057e-06
31591.79104 5.69107045720014e-06
31605.30335 6.20118720082172e-06
31618.81566 4.58574796781735e-06
31632.32798 4.07023796373657e-06
31645.84029 5.68523924251731e-06
31659.35261 5.71021678310927e-06
31672.86492 5.40038596932939e-06
31686.37724 5.32379388619655e-06
31699.88955 4.80491627745236e-06
31713.40187 2.97721280400143e-06
31726.91418 2.47867495807743e-06
31740.42649 4.07840567957744e-06
31753.93881 5.11564722104565e-06
31767.45112 3.92141062744049e-06
31780.96344 3.25149064405009e-06
31794.47575 1.53833865344515e-06
31807.98807 3.80427665670374e-06
31821.50038 5.61230618962639e-06
31835.0127 3.42559130044131e-06
31848.52501 3.48051284907087e-06
31862.03732 3.51842629929293e-06
31875.54964 2.77072506711895e-06
31889.06195 3.21208646870227e-06
31902.57427 5.10123767740184e-06
31916.08658 4.79579950426712e-06
31929.5989 4.60571289009136e-06
31943.11121 4.46250508571482e-06
31956.62352 3.43712786907942e-06
31970.13584 3.78095929269077e-06
31983.64815 5.20740366266336e-06
31997.16047 3.93449979113883e-06
32010.67278 2.29158420717962e-06
32024.1851 2.47341237156503e-06
32037.69741 4.30954218747242e-06
32051.20973 4.08548250397124e-06
32064.72204 1.56514618993674e-06
32078.23435 1.52124017666748e-06
32091.74667 2.07856806949029e-06
32105.25898 5.13842023946137e-06
32118.7713 6.66155751664203e-06
32132.28361 5.88143880649491e-06
32145.79593 4.20015818815491e-06
32159.30824 2.23322708822752e-06
32172.82055 2.07018882273174e-06
32186.33287 2.6764091503099e-06
32199.84518 4.02274000671445e-06
32213.3575 5.22064126531365e-06
32226.86981 5.59039569148218e-06
32240.38213 5.31084701012402e-06
32253.89444 3.30904503315012e-06
32267.40676 2.93838609181797e-06
32280.91907 2.62433835452296e-06
32294.43138 2.48497250524838e-06
32307.9437 4.29513075482157e-06
32321.45601 5.49234234860819e-06
32334.96833 2.83459897541572e-06
32348.48064 3.56920707046582e-06
32361.99296 5.14629162876588e-06
32375.50527 4.11396244013941e-06
32389.01759 2.24799704422488e-06
32402.5299 7.98933157400155e-07
32416.04221 1.30849217758013e-06
32429.55453 1.93847686153308e-06
32443.06684 3.77633298131061e-06
32456.57916 3.65286162372123e-06
32470.09147 3.1649604634077e-06
32483.60379 2.65528478600373e-06
32497.1161 3.20709507596001e-06
32510.62841 2.9310068247852e-06
32524.14073 4.24545020404285e-06
32537.65304 6.70078890690502e-06
32551.16536 7.16400872955042e-06
32564.67767 8.86241516311972e-06
32578.18999 1.16257656661125e-05
32591.7023 1.0830555735448e-05
32605.21462 1.0423225288933e-05
32618.72693 8.86969345428272e-06
32632.23924 8.49404296167414e-06
32645.75156 9.8034395847114e-06
32659.26387 1.0080357259869e-05
32672.77619 1.01148761652109e-05
32686.2885 8.27837397941765e-06
32699.80082 6.04262457301179e-06
32713.31313 4.24228337971598e-06
32726.82544 2.62651312867891e-06
32740.33776 2.83550111749352e-06
32753.85007 2.30782959505008e-06
32767.36239 2.095039801893e-06
32780.8747 2.32407077667165e-06
32794.38702 3.36622459974081e-06
32807.89933 4.0938975322867e-06
32821.41165 3.55507331816297e-06
32834.92396 3.28469350762959e-06
32848.43627 2.14310902578531e-06
32861.94859 1.74335953982146e-06
32875.4609 2.42599636999294e-06
32888.97322 3.48103955261157e-06
32902.48553 4.50476998923193e-06
32915.99785 4.882677400937e-06
32929.51016 5.26045175405243e-06
32943.02247 4.90647159671366e-06
32956.53479 3.9098609504486e-06
32970.0471 3.93180413867593e-06
32983.55942 6.09498903410195e-06
32997.07173 5.87657431259653e-06
33010.58405 4.36569923636148e-06
33024.09636 4.51327259273459e-06
33037.60868 5.3607447675973e-06
33051.12099 3.98837334165066e-06
33064.6333 3.91892561236093e-06
33078.14562 4.90711717302347e-06
33091.65793 4.75340162812516e-06
33105.17025 3.86226003197405e-06
33118.68256 4.65529392488444e-06
33132.19488 5.90016498987376e-06
33145.70719 5.27216035922621e-06
33159.21951 4.75600052608075e-06
33172.73182 3.78509018310204e-06
33186.24413 3.05664824543506e-06
33199.75645 2.50109514724707e-06
33213.26876 3.63295268939678e-06
33226.78108 4.3312599723622e-06
33240.29339 4.73748456035838e-06
33253.80571 4.66476137280384e-06
33267.31802 3.98780096082747e-06
33280.83033 4.00853419984597e-06
33294.34265 4.74348772249667e-06
33307.85496 5.92376118371877e-06
33321.36728 5.15584701737059e-06
33334.87959 4.31532760784075e-06
33348.39191 4.48019699150015e-06
33361.90422 5.36241688858191e-06
33375.41654 5.08440356640665e-06
33388.92885 3.92280902506389e-06
33402.44116 3.71025769551492e-06
33415.95348 2.18192753848053e-06
33429.46579 2.52643227222604e-06
33442.97811 4.3533527597419e-06
33456.49042 4.88774304315836e-06
33470.00274 4.16824905160175e-06
33483.51505 5.05413857498691e-06
33497.02736 5.03714916336682e-06
33510.53968 4.71914483750073e-06
33524.05199 5.74750275462783e-06
33537.56431 7.00134409017863e-06
33551.07662 5.46626517577162e-06
33564.58894 2.99002712229839e-06
33578.10125 3.45507562505271e-06
33591.61357 4.76514081780705e-06
33605.12588 5.24516665224701e-06
33618.63819 4.4415833389291e-06
33632.15051 4.56066164591677e-06
33645.66282 5.05566847979651e-06
33659.17514 4.66529232694199e-06
33672.68745 3.61308628868445e-06
33686.19977 1.66949167460523e-06
33699.71208 6.80942268665065e-07
33713.22439 1.73170165251496e-06
33726.73671 2.72606197393996e-06
33740.24902 3.45050493021674e-06
33753.76134 3.21382083948146e-06
33767.27365 1.6998844977692e-06
33780.78597 1.29784653753868e-06
33794.29828 3.16400124908779e-06
33807.8106 6.54181578656081e-06
33821.32291 6.66410206100105e-06
33834.83522 5.7670484908766e-06
33848.34754 6.64125580107515e-06
33861.85985 7.67176263480806e-06
33875.37217 7.12038675119479e-06
33888.88448 5.21326277445063e-06
33902.3968 4.33616001476108e-06
33915.90911 4.99488965592324e-06
33929.42143 7.20885580206689e-06
33942.93374 8.07554594587224e-06
33956.44605 7.46875014197323e-06
33969.95837 7.26386846452386e-06
33983.47068 5.54690603607663e-06
33996.983 3.90715974050986e-06
34010.49531 2.88837922432929e-06
34024.00763 4.88566262644195e-06
34037.51994 6.39595510698984e-06
34051.03225 4.85805764168447e-06
34064.54457 5.41459675034993e-06
34078.05688 4.11330609715373e-06
34091.5692 2.89854488104252e-06
34105.08151 4.60891182444463e-06
34118.59383 5.80396817085441e-06
34132.10614 5.71660362880326e-06
34145.61846 5.40877339436511e-06
34159.13077 6.44109118685965e-06
34172.64308 6.57569837728201e-06
34186.1554 5.29712357963066e-06
34199.66771 4.52744569367126e-06
34213.18003 3.54002680292341e-06
34226.69234 2.53465570616154e-06
34240.20466 2.89926109723465e-06
34253.71697 3.80943904359659e-06
34267.22928 6.57416369874602e-06
34280.7416 3.86693501559266e-06
34294.25391 2.00846998929086e-06
34307.76623 2.97488733789468e-06
34321.27854 5.75589722093256e-06
34334.79086 6.69644242592511e-06
34348.30317 7.28833354672552e-06
34361.81549 5.88376166456418e-06
34375.3278 3.13370542708048e-06
34388.84011 2.36567828549064e-06
34402.35243 3.04800934412024e-06
34415.86474 1.53319075008944e-06
34429.37706 1.32161413751915e-06
34442.88937 1.58438103005998e-06
34456.40169 1.82356030687876e-06
34469.914 1.71428520939124e-06
34483.42631 2.11118194189861e-07
34496.93863 1.04259071083767e-06
34510.45094 2.79654278157489e-06
34523.96326 3.13241246201072e-06
34537.47557 1.92729354542594e-06
34550.98789 1.04345184356752e-07
34564.5002 2.61080753665212e-07
34578.01252 2.20048013033027e-06
34591.52483 3.34845387803517e-06
34605.03714 3.15722098317846e-06
34618.54946 3.8839886097456e-06
34632.06177 4.57743289406743e-06
34645.57409 3.7703896616246e-06
34659.0864 2.90997058311922e-06
34672.59872 2.50200211990562e-06
34686.11103 2.78457446638159e-06
34699.62335 4.52437535480847e-06
34713.13566 5.83048186434681e-06
34726.64797 5.93955570774165e-06
34740.16029 5.59870101308953e-06
34753.6726 5.3843703199508e-06
34767.18492 5.50201499017412e-06
34780.69723 5.99944905431394e-06
34794.20955 5.64195740161302e-06
34807.72186 4.78275951642131e-06
34821.23417 4.71413961118591e-06
34834.74649 4.86698978240085e-06
34848.2588 3.89601743678318e-06
34861.77112 2.83523325117736e-06
34875.28343 3.72276841306312e-06
34888.79575 4.63944900814783e-06
34902.30806 4.16865032702383e-06
34915.82038 3.92545889949056e-06
34929.33269 4.97263173167417e-06
34942.845 5.77930809360392e-06
34956.35732 5.15545839191595e-06
34969.86963 4.13678397074325e-06
34983.38195 3.88543323339252e-06
34996.89426 2.42182429699418e-06
35010.40658 1.88399191640494e-06
35023.91889 2.02467223794667e-06
35037.4312 2.04118992171401e-06
35050.94352 2.53388985267598e-06
35064.45583 3.32715117559721e-06
35077.96815 5.40450938294943e-06
35091.48046 5.99678166755076e-06
35104.99278 4.19237847454041e-06
35118.50509 2.9565671288897e-06
35132.01741 3.04952708693413e-06
35145.52972 3.42618833089686e-06
35159.04203 5.03768886543313e-06
35172.55435 5.65346598649991e-06
35186.06666 4.443427887631e-06
35199.57898 3.27717197350387e-06
35213.09129 3.62844405693552e-06
35226.60361 3.09758870606171e-06
35240.11592 2.21570130541164e-06
35253.62824 1.72118400322525e-06
35267.14055 1.85142039878357e-06
35280.65286 3.64272767057936e-06
35294.16518 4.41599258540541e-06
35307.67749 4.6754696439972e-06
35321.18981 6.08717594587307e-06
35334.70212 5.48895057677707e-06
35348.21444 6.26595244452375e-06
35361.72675 6.24146666204446e-06
35375.23906 3.27577716591851e-06
35388.75138 2.53364094455563e-06
35402.26369 2.96126687069898e-06
35415.77601 2.15228367146788e-06
35429.28832 8.50859177846385e-07
35442.80064 1.98702040470916e-06
35456.31295 2.37134442035074e-06
35469.82527 2.89580754394535e-06
35483.33758 3.25250059644861e-06
35496.84989 3.08722611319868e-06
35510.36221 4.21289291579772e-06
35523.87452 3.5748532361507e-06
35537.38684 4.30354400958556e-06
35550.89915 4.99205850369521e-06
35564.41147 3.21529909126223e-06
35577.92378 4.21169861883162e-06
35591.43609 4.41632940510469e-06
35604.94841 5.37900094703787e-06
35618.46072 5.74059008179604e-06
35631.97304 5.23475326818597e-06
35645.48535 5.30752193776655e-06
35658.99767 5.92641102444409e-06
35672.50998 6.31863714733176e-06
35686.0223 5.2132164891484e-06
35699.53461 4.74565918912634e-06
35713.04692 4.86707167489586e-06
35726.55924 6.95280257249659e-06
35740.07155 7.52547401012128e-06
35753.58387 5.28289936518383e-06
35767.09618 5.77311978549222e-06
35780.6085 7.01044425881341e-06
35794.12081 6.49777849358741e-06
35807.63312 4.57256714909022e-06
35821.14544 4.37419169539932e-06
35834.65775 4.57097426449947e-06
35848.17007 4.54842886478265e-06
35861.68238 4.37293822435854e-06
35875.1947 5.27533546446179e-06
35888.70701 4.25499613751284e-06
35902.21933 1.84115311387666e-06
35915.73164 1.21208621169575e-06
35929.24395 1.37874826112274e-06
35942.75627 3.02622780437066e-06
35956.26858 5.09727378317798e-06
35969.7809 5.43218925286394e-06
35983.29321 4.52768366611218e-06
35996.80553 3.24633738208347e-06
36010.31784 2.97481585737078e-06
36023.83016 1.87097166600473e-06
36037.34247 5.54809700408403e-07
36050.85478 6.82143231163142e-07
36064.3671 1.87438389645722e-06
36077.87941 2.70680627297883e-06
36091.39173 2.74169551928357e-06
36104.90404 2.71987280315298e-06
36118.41636 2.30052540399969e-06
36131.92867 2.41481395051229e-06
36145.44098 3.23286805306081e-06
36158.9533 3.73134941907937e-06
36172.46561 3.35588556839227e-06
36185.97793 2.58152686465383e-06
36199.49024 2.34281204999159e-06
36213.00256 2.7309075441549e-06
36226.51487 2.17341047295427e-06
36240.02719 1.55268537440818e-06
36253.5395 1.36994684874257e-06
36267.05181 1.05558747807137e-06
36280.56413 1.11937180801877e-06
36294.07644 1.95168534978958e-06
36307.58876 2.32192707515073e-06
36321.10107 1.82153096358443e-06
36334.61339 1.58653459574573e-06
36348.1257 2.55284447363153e-06
36361.63801 4.12859004765364e-06
36375.15033 4.64696904248431e-06
36388.66264 3.71329488603614e-06
36402.17496 2.03974922484471e-06
36415.68727 1.21783924077188e-06
36429.19959 1.65316602461644e-06
36442.7119 2.0243415025774e-06
36456.22422 2.47233020528023e-06
36469.73653 2.33159541091005e-06
36483.24884 1.4543039494815e-06
36496.76116 1.88125319866737e-06
36510.27347 3.72097458021579e-06
36523.78579 3.67547247040019e-06
36537.2981 4.14373997796539e-06
36550.81042 4.83070184537412e-06
36564.32273 4.97827009211244e-06
36577.83504 4.109724164368e-06
36591.34736 3.38786655976649e-06
36604.85967 3.41307573979109e-06
36618.37199 3.51643095107054e-06
36631.8843 3.19662985246446e-06
36645.39662 3.24460790061712e-06
36658.90893 2.02599126566662e-06
36672.42125 1.99838210717482e-06
36685.93356 2.90551782574578e-06
36699.44587 5.15404486144154e-06
36712.95819 6.16635579066291e-06
36726.4705 5.23320545991219e-06
36739.98282 4.26457757934045e-06
36753.49513 4.22403568263751e-06
36767.00745 5.04737350155508e-06
36780.51976 7.41860772580617e-06
36794.03208 8.94352774853345e-06
36807.54439 8.1914391555089e-06
36821.0567 5.55549412592353e-06
36834.56902 4.525358704459e-06
36848.08133 4.77849563146153e-06
36861.59365 4.33459603885252e-06
36875.10596 4.09977264795386e-06
36888.61828 4.8953418066952e-06
36902.13059 5.09502351856746e-06
36915.6429 3.88467043458541e-06
36929.15522 3.60522781840393e-06
36942.66753 4.5643856797734e-06
36956.17985 4.51885198611784e-06
36969.69216 3.11762591513247e-06
36983.20448 2.04052675109882e-06
36996.71679 2.01111339705999e-06
37010.22911 3.31319983866815e-06
37023.74142 3.11834864582681e-06
37037.25373 3.23043305691381e-06
37050.76605 4.09633886554073e-06
37064.27836 4.83499841832029e-06
37077.79068 6.36703961757714e-06
37091.30299 7.78529697958482e-06
37104.81531 6.62402637277008e-06
37118.32762 5.22389815798496e-06
37131.83993 5.04454900043992e-06
37145.35225 5.25114324415047e-06
37158.86456 5.21060944115114e-06
37172.37688 6.32256448502408e-06
37185.88919 6.83332079594789e-06
37199.40151 6.46216832286581e-06
37212.91382 6.74478110596051e-06
37226.42614 7.96951495136777e-06
37239.93845 7.74458368471485e-06
37253.45076 7.20359085137418e-06
37266.96308 6.01082719435155e-06
37280.47539 7.16309141521593e-06
37293.98771 7.83036824677608e-06
37307.50002 6.89063948355493e-06
37321.01234 7.14138615973158e-06
37334.52465 7.51078473688191e-06
37348.03696 6.72296366367238e-06
37361.54928 5.91541564854024e-06
37375.06159 7.01512945261129e-06
37388.57391 8.93188986132616e-06
37402.08622 8.93734158722161e-06
37415.59854 8.0853746020372e-06
37429.11085 8.11539146036707e-06
37442.62317 8.43083406836421e-06
37456.13548 9.81882901864353e-06
37469.64779 1.08278223606667e-05
37483.16011 1.08306670840315e-05
37496.67242 1.01552451644917e-05
37510.18474 8.44943701212839e-06
37523.69705 8.49901961184653e-06
37537.20937 8.73643034269223e-06
37550.72168 9.88074372901057e-06
37564.234 1.07396955855682e-05
37577.74631 9.33104623110983e-06
37591.25862 8.24132094621792e-06
37604.77094 8.6046965002479e-06
37618.28325 8.10170458206335e-06
37631.79557 5.16881395377911e-06
37645.30788 4.38188097574266e-06
37658.8202 4.05251233183092e-06
37672.33251 4.45496449642951e-06
37685.84482 5.88588564852958e-06
37699.35714 4.86070151272421e-06
37712.86945 4.53904775669365e-06
37726.38177 5.3907435729512e-06
37739.89408 6.65522481815717e-06
37753.4064 8.38040481464686e-06
37766.91871 9.21274662433741e-06
37780.43103 9.00728832761001e-06
37793.94334 8.26961140633383e-06
37807.45565 8.79261739973145e-06
37820.96797 1.05441868603181e-05
37834.48028 1.17608062949086e-05
37847.9926 1.23037213820713e-05
37861.50491 1.24754349782295e-05
37875.01723 1.17405949674347e-05
37888.52954 1.09595689089455e-05
37902.04185 1.11372632118725e-05
37915.55417 1.20178033765408e-05
37929.06648 1.22411664858813e-05
37942.5788 1.18011182415023e-05
37956.09111 1.10668010222718e-05
37969.60343 1.15164275844188e-05
37983.11574 1.27927906061144e-05
37996.62806 1.15263746293497e-05
38010.14037 8.5265004647297e-06
38023.65268 8.35481614273811e-06
38037.165 1.05780605154908e-05
38050.67731 1.27719635299443e-05
38064.18963 1.41538261365903e-05
38077.70194 1.49863553969058e-05
38091.21426 1.54739518927977e-05
38104.72657 1.56526387566386e-05
38118.23889 1.53018146913629e-05
38131.7512 1.40628181589394e-05
38145.26351 1.21896734152112e-05
38158.77583 1.10866590754536e-05
38172.28814 1.18405917855068e-05
38185.80046 1.38714804831134e-05
38199.31277 1.58125331681247e-05
38212.82509 1.70075504309974e-05
38226.3374 1.73885233485618e-05
38239.84971 1.71123453246851e-05
38253.36203 1.66958708601507e-05
38266.87434 1.64834487390284e-05
38280.38666 1.67443298916999e-05
38293.89897 1.7832570750706e-05
38307.41129 1.94212966961474e-05
38320.9236 2.00484447389929e-05
38334.43592 2.00659843962274e-05
38347.94823 2.19727848145536e-05
38361.46054 2.32778660213402e-05
38374.97286 2.31816618982925e-05
38388.48517 2.25993221444553e-05
38401.99749 2.20244276109479e-05
38415.5098 2.12017923332e-05
38429.02212 1.96134574402196e-05
38442.53443 1.8043648074788e-05
38456.04674 1.89374711599426e-05
38469.55906 2.10593164003342e-05
38483.07137 2.22211471231972e-05
38496.58369 2.12359877373249e-05
38510.096 1.94598452071033e-05
38523.60832 1.87450164499685e-05
38537.12063 1.94358991843927e-05
38550.63295 2.05746864561829e-05
38564.14526 2.18508890724115e-05
38577.65757 2.39706469697878e-05
38591.16989 2.60186435544107e-05
38604.6822 2.44400988913874e-05
38618.19452 2.17861458438602e-05
38631.70683 2.23333438218669e-05
38645.21915 2.32089900418562e-05
38658.73146 2.17730796532608e-05
38672.24377 2.0042272925397e-05
38685.75609 2.03200575427017e-05
38699.2684 2.08158252445175e-05
38712.78072 2.11267811682279e-05
38726.29303 2.12293092520811e-05
38739.80535 2.08647026470001e-05
38753.31766 2.03255135273028e-05
38766.82998 1.9367768910276e-05
38780.34229 1.82064262899146e-05
38793.8546 1.72594305705265e-05
38807.36692 1.70927549770344e-05
38820.87923 1.81363888040064e-05
38834.39155 1.9115933630255e-05
38847.90386 1.88894100784639e-05
38861.41618 1.76913603739273e-05
38874.92849 1.72097300273208e-05
38888.44081 1.7278655592236e-05
38901.95312 1.79530176480642e-05
38915.46543 1.9225052795939e-05
38928.97775 2.11050357082015e-05
38942.49006 2.36824828427374e-05
38956.00238 2.37595725175427e-05
38969.51469 2.23305092099078e-05
38983.02701 2.09782201500517e-05
38996.53932 2.24826151550583e-05
39010.05163 2.51050539430805e-05
39023.56395 2.57658985198441e-05
39037.07626 2.61892083503185e-05
39050.58858 2.691309780528e-05
39064.10089 2.64489241197332e-05
39077.61321 2.5411431685955e-05
39091.12552 2.52375392457615e-05
39104.63784 2.66187690403698e-05
39118.15015 2.82732069145153e-05
39131.66246 2.89290682412884e-05
39145.17478 2.87382057807433e-05
39158.68709 2.68976560775078e-05
39172.19941 2.45751774403135e-05
39185.71172 2.41325892343982e-05
39199.22404 2.48581709315924e-05
39212.73635 2.53967465897424e-05
39226.24866 2.45497405409211e-05
39239.76098 2.37844228201338e-05
39253.27329 2.39994102789706e-05
39266.78561 2.48822626547765e-05
39280.29792 2.60436139775248e-05
39293.81024 2.64631607536535e-05
39307.32255 2.6810686249239e-05
39320.83487 2.76966598720652e-05
39334.34718 2.75881810363349e-05
39347.85949 2.72017816646309e-05
39361.37181 2.77668954906632e-05
39374.88412 2.8994910357872e-05
39388.39644 3.01289657757184e-05
39401.90875 2.97611025581794e-05
39415.42107 2.70207625379512e-05
39428.93338 2.53401134512379e-05
39442.44569 2.55682830665541e-05
39455.95801 2.86427739965661e-05
39469.47032 3.05714650670291e-05
39482.98264 2.99520093839859e-05
39496.49495 2.76997431280251e-05
39510.00727 2.55016274619867e-05
39523.51958 2.42998480413033e-05
39537.0319 2.40038641054674e-05
39550.54421 2.32927187959444e-05
39564.05652 2.17461529135054e-05
39577.56884 1.97653309953476e-05
39591.08115 1.76919285064256e-05
39604.59347 1.45866843752682e-05
39618.10578 1.23083993539958e-05
39631.6181 1.15601851653552e-05
39645.13041 1.19195425069051e-05
39658.64273 1.19198124298729e-05
39672.15504 1.0809202780074e-05
39685.66735 8.81791163143929e-06
39699.17967 7.91644696322923e-06
39712.69198 6.03727918971426e-06
39726.2043 3.07416196846794e-06
39739.71661 2.6634377913281e-06
39753.22893 3.65542596469381e-06
39766.74124 4.82066649077886e-06
39780.25355 5.72023627272177e-06
39793.76587 5.86037075577401e-06
39807.27818 5.09057842778233e-06
39820.7905 4.11904703908888e-06
39834.30281 4.32779939375123e-06
39847.81513 5.49226007274701e-06
39861.32744 6.48948033674853e-06
39874.83976 7.27271982800852e-06
39888.35207 8.31723552441568e-06
39901.86438 9.82215329361216e-06
39915.3767 1.10112036366679e-05
39928.88901 1.05363756853731e-05
39942.40133 9.63537665751451e-06
39955.91364 1.05477873939492e-05
39969.42596 1.27242919210696e-05
39982.93827 1.5914135026678e-05
39996.45058 1.70383206421137e-05
40009.9629 1.66965549482602e-05
40023.47521 1.73315495258852e-05
40036.98753 1.6879260520561e-05
40050.49984 1.66556893694828e-05
40064.01216 1.66069008306557e-05
40077.52447 1.71857519897445e-05
40091.03679 1.78270871850773e-05
40104.5491 1.84120944136828e-05
40118.06141 1.88779182265526e-05
40131.57373 1.92853319957497e-05
40145.08604 1.85763613341971e-05
40158.59836 1.73560123867368e-05
40172.11067 1.67132214455993e-05
40185.62299 1.6369167434061e-05
40199.1353 1.66744890789753e-05
40212.64761 1.75542667768053e-05
40226.15993 1.85600819253358e-05
40239.67224 1.97248332556466e-05
40253.18456 2.14019090840994e-05
40266.69687 2.20854049871257e-05
40280.20919 2.07278115000992e-05
40293.7215 1.90778940526436e-05
40307.23382 1.91795636352425e-05
40320.74613 2.10027970813395e-05
40334.25844 2.40719983596556e-05
40347.77076 2.61347532759287e-05
40361.28307 2.52758103098316e-05
40374.79539 2.39554590270259e-05
40388.3077 2.49664751803316e-05
40401.82002 2.75752107158314e-05
40415.33233 3.04270417424367e-05
40428.84465 3.24568827368735e-05
40442.35696 3.48964582479447e-05
40455.86927 3.63246219853389e-05
40469.38159 3.76802769069444e-05
40482.8939 4.0265966689057e-05
40496.40622 4.26025649416551e-05
40509.91853 4.5269047973647e-05
40523.43085 4.95864977496813e-05
40536.94316 5.73956571638326e-05
40550.45547 6.54584493468927e-05
40563.96779 7.13715420803991e-05
40577.4801 7.66850693378441e-05
40590.99242 8.13572620276784e-05
40604.50473 8.56333318783726e-05
40618.01705 9.03529069633124e-05
40631.52936 9.72540699218441e-05
40645.04168 0.000104410096429886
40658.55399 0.000109859230934778
40672.0663 0.000115741800283842
40685.57862 0.000123582486528598
40699.09093 0.000133834695090934
40712.60325 0.000145403932439306
40726.11556 0.000156863950856249
40739.62788 0.000168960626194999
40753.14019 0.000183428084584257
40766.6525 0.000200091438807925
40780.16482 0.000218098806840058
40793.67713 0.000236722059334558
40807.18945 0.000256701552169158
40820.70176 0.00027975857224269
40834.21408 0.000305825055884239
40847.72639 0.000334593653394687
40861.23871 0.000365644521358981
40874.75102 0.000399003145450386
40888.26333 0.000435704654861673
40901.77565 0.000477724265948875
40915.28796 0.000523978665311057
40928.80028 0.000574128637576308
40942.31259 0.000628849445287253
40955.82491 0.000688882376564459
40969.33722 0.000754612458269008
40982.84953 0.000827087471654743
40996.36185 0.000908088997049244
41009.87416 0.000997032272543773
41023.38648 0.00109434080790266
41036.89879 0.00120263852944293
41050.41111 0.00132375538076075
41063.92342 0.00146053108830252
41077.43574 0.00161304218252235
41090.94805 0.0017819686919839
41104.46036 0.00196905149412804
41117.97268 0.00217693106467587
41131.48499 0.00240906000912108
41144.99731 0.0026708142263255
41158.50962 0.00296510089516592
41172.02194 0.00329487623269629
41185.53425 0.00366692332848341
41199.04657 0.00408485328956246
41212.55888 0.00455418133195227
41226.07119 0.00508496604601573
41239.58351 0.00568346444523052
41253.09582 0.00635971212825619
41266.60814 0.00712425203677674
41280.12045 0.00798842464636018
41293.63277 0.00896576294147301
41307.14508 0.0100764216254927
41320.65739 0.0113378325032957
41334.16971 0.0127713742143288
41347.68202 0.0144021327578369
41361.19434 0.0162608968083095
41374.70665 0.0183840970425989
41388.21897 0.0208041148258618
41401.73128 0.0235671140158852
41415.2436 0.0267292994095294
41428.75591 0.0303423607884169
41442.26822 0.0344683859823179
41455.78054 0.0391830446039809
41469.29285 0.04455778026428
41482.80517 0.0507336232627016
41496.31748 0.0576945374132309
41509.8298 0.065587673165346
41523.34211 0.0744805014017692
41536.85442 0.0844640028809544
41550.36674 0.0956332670730189
41563.87905 0.108065623448357
41577.39137 0.121818223227195
41590.90368 0.136841885167502
41604.416 0.153194279863033
41617.92831 0.17082815830375
41631.44063 0.189523064369078
41644.95294 0.209249021765689
41658.46525 0.229702274445676
41671.97757 0.250437736866103
41685.48988 0.271440693021656
41699.0022 0.292463103635603
41712.51451 0.313238492914034
41726.02683 0.333347649852572
41739.53914 0.352182757854554
41753.05146 0.370059093479293
41766.56377 0.38681369286943
41780.07608 0.402329617021494
41793.5884 0.416493929182535
41807.10071 0.42885581880947
41820.61303 0.439933230741844
41834.12534 0.449772635306963
41847.63766 0.458426327019477
41861.14997 0.465904565871602
41874.66228 0.471979167877366
41888.1746 0.477181214130733
41901.68691 0.481568845927427
41915.19923 0.485201137672436
41928.71154 0.488126827848238
41942.22386 0.490950991094236
41955.73617 0.492770330896495
41969.24849 0.494198572370821
41982.7608 0.495302342023982
41996.27311 0.496156718239281
42009.78543 0.496735894403741
42023.29774 0.497155195470119
42036.81006 0.497840479519482
42050.32237 0.498250600845385
42063.83469 0.498377472167983
42077.347 0.498444445711871
42090.85931 0.498502950351502
42104.37163 0.498545047003732
42117.88394 0.498564746072961
42131.39626 0.49859045947071
42144.90857 0.498647187625734
42158.42089 0.498697941922042
42171.9332 0.498751367746523
42185.44552 0.49883456753085
42198.95783 0.498954747950629
42212.47014 0.499041382785277
42225.98246 0.499138580241534
42239.49477 0.499257635731703
42253.00709 0.4993875149593
42266.5194 0.499478883821303
42280.03172 0.499583716482354
42293.54403 0.499690161599641
42307.05634 0.499783225778708
42320.56866 0.499834311394674
42334.08097 0.49989840792711
42347.59329 0.499943587813002
42361.1056 0.499957995025573
42374.61792 0.499939204879365
42388.13023 0.499944632634101
42401.64255 0.499921092146492
42415.15486 0.499862366197067
42428.66717 0.500279157820384
42442.17949 0.500283540532905
42455.6918 0.500142922102512
42469.20412 0.499956454928873
42482.71643 0.500287930008897
42496.22875 0.50005064263677
42509.74106 0.499707046217077
42523.25338 0.499317447367859
42536.76569 0.49888902284045
42550.278 0.498414394129026
42563.79032 0.497820170627981
42577.30263 0.497143523946284
42590.81495 0.496387002222338
42604.32726 0.495228587605963
42617.83958 0.493284712360903
42631.35189 0.491161704823132
42644.8642 0.488857972075569
42658.37652 0.486318545373436
42671.88883 0.483495338356561
42685.40115 0.480245201323598
42698.91346 0.476573284891974
42712.42578 0.472157963059549
42725.93809 0.467532052012806
42739.45041 0.463171182813759
42752.96272 0.460123843789297
42766.47503 0.458765351068717
42779.98735 0.45919579464805
42793.49966 0.461473386720521
42807.01198 0.466045606010659
42820.52429 0.471549101455124
42834.03661 0.476025154036644
42847.54892 0.479333437653554
42861.06123 0.481554118453241
42874.57355 0.483496082887273
42888.08586 0.485298515342931
42901.59818 0.486813308985724
42915.11049 0.486385250288183
42928.62281 0.485968320290076
42942.13512 0.486228820129714
42955.64744 0.486294687894774
42969.15975 0.48590904356024
42982.67206 0.485549623953825
42996.18438 0.485220233395711
43009.69669 0.484858075843444
43023.20901 0.484464646946392
43036.72132 0.484119077605557
43050.23364 0.483812256907636
43063.74595 0.483535893940397
43077.25826 0.483269315409968
43090.77058 0.483077907743822
43104.28289 0.482929504756631
43117.79521 0.482806769315952
43131.30752 0.48269296325303
43144.81984 0.482650679142907
43158.33215 0.482636761716956
43171.84447 0.48263970543095
43185.35678 0.482646187277398
43198.86909 0.482716858770642
43212.38141 0.482815527946862
43225.89372 0.482920191098347
43239.40604 0.483022280321902
43252.91835 0.483164272948581
43266.43067 0.483289545788514
43279.94298 0.483392593679117
43293.4553 0.48347111451331
43306.96761 0.483558902556779
43320.47992 0.483605909980049
43333.99224 0.483609753906586
43347.50455 0.483569204580057
43361.01687 0.483498014436349
43374.52918 0.483358798199637
43388.0415 0.483149050490798
43401.55381 0.482871585891983
43415.06612 0.482529534108277
43428.57844 0.482102682339382
43442.09075 0.48159086071271
43455.60307 0.481301262090376
43469.11538 0.480878902298006
43482.6277 0.480143692367116
43496.14001 0.479319788405682
43509.65233 0.478439689656663
43523.16464 0.478050709645774
43536.67695 0.477060082141312
43550.18927 0.476012261463731
43563.70158 0.474952453605206
43577.2139 0.473870275112568
43590.72621 0.472759460971431
43604.23853 0.471617535689904
43617.75084 0.470495624093378
43631.26315 0.469344834019999
43644.77547 0.468155106907398
43658.28778 0.466906928516275
43671.8001 0.46558769706191
43685.31241 0.464145054282823
43698.82473 0.462551957556864
43712.33704 0.460717987218357
43725.84936 0.458561196699543
43739.36167 0.456048827802503
43752.87398 0.453128556995102
43766.3863 0.449502302385772
43779.89861 0.445159711592539
43793.41093 0.440112309478992
43806.92324 0.43430962523529
43820.43556 0.427093965922087
43833.94787 0.418896625896499
43847.46018 0.409700800949644
43860.9725 0.399245393735501
43874.48481 0.387142262065442
43887.99713 0.37397635908779
43901.50944 0.359815385893254
43915.02176 0.344103914345347
43928.53407 0.327178820888102
43942.04639 0.30955718843355
43955.5587 0.291406021230058
43969.07101 0.271996611483671
43982.58333 0.252508526765184
43996.09564 0.233168695936127
44009.60796 0.213920841916167
44023.12027 0.194814945578549
44036.63259 0.176548164614591
44050.1449 0.159241948713411
44063.65722 0.142867135571086
44077.16953 0.127476854389266
44090.68184 0.113371665048833
44104.19416 0.10050908476884
44117.70647 0.0887973991303357
44131.21879 0.0783351494346184
44144.7311 0.0690720149742455
44158.24342 0.0607730544479768
44171.75573 0.0534430668389654
44185.26804 0.0469921550399458
44198.78036 0.0413223912201218
44212.29267 0.0363660617019714
44225.80499 0.0320253578494841
44239.3173 0.0282236747917667
44252.82962 0.0249025414726593
44266.34193 0.0220068700251404
44279.85425 0.0194708291993039
44293.36656 0.0172470040528768
44306.87887 0.0153084218936244
44320.39119 0.0136065203921426
44333.9035 0.0121095161223469
44347.41582 0.0107930232766672
44360.92813 0.00963543653522257
44374.44045 0.00861401860009124
44387.95276 0.00771250839325569
44401.46507 0.00691787742967536
44414.97739 0.0062123310066674
44428.4897 0.00558529857731646
44442.00202 0.00503008082940918
44455.51433 0.00453590079031914
44469.02665 0.00409562135359169
44482.53896 0.00370414333238835
44496.05128 0.00335655003407618
44509.56359 0.00304291307265078
44523.0759 0.0027599161274521
44536.58822 0.00250717784992968
44550.10053 0.00228112550134225
44563.61285 0.00207725467484593
44577.12516 0.00189245761556766
44590.63748 0.00172683612279613
44604.14979 0.00157787767124109
44617.66211 0.00144384019719606
44631.17442 0.00132235278215865
44644.68673 0.00121237214722342
44658.19905 0.00111262791973635
44671.71136 0.00102234405787678
44685.22368 0.00093955942662552
44698.73599 0.000863974269300417
44712.24831 0.000795284255926949
44725.76062 0.000732716098316673
44739.27293 0.000675517164266217
44752.78525 0.000623213815733561
44766.29756 0.00057638270590512
44779.80988 0.000532675272212519
44793.32219 0.00049207423387333
44806.83451 0.000455075956333873
44820.34682 0.000421832817801157
44833.85914 0.000391048024173957
44847.37145 0.000362266988799731
44860.88376 0.0003362742421462
44874.39608 0.000313214381850014
44887.90839 0.000292950202115307
44901.42071 0.000272800580594739
44914.93302 0.000252882637215114
44928.44534 0.000233556370234174
44941.95765 0.000215097809695732
44955.46996 0.000199059605810448
44968.98228 0.000185600430204121
44982.49459 0.000175881329701299
44996.00691 0.000166653112177763
45009.51922 0.000156813010915965
45023.03154 0.000145719097173586
45036.54385 0.000136946261353906
45050.05617 0.000129660768680275
45063.56848 0.000123821105585667
45077.08079 0.000116252151102445
45090.59311 0.000109436297598332
45104.10542 0.000103410713159918
45117.61774 9.80486159056425e-05
45131.13005 9.21543598119056e-05
45144.64237 8.63908101864243e-05
45158.15468 8.1585159307446e-05
45171.66699 7.77670685948282e-05
45185.17931 7.44407173860703e-05
45198.69162 7.14596183030631e-05
45212.20394 6.88321501433888e-05
45225.71625 6.57196691221099e-05
45239.22857 6.17843236448063e-05
45252.74088 5.70347522022281e-05
45266.2532 5.28961869919025e-05
45279.76551 4.93914861528355e-05
45293.27782 4.58499846030762e-05
45306.79014 4.27612397586253e-05
45320.30245 4.02090204079194e-05
45333.81477 3.73120588884408e-05
45347.32708 3.28524945949831e-05
45360.8394 2.80539977701262e-05
45374.35171 2.46390223212749e-05
45387.86403 2.39906077716698e-05
45401.37634 2.42774651972411e-05
45414.88865 2.40359737997649e-05
45428.40097 2.31129086645612e-05
45441.91328 2.20569486922679e-05
45455.4256 2.11772798002131e-05
45468.93791 1.94067381256171e-05
45482.45023 1.87339646498756e-05
45495.96254 1.79418932596806e-05
45509.47485 1.70042411166462e-05
45522.98717 1.68374021205959e-05
45536.49948 1.63024913535999e-05
45550.0118 1.58934654152431e-05
45563.52411 1.56916946774928e-05
45577.03643 1.52449028618614e-05
45590.54874 1.37669905087304e-05
45604.06106 1.31957578333864e-05
45617.57337 1.30552291756169e-05
45631.08568 1.21339596078778e-05
45644.598 1.14655064470487e-05
45658.11031 1.14134825488236e-05
45671.62263 1.28158755223905e-05
45685.13494 1.36822447767617e-05
45698.64726 1.37060643554212e-05
45712.15957 1.18041470211579e-05
45725.67188 1.07026149737703e-05
45739.1842 9.8605835931188e-06
45752.69651 8.66944462338214e-06
45766.20883 8.08286949741423e-06
45779.72114 7.50230926323328e-06
45793.23346 7.20961492615431e-06
45806.74577 6.79342511931967e-06
45820.25809 6.31341350760362e-06
45833.7704 6.02076408752771e-06
45847.28271 5.99841792262265e-06
45860.79503 6.22289423180226e-06
45874.30734 5.91052973964792e-06
45887.81966 5.32839638827199e-06
45901.33197 4.58800879520195e-06
45914.84429 3.55640597047866e-06
45928.3566 2.49301989354467e-06
45941.86891 1.56138650062665e-06
45955.38123 1.91801684351956e-06
45968.89354 2.8992906529973e-06
45982.40586 5.05995260325847e-06
45995.91817 6.26192253613595e-06
46009.43049 7.36530050948991e-06
46022.9428 7.83719344902583e-06
46036.45512 8.29348544169739e-06
46049.96743 8.62895904430266e-06
46063.47974 8.81532035888522e-06
46076.99206 9.11283589977047e-06
46090.50437 8.89798449488796e-06
46104.01669 8.25627802770754e-06
46117.529 5.9884803400673e-06
46131.04132 3.97208781596472e-06
46144.55363 3.00971088121879e-06
46158.06595 3.41603643487376e-06
46171.57826 4.70963605621988e-06
46185.09057 5.6549511792804e-06
46198.60289 6.48111474558341e-06
46212.1152 6.07653196968032e-06
46225.62752 5.78566506440498e-06
46239.13983 4.82310784227803e-06
46252.65215 4.93652904753296e-06
46266.16446 5.04162980549384e-06
46279.67677 5.12939928441551e-06
46293.18909 5.25458984488158e-06
46306.7014 5.63325763392694e-06
46320.21372 6.18189954521284e-06
46333.72603 6.38943952945618e-06
46347.23835 5.75156675462138e-06
46360.75066 5.03132874290472e-06
46374.26298 4.88673028106687e-06
46387.77529 5.5850739777466e-06
46401.2876 6.2396595441565e-06
46414.79992 6.83317556981679e-06
46428.31223 6.59119891558799e-06
46441.82455 6.39508348594533e-06
46455.33686 6.52253555975769e-06
46468.84918 7.17209076208671e-06
46482.36149 7.72538866577302e-06
46495.8738 7.6993588089482e-06
46509.38612 6.72635562694938e-06
46522.89843 7.19901448428115e-06
46536.41075 8.32071943008081e-06
46549.92306 1.01804039920162e-05
46563.43538 1.30556327642532e-05
46576.94769 1.53874452115876e-05
46590.46001 1.55170861160146e-05
46603.97232 1.38859234044646e-05
46617.48463 1.22013696136777e-05
46630.99695 1.23336841134261e-05
46644.50926 1.30961105315686e-05
46658.02158 1.36741555155263e-05
46671.53389 1.41903257674184e-05
46685.04621 1.45066719833387e-05
46698.55852 1.4895469847656e-05
46712.07083 1.53252144490536e-05
46725.58315 1.57669342309884e-05
46739.09546 1.61334857017549e-05
46752.60778 1.65814458341993e-05
46766.12009 1.65852227853993e-05
46779.63241 1.64258861866713e-05
46793.14472 1.62552400875783e-05
46806.65704 1.63493253724059e-05
46820.16935 1.62656171117699e-05
46833.68166 1.61915121402921e-05
46847.19398 1.59447890864422e-05
46860.70629 1.63119078115088e-05
46874.21861 1.67840590708279e-05
46887.73092 1.64128734822227e-05
46901.24324 1.58917040169338e-05
46914.75555 1.48253723382925e-05
46928.26787 1.42795178203581e-05
46941.78018 1.38579938021248e-05
46955.29249 1.34736909109074e-05
46968.80481 1.32374122646157e-05
46982.31712 1.34092173636471e-05
46995.82944 1.3959731062005e-05
47009.34175 1.44282928702763e-05
47022.85407 1.47334385295762e-05
47036.36638 1.46117837264633e-05
47049.87869 1.44404663771536e-05
47063.39101 1.44059793453698e-05
47076.90332 1.41800106352146e-05
47090.41564 1.38458615642233e-05
47103.92795 1.33426709618975e-05
47117.44027 1.32320550332706e-05
47130.95258 1.3512315525312e-05
47144.4649 1.38449656910701e-05
47157.97721 1.40197200848927e-05
47171.48952 1.38409525171002e-05
47185.00184 1.37606144595252e-05
47198.51415 1.36869145621287e-05
47212.02647 1.34480712642381e-05
47225.53878 1.28803454136955e-05
47239.0511 1.20876038169785e-05
47252.56341 1.14108486682744e-05
47266.07572 1.09174757791168e-05
47279.58804 1.06822390204889e-05
47293.10035 1.07447525769792e-05
47306.61267 1.09795296011128e-05
47320.12498 1.16272073214196e-05
47333.6373 1.22348922511272e-05
47347.14961 1.28252472298129e-05
47360.66193 1.25978757492045e-05
47374.17424 1.21379113540394e-05
47387.68655 1.13615988573056e-05
47401.19887 1.08272592499387e-05
47414.71118 1.04470812414546e-05
47428.2235 1.0433504338777e-05
47441.73581 1.03448031149281e-05
47455.24813 1.0201048204593e-05
47468.76044 9.99228803691379e-06
47482.27276 9.95856679633656e-06
47495.78507 1.02458240449781e-05
47509.29738 1.0617182712041e-05
47522.8097 1.09500570879576e-05
47536.32201 1.07854994403694e-05
47549.83433 1.04764183383615e-05
47563.34664 1.00474419274454e-05
47576.85896 1.00617931278819e-05
47590.37127 1.02885744062838e-05
47603.88358 1.09480034791928e-05
47617.3959 1.1433700173849e-05
47630.90821 1.17829642906301e-05
47644.42053 1.13154634981138e-05
47657.93284 1.08282991680767e-05
47671.44516 1.03152239437403e-05
47684.95747 1.01786461311908e-05
47698.46979 1.00772516325044e-05
47711.9821 9.78617853617511e-06
47725.49441 9.40596397712243e-06
47739.00673 8.97018532662722e-06
47752.51904 8.95423677396775e-06
47766.03136 8.89287001424442e-06
47779.54367 8.68259835194602e-06
47793.05599 8.15918414096784e-06
47806.5683 7.58628189789305e-06
47820.08061 7.90661236884812e-06
47833.59293 8.6317407395122e-06
47847.10524 1.00350823212877e-05
47860.61756 1.07621336797318e-05
47874.12987 1.10806132134102e-05
47887.64219 1.0269739835457e-05
47901.1545 9.61617453987531e-06
47914.66682 9.08984663920548e-06
47928.17913 9.31257992795639e-06
47941.69144 9.64753704931427e-06
47955.20376 1.00051295314637e-05
47968.71607 1.02178675022439e-05
47982.22839 1.03294270088271e-05
47995.7407 1.0358481261237e-05
48009.25302 1.02998992506165e-05
48022.76533 1.00618732654775e-05
48036.27764 9.63262449719759e-06
48049.78996 9.13128313722337e-06
48063.30227 8.70143622447282e-06
48076.81459 8.42251144792118e-06
48090.3269 8.37795028902539e-06
48103.83922 8.44468302518297e-06
48117.35153 8.53842333875557e-06
48130.86385 8.37519584521317e-06
48144.37616 8.16950059347948e-06
48157.88847 7.90754473005937e-06
48171.40079 7.83445792802034e-06
48184.9131 7.80311505876482e-06
48198.42542 7.64971379041054e-06
48211.93773 7.34614559564938e-06
48225.45005 6.87888226967699e-06
48238.96236 6.4958303119126e-06
48252.47468 6.1882879247627e-06
48265.98699 6.15964273675596e-06
48279.4993 6.32841047465502e-06
48293.01162 6.74053642858039e-06
48306.52393 7.30110463444711e-06
48320.03625 7.85527545241674e-06
48333.54856 7.89994576148569e-06
48347.06088 7.70425023184511e-06
48360.57319 7.25839344487956e-06
48374.0855 7.0559277104055e-06
48387.59782 6.94434068176992e-06
48401.11013 7.04531960718472e-06
48414.62245 6.97428476476934e-06
48428.13476 6.70806712135232e-06
48441.64708 5.96810729253081e-06
48455.15939 5.18050199787545e-06
48468.67171 4.37034176795008e-06
48482.18402 4.01185482146699e-06
48495.69633 4.47442361951109e-06
48509.20865 5.8605479986682e-06
48522.72096 6.59814008561419e-06
48536.23328 6.07705771333874e-06
48549.74559 6.38441349541008e-06
48563.25791 6.7861327786556e-06
48576.77022 6.95388061796227e-06
48590.28253 7.51879673318609e-06
48603.79485 7.03870774809382e-06
48617.30716 6.46944222925834e-06
48630.81948 5.69426609815487e-06
48644.33179 5.18912477960264e-06
48657.84411 4.84428646891084e-06
48671.35642 4.54969835746783e-06
48684.86874 4.53733312416785e-06
48698.38105 4.82297792964627e-06
48711.89336 5.14835762855038e-06
48725.40568 5.82079391011657e-06
48738.91799 6.09228242219742e-06
48752.43031 6.16442109501323e-06
48765.94262 6.16025166412554e-06
48779.45494 6.03499934262159e-06
48792.96725 5.80748688933262e-06
48806.47956 5.01141302837902e-06
48819.99188 4.75606086538301e-06
48833.50419 4.60715136671058e-06
48847.01651 4.44974065004631e-06
48860.52882 4.27854078060942e-06
48874.04114 4.23951732733652e-06
48887.55345 4.25670954466994e-06
48901.06577 4.7872144299769e-06
48914.57808 5.3116182859969e-06
48928.09039 5.67878985920108e-06
48941.60271 5.78026154975527e-06
48955.11502 5.67370271956119e-06
48968.62734 5.40046437829748e-06
48982.13965 4.97300535979897e-06
48995.65197 3.91767486170907e-06
49009.16428 2.63821467158757e-06
49022.6766 1.45626138413987e-06
49036.18891 1.15445327072558e-06
49049.70122 1.05460300072451e-06
49063.21354 1.66086061969153e-06
49076.72585 2.3671376664315e-06
49090.23817 2.6457654037376e-06
49103.75048 2.49359866892962e-06
49117.2628 2.06893199553253e-06
49130.77511 1.29844001996796e-06
49144.28742 7.80480491164297e-07
49157.79974 4.85719347805058e-07
49171.31205 4.05531518218347e-07
49184.82437 5.21812265086657e-07
49198.33668 6.29019357052917e-07
49211.849 7.35002747379923e-07
49225.36131 9.29660513811663e-07
49238.87363 1.10966674934891e-06
49252.38594 1.06277750158107e-06
49265.89825 1.40160989721817e-07
49279.41057 5.62116460734202e-09
49292.92288 4.2298161389572e-09
49306.4352 4.28053393605579e-09
49319.94751 4.11863099715878e-08
49333.45983 6.33175384697238e-07
49346.97214 5.24446931806271e-07
49360.48445 6.17910826120285e-08
49373.99677 4.83851637059704e-09
49387.50908 4.18070539418905e-09
49401.0214 4.17362413862665e-09
49414.53371 4.16861562378101e-09
49428.04603 4.16400789181413e-09
49441.55834 4.15690068402864e-09
49455.07066 9.24415860421962e-09
49468.58297 2.76218171392395e-07
49482.09528 5.47811755861277e-07
49495.6076 1.9244665212786e-06
49509.11991 2.52436597779716e-06
49522.63223 2.61758137296613e-06
49536.14454 2.39394698802099e-06
49549.65686 2.09797116965721e-06
49563.16917 1.79677840019657e-06
49576.68148 1.68409934565648e-06
49590.1938 1.64636407844224e-06
49603.70611 1.64036858133697e-06
49617.21843 1.81374870150834e-06
49630.73074 2.09360353955917e-06
49644.24306 2.72644716877611e-06
49657.75537 3.76524466927017e-06
49671.26769 4.26703033943748e-06
49684.78 4.58319363926845e-06
49698.29231 4.17341774228649e-06
49711.80463 4.5929456878296e-06
49725.31694 4.61272058586678e-06
49738.82926 3.78680130907515e-06
49752.34157 3.08912746572064e-06
49765.85389 2.51014695189664e-06
49779.3662 2.85952627629397e-06
49792.87852 2.98612380045983e-06
49806.39083 3.17156450015023e-06
49819.90314 2.33313672455977e-06
49833.41546 1.7311252982569e-06
49846.92777 1.28228198294456e-06
49860.44009 1.20536758633499e-06
49873.9524 1.24134553764831e-06
49887.46472 7.79217780573006e-07
49900.97703 5.35308350830612e-07
49914.48934 4.93079794044834e-07
49928.00166 1.19940821371441e-06
49941.51397 2.0239831347469e-06
49955.02629 2.91512627220169e-06
49968.5386 3.5912713749289e-06
49982.05092 4.01746935200969e-06
49995.56323 4.77309444472346e-06
50009.07555 3.73836630108168e-06
50022.58786 3.12014089517003e-06
50036.10017 1.64501891192734e-06
50049.61249 1.01053164488093e-06
50063.1248 9.77060682382665e-07
50076.63712 1.41481480664984e-06
50090.14943 2.77851648214079e-06
50103.66175 3.41668721663907e-06
50117.17406 3.62873700939604e-06
50130.68637 3.25244044536577e-06
50144.19869 3.11927586677994e-06
50157.711 2.80658005926997e-06
50171.22332 2.13051608750945e-06
50184.73563 1.65711625994962e-06
50198.24795 1.29326750320625e-06
50211.76026 1.77331160734812e-06
50225.27258 1.97954894831045e-06
50238.78489 2.0326524893226e-06
50252.2972 1.24677974029688e-06
50265.80952 7.52592987128687e-07
50279.32183 3.69245380838517e-07
50292.83415 5.05125885604262e-07
50306.34646 1.19105557913449e-06
50319.85878 1.88284122532994e-06
50333.37109 2.41011200973243e-06
50346.88341 2.47474446387037e-06
50360.39572 2.5941791859694e-06
50373.90803 2.14042917186087e-06
50387.42035 1.95715533662146e-06
50400.93266 1.77697083756016e-06
50414.44498 1.75930178599621e-06
50427.95729 2.04109198942813e-06
50441.46961 2.39268383921334e-06
50454.98192 2.77497527336887e-06
50468.49423 3.29140756165297e-06
50482.00655 4.00478769745685e-06
50495.51886 4.33043906174449e-06
50509.03118 4.48424275059727e-06
50522.54349 3.81641014478132e-06
50536.05581 3.11149488053748e-06
50549.56812 2.85955768037932e-06
50563.08044 2.75049151305767e-06
50576.59275 2.66682991513096e-06
50590.10506 2.42189070287718e-06
50603.61738 2.15220648639759e-06
50617.12969 2.21164454978216e-06
50630.64201 2.37599532549326e-06
50644.15432 2.88306953899603e-06
50657.66664 3.34372947240375e-06
50671.17895 3.1861396050258e-06
50684.69126 2.6148048045269e-06
50698.20358 1.64745747506538e-06
50711.71589 5.64627327929582e-07
50725.22821 1.61828363444251e-07
50738.74052 2.62195492463581e-07
50752.25284 9.23218155608904e-07
50765.76515 1.71570435145281e-06
50779.27747 2.96635715957669e-06
50792.78978 2.48819601163071e-06
50806.30209 2.07599893464114e-06
50819.81441 1.26309318067851e-06
50833.32672 8.90557362147739e-07
50846.83904 1.18251978884226e-06
50860.35135 1.59300628754102e-06
50873.86367 1.67465507769439e-06
50887.37598 1.67828088704445e-06
50900.88829 1.63704074685698e-06
50914.40061 1.99812371371789e-06
50927.91292 3.23034734663975e-06
50941.42524 3.93815337343663e-06
50954.93755 4.73458204127211e-06
50968.44987 4.3508110450585e-06
50981.96218 3.95034920155844e-06
50995.4745 3.33103676548882e-06
