"wave" "response"
20004.66386 3.50948079383594e-12
20020.74478 3.66770576239286e-12
20036.8257 4.15418719869305e-12
20052.90662 4.76015892056276e-12
20068.98754 5.44426529628476e-12
20085.06846 4.78954564446498e-12
20101.14938 4.06400693086116e-12
20117.2303 3.59204611550303e-12
20133.31122 3.20587349323659e-12
20149.39214 2.82873911260905e-12
20165.47306 2.63412394670661e-12
20181.55398 2.63735211894519e-12
20197.6349 2.82312286653476e-12
20213.71582 3.27508765650472e-12
20229.79674 3.49797775959458e-12
20245.87766 3.47001619627263e-12
20261.95858 3.39138378837175e-12
20278.03949 3.26140530853264e-12
20294.12041 2.81779943492664e-12
20310.20133 2.34990288488471e-12
20326.28225 2.136075247045e-12
20342.36317 2.03313750132055e-12
20358.44409 1.93670699795982e-12
20374.52501 1.88579686005696e-12
20390.60593 2.00779058398551e-12
20406.68685 2.25013754307771e-12
20422.76777 2.43435219850351e-12
20438.84869 2.61272653122187e-12
20454.92961 2.52816127387602e-12
20471.01053 2.35097526119215e-12
20487.09145 2.32803399919552e-12
20503.17237 2.52841207517182e-12
20519.25329 2.59131005334357e-12
20535.33421 2.41609445803143e-12
20551.41513 2.4245246654956e-12
20567.49605 2.80090344326874e-12
20583.57697 3.21926976563223e-12
20599.65788 3.70087997535186e-12
20615.7388 4.07570750650032e-12
20631.81972 4.45271639905875e-12
20647.90064 4.9171371548545e-12
20663.98156 5.43413258613675e-12
20680.06248 5.90177162567320e-12
20696.1434 6.34411241716325e-12
20712.22432 7.12244053384574e-12
20728.30524 8.25133775946877e-12
20744.38616 9.76834896318673e-12
20760.46708 1.06245501599242e-11
20776.548 1.20790101042147e-11
20792.62892 1.46467506256402e-11
20808.70984 1.68468326294028e-11
20824.79076 1.63154193119702e-11
20840.87168 1.75594934405414e-11
20856.9526 1.92608907716717e-11
20873.03352 2.1496747422095e-11
20889.11444 2.23141101100822e-11
20905.19536 2.51352176722296e-11
20921.27627 2.74346580002547e-11
20937.35719 3.3159173433895e-11
20953.43811 4.1412483313994e-11
20969.51903 5.17103338202107e-11
20985.59995 6.18963619352235e-11
21001.68087 7.57190574028486e-11
21017.76179 1.01317214848527e-10
21033.84271 1.35523878755259e-10
21049.92363 1.59068143950425e-10
21066.00455 1.69826785155629e-10
21082.08547 1.8762388931843e-10
21098.16639 2.1399711410736e-10
21114.24731 2.416999688738e-10
21130.32823 2.69667053575465e-10
21146.40915 3.08811057096892e-10
21162.49007 3.20496348108255e-10
21178.57099 3.31929151246574e-10
21194.65191 3.09920432114138e-10
21210.73283 2.96928108958114e-10
21226.81375 2.52781468743587e-10
21242.89466 2.14254571737515e-10
21258.97558 2.08652560598283e-10
21275.0565 2.18309086407415e-10
21291.13742 2.1497756936667e-10
21307.21834 2.01770864979902e-10
21323.29926 1.96053183571618e-10
21339.38018 1.96830577457049e-10
21355.4611 1.95279153420167e-10
21371.54202 1.74383081562521e-10
21387.62294 1.57292520065028e-10
21403.70386 1.54486820784364e-10
21419.78478 1.54576406458744e-10
21435.8657 1.63130383478941e-10
21451.94662 1.7662387410722e-10
21468.02754 1.75014032997121e-10
21484.10846 1.69042048094778e-10
21500.18938 1.60205141184662e-10
21516.2703 1.44261489701612e-10
21532.35122 1.28492480486028e-10
21548.43214 1.06753408475738e-10
21564.51305 9.97809129051539e-11
21580.59397 1.17616500060129e-10
21596.67489 1.48625278054651e-10
21612.75581 1.68737487386777e-10
21628.83673 1.7793304936539e-10
21644.91765 1.79918986285178e-10
21660.99857 1.75253806057493e-10
21677.07949 1.76774571495611e-10
21693.16041 1.77357961893318e-10
21709.24133 1.88095665784187e-10
21725.32225 1.66650369759936e-10
21741.40317 1.58450570291667e-10
21757.48409 1.53703298087136e-10
21773.56501 1.50978223690629e-10
21789.64593 1.52582600927368e-10
21805.72685 1.58893115485235e-10
21821.80777 1.98499795109326e-10
21837.88869 2.46201188481511e-10
21853.96961 3.14631607346439e-10
21870.05053 2.82058589057132e-10
21886.13145 2.63643168988329e-10
21902.21236 2.6069247462471e-10
21918.29328 2.68998800470014e-10
21934.3742 2.85748316897323e-10
21950.45512 3.3713579485501e-10
21966.53604 4.06459464268701e-10
21982.61696 4.62410019024762e-10
21998.69788 5.31864201957376e-10
22014.7788 5.87632096305218e-10
22030.85972 6.26939309356984e-10
22046.94064 6.66514423869536e-10
22063.02156 6.79002250953705e-10
22079.10248 7.07297654339314e-10
22095.1834 7.91551039778126e-10
22111.26432 9.50689703589756e-10
22127.34524 1.09639673584251e-09
22143.42616 1.1587048267147e-09
22159.50708 1.29357774426899e-09
22175.588 1.57770205754283e-09
22191.66892 1.99411859231173e-09
22207.74984 2.11691774320146e-09
22223.83075 2.22401854161438e-09
22239.91167 2.48276993473347e-09
22255.99259 2.94922228081507e-09
22272.07351 3.54140746023526e-09
22288.15443 4.04724092358125e-09
22304.23535 4.68785540901638e-09
22320.31627 4.79255502527588e-09
22336.39719 4.65835985743536e-09
22352.47811 4.71265180878852e-09
22368.55903 5.19470384393505e-09
22384.63995 5.96964001308147e-09
22400.72087 5.71848327456652e-09
22416.80179 5.62667986605844e-09
22432.88271 5.80399745633607e-09
22448.96363 6.41743313955879e-09
22465.04455 7.78972682775551e-09
22481.12547 9.40663614053891e-09
22497.20639 1.17436146144337e-08
22513.28731 1.39702630170786e-08
22529.36823 1.61633301090545e-08
22545.44914 1.80372042080675e-08
22561.53006 1.80231211726999e-08
22577.61098 1.81574386921039e-08
22593.6919 1.80114655103218e-08
22609.77282 1.99621068885884e-08
22625.85374 2.40010494267224e-08
22641.93466 2.99837264041552e-08
22658.01558 4.02306118904866e-08
22674.0965 4.51026139386745e-08
22690.17742 5.10771164503643e-08
22706.25834 5.77569717771995e-08
22722.33926 6.34372241504156e-08
22738.42018 7.02130989980622e-08
22754.5011 6.07752016162241e-08
22770.58202 5.27260676115909e-08
22786.66294 4.79316479503346e-08
22802.74386 4.62225302562267e-08
22818.82478 4.52615686662085e-08
22834.9057 4.46618178909003e-08
22850.98662 4.81720190246944e-08
22867.06753 5.35896929650243e-08
22883.14845 5.65304936796937e-08
22899.22937 6.34193831227978e-08
22915.31029 6.89994368224749e-08
22931.39121 7.59792982955791e-08
22947.47213 8.45084102275048e-08
22963.55305 9.54357875517177e-08
22979.63397 1.10800092896986e-07
22995.71489 1.30600481378409e-07
23011.79581 1.59883064575184e-07
23027.87673 1.71419574172236e-07
23043.95765 1.63810964319706e-07
23060.03857 1.69416128270077e-07
23076.11949 1.96353026284433e-07
23092.20041 2.36543903508947e-07
23108.28133 2.96108098543039e-07
23124.36225 3.79227930665141e-07
23140.44317 4.94138785594023e-07
23156.52409 6.55952256611876e-07
23172.60501 8.79392377961823e-07
23188.68592 1.17246463158425e-06
23204.76684 1.44100422460179e-06
23220.84776 1.76841442876147e-06
23236.92868 2.05301702781364e-06
23253.0096 2.26561844052529e-06
23269.09052 2.59873543868361e-06
23285.17144 2.99632825434192e-06
23301.25236 3.4752314540364e-06
23317.33328 3.85134086128298e-06
23333.4142 3.92049184638049e-06
23349.49512 4.09315991594445e-06
23365.57604 4.03178771632085e-06
23381.65696 4.11240523753693e-06
23397.73788 4.21367707589377e-06
23413.8188 3.93073022979701e-06
23429.89972 3.64898064722903e-06
23445.98064 3.42533065258158e-06
23462.06156 3.26687114179973e-06
23478.14248 3.12022140539588e-06
23494.2234 3.11690830286051e-06
23510.30431 3.15341956819718e-06
23526.38523 3.1558830122349e-06
23542.46615 2.97356156016933e-06
23558.54707 2.82766240726192e-06
23574.62799 2.74040265468718e-06
23590.70891 2.71172738101913e-06
23606.78983 2.73011299289499e-06
23622.87075 2.86557862101196e-06
23638.95167 3.12544880869677e-06
23655.03259 3.51685831638702e-06
23671.11351 4.26240535862027e-06
23687.19443 5.36361970494156e-06
23703.27535 6.00275788318e-06
23719.35627 5.84167172797164e-06
23735.43719 5.65961708311555e-06
23751.51811 5.18746465034856e-06
23767.59903 4.71376872302694e-06
23783.67995 4.37757385422402e-06
23799.76087 4.21519517370746e-06
23815.84179 4.14645936499126e-06
23831.92271 4.22187394633863e-06
23848.00362 4.50535423685312e-06
23864.08454 4.91799815018763e-06
23880.16546 5.13319286140134e-06
23896.24638 5.46639546942985e-06
23912.3273 5.96609973386107e-06
23928.40822 5.39704362682369e-06
23944.48914 4.80687841555835e-06
23960.57006 4.35517912991048e-06
23976.65098 4.2504754034091e-06
23992.7319 4.22688888156786e-06
24008.81282 4.18177301640642e-06
24024.89374 4.04120757280155e-06
24040.97466 3.96301102487767e-06
24057.05558 4.00967958681658e-06
24073.1365 4.15591315239656e-06
24089.21742 4.37094465101525e-06
24105.29834 4.10313958686361e-06
24121.37926 3.8945313686544e-06
24137.46018 4.05009889625419e-06
24153.5411 4.29336064157986e-06
24169.62201 4.6878053256858e-06
24185.70293 4.79909890755527e-06
24201.78385 4.58803548587558e-06
24217.86477 4.86937554279998e-06
24233.94569 4.79661104804777e-06
24250.02661 4.23886962624951e-06
24266.10753 3.77794824833502e-06
24282.18845 3.45940437907059e-06
24298.26937 3.33435501330564e-06
24314.35029 3.67231807763287e-06
24330.43121 3.59615284796087e-06
24346.51213 3.51957881084585e-06
24362.59305 3.50489673149844e-06
24378.67397 3.65516113164255e-06
24394.75489 3.89025297674432e-06
24410.83581 4.1221646420447e-06
24426.91673 3.83480305224814e-06
24442.99765 3.67613923040236e-06
24459.07857 3.25583286455796e-06
24475.15949 2.68955567794024e-06
24491.2404 2.62431773293868e-06
24507.32132 2.79115353721794e-06
24523.40224 2.8727265577234e-06
24539.48316 2.96779601903639e-06
24555.56408 2.58198166712396e-06
24571.645 2.38680584960716e-06
24587.72592 2.39969379127123e-06
24603.80684 2.42705441870388e-06
24619.88776 2.44782327318241e-06
24635.96868 2.46874028784126e-06
24652.0496 2.2973325282042e-06
24668.13052 2.05330269281241e-06
24684.21144 1.83542005175389e-06
24700.29236 1.71603798896706e-06
24716.37328 1.6588943923489e-06
24732.4542 1.89230749942491e-06
24748.53512 2.09239054173453e-06
24764.61604 2.16921011342904e-06
24780.69696 2.2960901426445e-06
24796.77788 2.41030265311034e-06
24812.85879 2.52863257445929e-06
24828.93971 2.65895663214993e-06
24845.02063 2.69586258010579e-06
24861.10155 2.72449171954293e-06
24877.18247 2.75340559734369e-06
24893.26339 2.58691460737463e-06
24909.34431 2.42672919549445e-06
24925.42523 2.28003792683899e-06
24941.50615 2.20988758462273e-06
24957.58707 2.18496584883291e-06
24973.66799 2.20061008181511e-06
24989.74891 1.57613994483571e-06
24997.78162 4.53276745989056e-09
25011.29393 6.46483498493128e-09
25024.80624 9.06834910868326e-07
25038.31856 5.8143455648762e-07
25051.83087 4.77678189910111e-09
25065.34319 4.52779787299026e-09
25078.8555 4.52663415569597e-09
25092.36782 4.52541456334054e-09
25105.88013 6.37455919292313e-08
25119.39244 2.03401864314874e-07
25132.90476 7.11505683474107e-07
25146.41707 2.61443225519977e-08
25159.92939 7.00884791326182e-09
25173.4417 9.60009927312117e-07
25186.95402 4.82566000494163e-08
25200.46633 6.2230020114258e-08
25213.97865 4.51450559879462e-09
25227.49096 4.51323294395682e-09
25241.00327 4.51195287920811e-09
25254.51559 5.87808073420039e-09
25268.0279 1.30650937794042e-06
25281.54022 4.41194045497402e-07
25295.05253 8.82163594296656e-08
25308.56485 1.99276072780756e-06
25322.07716 2.3984920448219e-06
25335.58948 2.53194017877357e-06
25349.10179 1.82785807891477e-06
25362.6141 1.38180406344316e-06
25376.12642 1.70892348156535e-06
25389.63873 2.71602363740626e-06
25403.15105 1.95275212601586e-06
25416.66336 7.96028247985761e-07
25430.17568 4.22634864264451e-06
25443.68799 4.28605346935109e-06
25457.2003 2.80864932292105e-06
25470.71262 3.35324078627001e-06
25484.22493 3.83521876501471e-06
25497.73725 3.20863513934103e-06
25511.24956 3.50822904453489e-06
25524.76188 3.75536201539253e-06
25538.27419 4.88445826709035e-06
25551.78651 7.4482805500929e-06
25565.29882 5.61554130992681e-06
25578.81113 6.5956715664557e-06
25592.32345 5.79093684588373e-06
25605.83576 8.14745819091113e-06
25619.34808 6.16082008785609e-06
25632.86039 8.5522907127463e-06
25646.37271 1.08485062301002e-05
25659.88502 8.14175761684501e-06
25673.39733 8.61362647253338e-06
25686.90965 9.53449191135869e-06
25700.42196 8.50800356509658e-06
25713.93428 6.07786308512678e-06
25727.44659 6.40084134488041e-06
25740.95891 4.77260287888647e-06
25754.47122 3.49898304637939e-06
25767.98354 4.31444685034466e-06
25781.49585 5.39938959901629e-06
25795.00816 6.94035411829857e-06
25808.52048 4.60326879582265e-06
25822.03279 5.53631524724891e-06
25835.54511 3.3295049519531e-06
25849.05742 3.54575836924469e-06
25862.56974 6.33230940618558e-06
25876.08205 8.03454617169078e-06
25889.59437 6.00151220874081e-06
25903.10668 7.05387027593214e-06
25916.61899 6.40336120675118e-06
25930.13131 1.01045773869086e-05
25943.64362 8.12385531013778e-06
25957.15594 6.99576816180976e-06
25970.66825 5.18626433465211e-06
25984.18057 6.89391013991092e-06
25997.69288 5.99546090807549e-06
26011.20519 6.79281526970392e-06
26024.71751 6.36313583145423e-06
26038.22982 6.23021010406016e-06
26051.74214 4.4159534099324e-06
26065.25445 7.78028092541141e-06
26078.76677 7.63694329418273e-06
26092.27908 6.52146142300038e-06
26105.7914 8.65093640405679e-06
26119.30371 7.80135152061293e-06
26132.81602 7.33637141386607e-06
26146.32834 6.90328190078783e-06
26159.84065 6.8106261278548e-06
26173.35297 5.81505175603155e-06
26186.86528 5.6695905161553e-06
26200.3776 5.2797826029629e-06
26213.88991 5.39815039812985e-06
26227.40222 4.48853246134339e-06
26240.91454 3.39491344626189e-06
26254.42685 5.462222955735e-06
26267.93917 2.04419791558102e-06
26281.45148 1.77282781251008e-06
26294.9638 1.99785653851164e-06
26308.47611 2.26385582001374e-06
26321.98843 1.89208191400008e-06
26335.50074 3.39692031463478e-06
26349.01305 3.58114342442006e-06
26362.52537 2.01034760983612e-06
26376.03768 2.54071777746464e-06
26389.55 2.84843889522342e-06
26403.06231 2.44962841879103e-06
26416.57463 4.2010135780174e-06
26430.08694 4.15272147029673e-06
26443.59925 4.23395578477016e-06
26457.11157 4.33459584338322e-06
26470.62388 3.42647915542573e-06
26484.1362 4.96207645472587e-06
26497.64851 3.17889357967941e-06
26511.16083 3.19912547683483e-06
26524.67314 6.14952621489003e-06
26538.18546 5.35832301968206e-06
26551.69777 2.15113687972597e-06
26565.21008 4.12777027156117e-06
26578.7224 9.16300605709257e-06
26592.23471 1.1046625034961e-05
26605.74703 1.01727787765663e-05
26619.25934 1.30874775537472e-05
26632.77166 1.63795113893607e-05
26646.28397 1.57146464948906e-05
26659.79629 1.78534072433896e-05
26673.3086 1.81402708292537e-05
26686.82091 1.90827623490078e-05
26700.33323 2.37812679862361e-05
26713.84554 2.51758895631621e-05
26727.35786 2.51030899000043e-05
26740.87017 2.67140213548616e-05
26754.38249 3.12538323612568e-05
26767.8948 3.49011179062138e-05
26781.40711 3.82111645200027e-05
26794.91943 4.04604729734473e-05
26808.43174 3.87098807095274e-05
26821.94406 4.31198563752662e-05
26835.45637 4.79066526193518e-05
26848.96869 5.34933100628688e-05
26862.481 5.51745165630346e-05
26875.99332 6.19661203681519e-05
26889.50563 6.41471163271714e-05
26903.01794 6.68377151769003e-05
26916.53026 7.12678438383866e-05
26930.04257 7.85372144930074e-05
26943.55489 8.10769270824692e-05
26957.0672 8.40524482744074e-05
26970.57952 8.79859723955449e-05
26984.09183 9.2085967213395e-05
26997.60414 9.88597400558099e-05
27011.11646 0.000103926553000426
27024.62877 0.000107416517964481
27038.14109 0.000112416249081472
27051.6534 0.00011839887224803
27065.16572 0.000124954978886219
27078.67803 0.000129532754119814
27092.19035 0.000135358387068535
27105.70266 0.000140733552011812
27119.21497 0.000150719845988306
27132.72729 0.000159109982475193
27146.2396 0.000164391536039877
27159.75192 0.00017130059691483
27173.26423 0.000181434348757809
27186.77655 0.000192534255210031
27200.28886 0.000201899107431368
27213.80117 0.000214610541382475
27227.31349 0.000227721095776311
27240.8258 0.000241396000368883
27254.33812 0.000255687272864773
27267.85043 0.000268672627777257
27281.36275 0.000286484888265409
27294.87506 0.00030793243093584
27308.38738 0.000330436924403034
27321.89969 0.000354780811247535
27335.412 0.000379698890575153
27348.92432 0.00040797791906499
27362.43663 0.000444411809353496
27375.94895 0.00047652398315733
27389.46126 0.000516087385311685
27402.97358 0.000562365568077266
27416.48589 0.000615464858429511
27429.99821 0.000671417102754244
27443.51052 0.000731596044782936
27457.02283 0.000800597149185555
27470.53515 0.000878054940162195
27484.04746 0.00096363622674569
27497.55978 0.0010542490558535
27511.07209 0.00115704520817625
27524.58441 0.00126693302912186
27538.09672 0.00138530865225395
27551.60903 0.0015237003463501
27565.12135 0.00167027637077531
27578.63366 0.001828469915401
27592.14598 0.002002019082044
27605.65829 0.00219328540256156
27619.17061 0.00239797568361029
27632.68292 0.00261971592807032
27646.19524 0.00286029292206851
27659.70755 0.00312166310615762
27673.21986 0.00339949757316734
27686.73218 0.00369805477619983
27700.24449 0.00401836147109897
27713.75681 0.00435818235733732
27727.26912 0.00472277958279651
27740.78144 0.00510971351840325
27754.29375 0.00552117837549362
27767.80606 0.00597017461223819
27781.31838 0.00645151358274921
27794.83069 0.00697030631995927
27808.34301 0.00751780154253597
27821.85532 0.0081130017753259
27835.36764 0.00875583689393269
27848.87995 0.00945329419496194
27862.39227 0.0102023917415698
27875.90458 0.0110326013213546
27889.41689 0.0119366826110815
27902.92921 0.0129240301449357
27916.44152 0.0140086301275328
27929.95384 0.0152151050932292
27943.46615 0.0165423990286412
27956.97847 0.0180075275922592
27970.49078 0.0196520501318384
27984.00309 0.0214944647252446
27997.51541 0.0235401912112101
28011.02772 0.0258193978341987
28024.54004 0.0283812193533637
28038.05235 0.0312492160616941
28051.56467 0.0344204753123609
28065.07698 0.0380275849324705
28078.5893 0.0420808441155629
28092.10161 0.0466240787652374
28105.61392 0.0516806921970532
28119.12624 0.0573945332793439
28132.63855 0.0637840619159403
28146.15087 0.0708713538498614
28159.66318 0.0787623184949997
28173.1755 0.087527116537822
28186.68781 0.0972674363981797
28200.20013 0.107774424485653
28213.71244 0.119246210055803
28227.22475 0.131610683616091
28240.73707 0.14481523820568
28254.24938 0.158782160029928
28267.7617 0.173364345256282
28281.27401 0.188403886001332
28294.78633 0.203736257133297
28308.29864 0.219155625418961
28321.81095 0.234399644525451
28335.32327 0.249293680586886
28348.83558 0.263678833312929
28362.3479 0.277336861692748
28375.86021 0.289923140465759
28389.37253 0.301860638479923
28402.88484 0.312965555600526
28416.39716 0.323299162487502
28429.90947 0.33236851514694
28443.42178 0.340544202831132
28456.9341 0.347894518800094
28470.44641 0.354449383416381
28483.95873 0.360217188481576
28497.47104 0.365350631433145
28510.98336 0.369663533971433
28524.49567 0.37339129808522
28538.00798 0.376637412292354
28551.5203 0.379438350874377
28565.03261 0.381849677852854
28578.54493 0.383869068472117
28592.05724 0.385587008464467
28605.56956 0.386825682133596
28619.08187 0.387912068643496
28632.59419 0.388974276943101
28646.1065 0.39009046556662
28659.61881 0.390931796102399
28673.13113 0.391433473207392
28686.64344 0.391799041411722
28700.15576 0.392057652841738
28713.66807 0.392254813822956
28727.18039 0.392372453201383
28740.6927 0.392412358416334
28754.20501 0.392391808953264
28767.71733 0.392348568040605
28781.22964 0.392270374405653
28794.74196 0.3921865259186
28808.25427 0.392080453881752
28821.76659 0.391972676764158
28835.2789 0.391860263193657
28848.79122 0.391745346188914
28862.30353 0.3911898071257
28875.81584 0.391107563020019
28889.32816 0.391032530023058
28902.84047 0.39098316510296
28916.35279 0.391026341957668
28929.8651 0.391512481384829
28943.37742 0.391567655648156
28956.88973 0.391624501723136
28970.40205 0.39166694165986
28983.91436 0.391694152250846
28997.42667 0.391707958793928
29010.93899 0.391617965351352
29024.4513 0.3914876621928
29037.96362 0.391330712964215
29051.47593 0.391167325370585
29064.98825 0.3909758601572
29078.50056 0.390750531697261
29092.01287 0.390503025994574
29105.52519 0.390003085929194
29119.0375 0.389585903718987
29132.54982 0.389349159328509
29146.06213 0.389109852406116
29159.57445 0.388855263185802
29173.08676 0.388578057164554
29186.59908 0.388303286827894
29200.11139 0.388023827953411
29213.6237 0.38759317143268
29227.13602 0.387157791585066
29240.64833 0.386718882569892
29254.16065 0.386274628286233
29267.67296 0.386166175669423
29281.18528 0.385837365559354
29294.69759 0.38540882968555
29308.2099 0.384925504406428
29321.72222 0.384389349170016
29335.23453 0.383859443199444
29348.74685 0.383325316038154
29362.25916 0.382789129053614
29375.77148 0.381993239354863
29389.28379 0.381265167059742
29402.79611 0.380753375420592
29416.30842 0.380278634716863
29429.82073 0.379802961953472
29443.33305 0.379776397511721
29456.84536 0.379289533322662
29470.35768 0.378805184017812
29483.86999 0.378314103361095
29497.38231 0.377817277349834
29510.89462 0.377583837755006
29524.40694 0.376938659810327
29537.91925 0.376289968791871
29551.43156 0.37565670671999
29564.94388 0.375026822297379
29578.45619 0.374412164383739
29591.96851 0.373816207486494
29605.48082 0.37323178423752
29618.99314 0.372668783216044
29632.50545 0.372127230393529
29646.01776 0.371617340271526
29659.53008 0.371136657416241
29673.04239 0.37069984860696
29686.55471 0.370279207125769
29700.06702 0.36988906882354
29713.57934 0.369564608204948
29727.09165 0.369281860684076
29740.60397 0.3690417915387
29754.11628 0.369182687405376
29767.62859 0.369513122954423
29781.14091 0.369357592656177
29794.65322 0.369234173409247
29808.16554 0.369001358941734
29821.67785 0.368706938834235
29835.19017 0.368431737431238
29848.70248 0.368173653684006
29862.21479 0.367920732803152
29875.72711 0.367670106392064
29889.23942 0.367781593574349
29902.75174 0.36759218536424
29916.26405 0.367504233090316
29929.77637 0.367403944985073
29943.28868 0.367297608187966
29956.801 0.367163523783096
29970.31331 0.367016741613628
29983.82562 0.366846049120254
29997.33794 0.36665079094169
30010.85025 0.366244162735872
30024.36257 0.366077422914257
30037.87488 0.365542865792527
30051.3872 0.364972087016427
30064.89951 0.364589840602798
30078.41182 0.364183202466723
30091.92414 0.363537957497206
30105.43645 0.362976556738628
30118.94877 0.362574124966183
30132.46108 0.362148466097783
30145.9734 0.361700528512737
30159.48571 0.361233798086813
30172.99803 0.360762594040411
30186.51034 0.360275149804795
30200.02265 0.359773573481343
30213.53497 0.359084462363694
30227.04728 0.358388718957471
30240.5596 0.35768465811501
30254.07191 0.356966470301346
30267.58423 0.356240621522834
30281.09654 0.355501402930026
30294.60886 0.354762930352306
30308.12117 0.354230493564191
30321.63348 0.353832961705408
30335.1458 0.353416163765563
30348.65811 0.352992583895724
30362.17043 0.352643098097398
30375.68274 0.352521449751027
30389.19506 0.352053786277537
30402.70737 0.351621657822633
30416.21968 0.351365977820722
30429.732 0.351094987307068
30443.24431 0.350807825653749
30456.75663 0.350504466128235
30470.26894 0.350187138260761
30483.78126 0.34999444246287
30497.29357 0.349882720109935
30510.80589 0.349425684015054
30524.3182 0.348937256975489
30537.83051 0.348440608780978
30551.34283 0.347947557015185
30564.85514 0.347454834984109
30578.36746 0.34697155602077
30591.87977 0.346495586459788
30605.39209 0.346201568886404
30618.9044 0.346166102213692
30632.41671 0.346155081729078
30645.92903 0.346165453948048
30659.44134 0.346594817500014
30672.95366 0.346683665234772
30686.46597 0.347030166185228
30699.97829 0.347290519255861
30713.4906 0.347205484469982
30727.00292 0.347141703349047
30740.51523 0.347108310684143
30754.02754 0.347106557331366
30767.53986 0.347127251137792
30781.05217 0.347169801765978
30794.56449 0.347236088153833
30808.0768 0.347530566312322
30821.58912 0.347975151604186
30835.10143 0.348421398942176
30848.61374 0.348868751742314
30862.12606 0.34931640591026
30875.63837 0.349752759929501
30889.15069 0.350175257452314
30902.663 0.35059466955096
30916.17532 0.351089586617866
30929.68763 0.351550503214207
30943.19995 0.352409961503487
30956.71226 0.35281539245948
30970.22457 0.35319375432159
30983.73689 0.353538016858438
30997.2492 0.35386327741049
31010.76152 0.354012158998968
31024.27383 0.35411028656487
31037.78615 0.354199692553359
31051.29846 0.354285215037602
31064.81078 0.354372071070756
31078.32309 0.354476713933319
31091.8354 0.354588857718545
31105.34772 0.354776997417259
31118.86003 0.355063511377222
31132.37235 0.355387205593514
31145.88466 0.355738483141531
31159.39698 0.356118080067079
31172.90929 0.356521188326955
31186.4216 0.356926651421777
31199.93392 0.357308184075369
31213.44623 0.358377240133559
31226.95855 0.358934865513829
31240.47086 0.359386742692872
31253.98318 0.359647447651965
31267.49549 0.359679134711242
31281.00781 0.359386978005465
31294.52012 0.358687092469937
31308.03243 0.35745306870585
31321.54475 0.355517338900928
31335.05706 0.352952183429217
31348.56938 0.349551680697028
31362.08169 0.34531470314838
31375.59401 0.340135607264166
31389.10632 0.333909463261944
31402.61863 0.326754801454281
31416.13095 0.318495405191618
31429.64326 0.309314160928402
31443.15558 0.299088329691622
31456.66789 0.287990914695959
31470.18021 0.276146827553021
31483.69252 0.263876093533887
31497.20484 0.250885711307318
31510.71715 0.237466496411958
31524.22946 0.223936706034905
31537.74178 0.21042122766631
31551.25409 0.197042897658268
31564.76641 0.184009743950899
31578.27872 0.171335260264706
31591.79104 0.159200013352779
31605.30335 0.147634067202823
31618.81566 0.13668948981686
31632.32798 0.126423289971141
31645.84029 0.116822588258063
31659.35261 0.107905866962071
31672.86492 0.0996518355963413
31686.37724 0.0920358012515998
31699.88955 0.0850222891837254
31713.40187 0.0786383874153614
31726.91418 0.0728403791846115
31740.42649 0.0674976905671739
31753.93881 0.0625869396103256
31767.45112 0.0580920062982251
31780.96344 0.0539892879388851
31794.47575 0.0502360628765875
31807.98807 0.0467924043798501
31821.50038 0.0436404526851988
31835.0127 0.0407534390808506
31848.52501 0.0381147684485488
31862.03732 0.0356950433941712
31875.54964 0.0334741023961349
31889.06195 0.0314389516160568
31902.57427 0.0295648692456327
31916.08658 0.0278417841514265
31929.5989 0.0262567185378722
31943.11121 0.0247914607924044
31956.62352 0.0234411376171207
31970.13584 0.0221938483968243
31983.64815 0.0210581341718989
31997.16047 0.019980274231814
32010.67278 0.0189773877363044
32024.1851 0.0180444520247372
32037.69741 0.0171773047095792
32051.20973 0.016366924878462
32064.72204 0.0156066376955463
32078.23435 0.0148928522771218
32091.74667 0.0142217503462097
32105.25898 0.0135945477549162
32118.7713 0.0130039420387026
32132.28361 0.0124286995886391
32145.79593 0.011900923122199
32159.30824 0.011400661302354
32172.82055 0.0109240881991372
32186.33287 0.0104717684123929
32199.84518 0.0100412644401926
32213.3575 0.00963466540720413
32226.86981 0.00924588279868519
32240.38213 0.00886484902515761
32253.89444 0.00849936082419884
32267.40676 0.00814924755276356
32280.91907 0.00781174479057815
32294.43138 0.00748798849755046
32307.9437 0.00717189265823054
32321.45601 0.00686612041026395
32334.96833 0.00657304587639406
32348.48064 0.00628777951930959
32361.99296 0.00601051472018554
32375.50527 0.00573778444208074
32389.01759 0.00547094796497209
32402.5299 0.00521405553793867
32416.04221 0.00496550446272246
32429.55453 0.00472488438061182
32443.06684 0.00449187703767983
32456.57916 0.00426676507688218
32470.09147 0.00404753849857899
32483.60379 0.00383462641679502
32497.1161 0.00362664402189481
32510.62841 0.00342668197759231
32524.14073 0.00323523525568919
32537.65304 0.00305312804969442
32551.16536 0.0028802080724315
32564.67767 0.00271080052644845
32578.18999 0.00254510142460086
32591.7023 0.00238818324668816
32605.21462 0.00223900270321727
32618.72693 0.00209948792189835
32632.23924 0.00196804689578317
32645.75156 0.00183885491332198
32659.26387 0.00171323862504998
32672.77619 0.0015969834666853
32686.2885 0.00148865459351797
32699.80082 0.00138507012010074
32713.31313 0.00128864678783593
32726.82544 0.00119983622132009
32740.33776 0.00111488433220617
32753.85007 0.00103375103639011
32767.36239 0.000960297745117416
32780.8747 0.000891998079151178
32794.38702 0.000825951601346851
32807.89933 0.000765285762415587
32821.41165 0.000710412145653452
32834.92396 0.000656632826265255
32848.43627 0.000606797415476545
32861.94859 0.000562425642373844
32875.4609 0.000520759762823703
32888.97322 0.000480869004256036
32902.48553 0.000444852053211927
32915.99785 0.000411012987479376
32929.51016 0.000378836099061177
32943.02247 0.00035003293298072
32956.53479 0.000323669382455288
32970.0471 0.000298025284565297
32983.55942 0.000275006450951245
32997.07173 0.000255878592825904
33010.58405 0.000236212748730146
33024.09636 0.000218330883844121
33037.60868 0.000203083924965489
33051.12099 0.000186819155187586
33064.6333 0.000170677835821992
33078.14562 0.000156107232145066
33091.65793 0.000144750624830924
33105.17025 0.000134450387632668
33118.68256 0.000123392476855322
33132.19488 0.000112812902868237
33145.70719 0.00010491401096835
33159.21951 9.77698432830281e-05
33172.73182 8.89802065051786e-05
33186.24413 8.22912598809729e-05
33199.75645 7.83104842031993e-05
33213.26876 7.53701396458803e-05
33226.78108 7.02809120174853e-05
33240.29339 6.66385967872987e-05
33253.80571 6.3687103872165e-05
33267.31802 6.02612506657387e-05
33280.83033 5.82436822787552e-05
33294.34265 5.58073701177024e-05
33307.85496 5.27581608292963e-05
33321.36728 4.9150127944058e-05
33334.87959 4.50733236876103e-05
33348.39191 4.26417778368035e-05
33361.90422 4.32812224788294e-05
33375.41654 4.2138626778017e-05
33388.92885 3.88474065664409e-05
33402.44116 3.59179364975954e-05
33415.95348 3.31111497478442e-05
33429.46579 3.20679751345746e-05
33442.97811 3.20019029355747e-05
33456.49042 3.33900185580521e-05
33470.00274 3.39547087507738e-05
33483.51505 3.42872076790694e-05
33497.02736 3.49320024519791e-05
33510.53968 3.36429392027946e-05
33524.05199 3.33891514190567e-05
33537.56431 3.23991673049289e-05
33551.07662 3.07564023329855e-05
33564.58894 2.840383331128e-05
33578.10125 2.68164270975074e-05
33591.61357 2.76591741622473e-05
33605.12588 2.86866058539111e-05
33618.63819 2.90077401407271e-05
33632.15051 2.81053366616165e-05
33645.66282 2.61499787897169e-05
33659.17514 2.57873325663328e-05
33672.68745 2.64312043069103e-05
33686.19977 2.56300225813032e-05
33699.71208 2.43153680739396e-05
33713.22439 2.45768619338762e-05
33726.73671 2.53023664942242e-05
33740.24902 2.56350155345479e-05
33753.76134 2.42610122882462e-05
33767.27365 2.42973033399084e-05
33780.78597 2.55880028179012e-05
33794.29828 2.60363416232698e-05
33807.8106 2.57726976286947e-05
33821.32291 2.45394472052377e-05
33834.83522 2.56634748207264e-05
33848.34754 2.56227764213107e-05
33861.85985 2.46790961718161e-05
33875.37217 2.19521774171636e-05
33888.88448 1.99799995321945e-05
33902.3968 2.04242654997255e-05
33915.90911 2.15761903512648e-05
33929.42143 2.30435307536356e-05
33942.93374 2.5395827088902e-05
33956.44605 2.6246303531938e-05
33969.95837 2.65949572400945e-05
33983.47068 2.58722111100815e-05
33996.983 2.49142245591157e-05
34010.49531 2.54587885006025e-05
34024.00763 2.73555082835801e-05
34037.51994 2.91471462477258e-05
34051.03225 2.89831044748519e-05
34064.54457 2.79293562877872e-05
34078.05688 2.66686733040155e-05
34091.5692 2.63397636572089e-05
34105.08151 2.57301588272997e-05
34118.59383 2.50330510547713e-05
34132.10614 2.57616241404206e-05
34145.61846 2.49573071899154e-05
34159.13077 2.60961863891071e-05
34172.64308 2.71969749916276e-05
34186.1554 2.93150500236696e-05
34199.66771 3.02316507970722e-05
34213.18003 2.99265190178405e-05
34226.69234 2.92083407596235e-05
34240.20466 3.00581672342575e-05
34253.71697 3.20019079198203e-05
34267.22928 3.20471068736589e-05
34280.7416 3.04846589902777e-05
34294.25391 2.80225552047477e-05
34307.76623 2.70727650076971e-05
34321.27854 2.92234385841021e-05
34334.79086 3.12356120390827e-05
34348.30317 3.25954676698486e-05
34361.81549 3.32814845477773e-05
34375.3278 3.21005300720293e-05
34388.84011 3.08965349996596e-05
34402.35243 2.99559484372959e-05
34415.86474 2.99352912239082e-05
34429.37706 3.00750228585422e-05
34442.88937 3.19673287995914e-05
34456.40169 3.4348455896114e-05
34469.914 3.51754154153312e-05
34483.42631 3.53059895395035e-05
34496.93863 3.5325641815431e-05
34510.45094 3.59435586456444e-05
34523.96326 3.42385422796991e-05
34537.47557 3.2968873484185e-05
34550.98789 3.64968899256373e-05
34564.5002 3.90608742833959e-05
34578.01252 3.95532173371763e-05
34591.52483 3.95353623255408e-05
34605.03714 3.84237350068102e-05
34618.54946 3.70521841484695e-05
34632.06177 3.4576665159646e-05
34645.57409 3.22471357187248e-05
34659.0864 3.14006138290429e-05
34672.59872 3.31598761106616e-05
34686.11103 3.51720521087957e-05
34699.62335 3.38940576732057e-05
34713.13566 3.30912992254031e-05
34726.64797 3.25834211351687e-05
34740.16029 3.08677148912063e-05
34753.6726 2.96656419961287e-05
34767.18492 2.99956870228775e-05
34780.69723 3.05532121397977e-05
34794.20955 2.90539600829212e-05
34807.72186 2.89421340839186e-05
34821.23417 3.20614350815001e-05
34834.74649 3.32982581873758e-05
34848.2588 3.41483135328708e-05
34861.77112 3.46139517001568e-05
34875.28343 3.46006369121612e-05
34888.79575 3.57499106729447e-05
34902.30806 3.52092220680619e-05
34915.82038 3.3972587036793e-05
34929.33269 3.22896483430109e-05
34942.845 3.29783371951423e-05
34956.35732 3.60666817201376e-05
34969.86963 3.64633322045444e-05
34983.38195 3.64790659716709e-05
34996.89426 3.49662147644043e-05
35010.40658 3.15808900479009e-05
35023.91889 3.07175246510792e-05
35037.4312 3.03155213829729e-05
35050.94352 2.99245374277033e-05
35064.45583 2.88023296634845e-05
35077.96815 2.63680493823522e-05
35091.48046 2.60078201897775e-05
35104.99278 2.578056314736e-05
35118.50509 2.55521421662815e-05
35132.01741 2.57457922393953e-05
35145.52972 2.37646225671177e-05
35159.04203 2.22847526965577e-05
35172.55435 2.06190872238209e-05
35186.06666 1.8846427330979e-05
35199.57898 1.79429722025892e-05
35213.09129 1.74007189018703e-05
35226.60361 1.67339355551448e-05
35240.11592 1.49653802260092e-05
35253.62824 1.25542496939783e-05
35267.14055 1.25557207593205e-05
35280.65286 1.3454298955266e-05
35294.16518 1.28388166680392e-05
35307.67749 1.05064847873073e-05
35321.18981 1.00868573131245e-05
35334.70212 1.00888694610658e-05
35348.21444 1.03209022891008e-05
35361.72675 1.01784375663979e-05
35375.23906 9.90744593482488e-06
35388.75138 1.06493141999864e-05
35402.26369 1.18554431185654e-05
35415.77601 1.07437601186777e-05
35429.28832 8.80897660635399e-06
35442.80064 7.55314342829647e-06
35456.31295 7.33872727737311e-06
35469.82527 9.03888612674028e-06
35483.33758 1.22151835475792e-05
35496.84989 1.26098049328689e-05
35510.36221 1.13893269445415e-05
35523.87452 8.95051346224226e-06
35537.38684 9.05641994291362e-06
35550.89915 1.13429668644138e-05
35564.41147 1.29235297117898e-05
35577.92378 1.26285371971731e-05
35591.43609 1.15773773292617e-05
35604.94841 1.26206289490882e-05
35618.46072 1.41115899214634e-05
35631.97304 1.3935282274202e-05
35645.48535 1.41064721112234e-05
35658.99767 1.41682509264056e-05
35672.50998 1.47945732896091e-05
35686.0223 1.5997611110661e-05
35699.53461 1.64752961105866e-05
35713.04692 1.66486873051363e-05
35726.55924 1.59984547866153e-05
35740.07155 1.59429948181457e-05
35753.58387 1.68943970542059e-05
35767.09618 1.78599255299562e-05
35780.6085 1.83167590529605e-05
35794.12081 1.77165181986853e-05
35807.63312 1.64283826342207e-05
35821.14544 1.81252507207055e-05
35834.65775 1.97425848622038e-05
35848.17007 2.02320427933971e-05
35861.68238 2.05339614798043e-05
35875.1947 1.99617790669487e-05
35888.70701 1.98793224609908e-05
35902.21933 2.02253410851485e-05
35915.73164 2.00119335499624e-05
35929.24395 2.03549568541917e-05
35942.75627 2.05155346990217e-05
35956.26858 2.16607637299327e-05
35969.7809 2.40711145923801e-05
35983.29321 2.42168846740031e-05
35996.80553 2.35958229248752e-05
36010.31784 2.35726571825954e-05
36023.83016 2.31583759692763e-05
36037.34247 2.22842894504861e-05
36050.85478 2.16650512244229e-05
36064.3671 2.01889169477358e-05
36077.87941 1.97930740207067e-05
36091.39173 1.96642258286902e-05
36104.90404 2.21938390566707e-05
36118.41636 2.5421806430732e-05
36131.92867 2.54136359530958e-05
36145.44098 2.57795369767167e-05
36158.9533 2.56684079290144e-05
36172.46561 2.50188962169824e-05
36185.97793 2.61688290090926e-05
36199.49024 2.67255500109028e-05
36213.00256 2.57305794504038e-05
36226.51487 2.55014477034499e-05
36240.02719 2.59177726475352e-05
36253.5395 2.68847024093087e-05
36267.05181 2.81480076282053e-05
36280.56413 3.03594607568104e-05
36294.07644 3.31121494754104e-05
36307.58876 3.42197732582078e-05
36321.10107 3.46392875562301e-05
36334.61339 3.35259154645085e-05
36348.1257 3.13616309419623e-05
36361.63801 3.19848964562029e-05
36375.15033 3.27779278380649e-05
36388.66264 3.22673201497311e-05
36402.17496 3.37730289630553e-05
36415.68727 3.49947433364635e-05
36429.19959 3.45037340391046e-05
36442.7119 3.49770381500742e-05
36456.22422 3.51227316005869e-05
36469.73653 3.48220100177952e-05
36483.24884 3.52587670225165e-05
36496.76116 3.4881478098745e-05
36510.27347 3.39247798218894e-05
36523.78579 3.27063753582338e-05
36537.2981 3.27451678029924e-05
36550.81042 3.46694140453811e-05
36564.32273 3.39394592782945e-05
36577.83504 3.24370151334119e-05
36591.34736 3.44326722791744e-05
36604.85967 3.68743653772628e-05
36618.37199 3.84698473346875e-05
36631.8843 4.0445115778939e-05
36645.39662 4.09920884479072e-05
36658.90893 4.08532144872878e-05
36672.42125 4.14555380390387e-05
36685.93356 4.16363992220804e-05
36699.44587 4.18268894632752e-05
36712.95819 4.26526659333117e-05
36726.4705 4.4148551289207e-05
36739.98282 4.50684013657226e-05
36753.49513 4.42109045265964e-05
36767.00745 4.29209520714217e-05
36780.51976 4.22556935900125e-05
36794.03208 4.08859788135349e-05
36807.54439 3.86019783951354e-05
36821.0567 3.67050359211252e-05
36834.56902 3.85571216145252e-05
36848.08133 4.39758382846806e-05
36861.59365 4.63655336289644e-05
36875.10596 4.59785804657401e-05
36888.61828 4.61940793025825e-05
36902.13059 4.47503281881149e-05
36915.6429 4.31979063516161e-05
36929.15522 4.41539696709253e-05
36942.66753 4.57905555422023e-05
36956.17985 4.76297449525607e-05
36969.69216 4.84570720043391e-05
36983.20448 4.64065159540597e-05
36996.71679 4.4132583500018e-05
37010.22911 4.26890794479689e-05
37023.74142 4.17279028814927e-05
37037.25373 4.29850477990479e-05
37050.76605 4.52685775705427e-05
37064.27836 4.66505809948705e-05
37077.79068 4.74764548822481e-05
37091.30299 4.73987467159685e-05
37104.81531 4.68314950004853e-05
37118.32762 4.61467809009949e-05
37131.83993 4.46088656890481e-05
37145.35225 4.31700894191032e-05
37158.86456 4.16726721219065e-05
37172.37688 3.98713869560465e-05
37185.88919 4.09737119785774e-05
37199.40151 4.43223689431628e-05
37212.91382 4.59003723213266e-05
37226.42614 4.6016444048204e-05
37239.93845 4.39167512633159e-05
37253.45076 4.04070207907055e-05
37266.96308 3.99213949517607e-05
37280.47539 4.17248966679756e-05
37293.98771 4.29008911788013e-05
37307.50002 4.44239187023842e-05
37321.01234 4.63340529904466e-05
37334.52465 4.73502711057865e-05
37348.03696 4.77959603939808e-05
37361.54928 4.67324370810622e-05
37375.06159 4.44870933921277e-05
37388.57391 4.24469106835729e-05
37402.08622 4.06599177907545e-05
37415.59854 4.03500424126982e-05
37429.11085 4.06868674481105e-05
37442.62317 4.04410301223336e-05
37456.13548 4.23947845349274e-05
37469.64779 4.60505767284438e-05
37483.16011 4.68920776011661e-05
37496.67242 4.51409551001158e-05
37510.18474 4.36705548519609e-05
37523.69705 4.36079208114365e-05
37537.20937 4.50528135064068e-05
37550.72168 4.5656698226334e-05
37564.234 4.43648475105101e-05
37577.74631 4.29631059289283e-05
37591.25862 4.12528641313969e-05
37604.77094 3.93676276265531e-05
37618.28325 3.90150630260823e-05
37631.79557 3.91539676210056e-05
37645.30788 3.81494203147134e-05
37658.8202 3.6033549457887e-05
37672.33251 3.3076454588249e-05
37685.84482 3.1760761596488e-05
37699.35714 3.39518890515553e-05
37712.86945 3.61442203919687e-05
37726.38177 3.53774916532537e-05
37739.89408 3.42976212788153e-05
37753.4064 3.42421107860022e-05
37766.91871 3.45665231118808e-05
37780.43103 3.50711009675104e-05
37793.94334 3.515681637807e-05
37807.45565 3.45250915146178e-05
37820.96797 3.37665516252668e-05
37834.48028 3.26779495405857e-05
37847.9926 3.20721378119086e-05
37861.50491 3.24209289196943e-05
37875.01723 3.14576588285989e-05
37888.52954 2.97090313529394e-05
37902.04185 2.97888688229429e-05
37915.55417 3.09501053914593e-05
37929.06648 3.16617718488901e-05
37942.5788 3.30790968865206e-05
37956.09111 3.41571126961669e-05
37969.60343 3.48837128003557e-05
37983.11574 3.53059643964161e-05
37996.62806 3.47628910488659e-05
38010.14037 3.36116483065036e-05
38023.65268 3.29625051146699e-05
38037.165 3.29686744028908e-05
38050.67731 3.26770879070178e-05
38064.18963 3.08773860934683e-05
38077.70194 2.95603119583523e-05
38091.21426 3.10788899738626e-05
38104.72657 3.32327591971729e-05
38118.23889 3.38454181229409e-05
38131.7512 3.29125016829832e-05
38145.26351 3.0742900250118e-05
38158.77583 2.93290169190396e-05
38172.28814 3.00038594984634e-05
38185.80046 3.02889250700249e-05
38199.31277 2.92037295673611e-05
38212.82509 2.95498087657209e-05
38226.3374 3.09119140342085e-05
38239.84971 3.06017119691136e-05
38253.36203 2.94132771015082e-05
38266.87434 2.91379473166922e-05
38280.38666 2.91022916407381e-05
38293.89897 2.85034614098433e-05
38307.41129 2.68178800123597e-05
38320.9236 2.4622068346511e-05
38334.43592 2.49453869551541e-05
38347.94823 2.68263458031875e-05
38361.46054 2.7192329519696e-05
38374.97286 2.8123533210672e-05
38388.48517 2.87687010552294e-05
38401.99749 2.72953556084983e-05
38415.5098 2.71641367353376e-05
38429.02212 2.78936801025665e-05
38442.53443 2.74316426899369e-05
38456.04674 2.76498580701313e-05
38469.55906 2.84776544195669e-05
38483.07137 2.7654611738619e-05
38496.58369 2.56596672074412e-05
38510.096 2.49275450000634e-05
38523.60832 2.53511966160042e-05
38537.12063 2.51413313650694e-05
38550.63295 2.44343374894588e-05
38564.14526 2.35438477943247e-05
38577.65757 2.2940678015889e-05
38591.16989 2.21717944150172e-05
38604.6822 2.05292676819948e-05
38618.19452 2.20430446251373e-05
38631.70683 2.64538155964604e-05
38645.21915 2.74179227553181e-05
38658.73146 2.63764027588841e-05
38672.24377 2.67518548982321e-05
38685.75609 2.66370356548785e-05
38699.2684 2.58756777432535e-05
38712.78072 2.61700740220452e-05
38726.29303 2.72430756763265e-05
38739.80535 2.65806749401743e-05
38753.31766 2.5028567865559e-05
38766.82998 2.44152993994078e-05
38780.34229 2.49749416980007e-05
38793.8546 2.56199156496032e-05
38807.36692 2.54447288160843e-05
38820.87923 2.50894607953595e-05
38834.39155 2.59771487533913e-05
38847.90386 2.62476870471807e-05
38861.41618 2.59544741748629e-05
38874.92849 2.67674727122836e-05
38888.44081 2.78087625618389e-05
38901.95312 2.79444640861362e-05
38915.46543 2.79541230888321e-05
38928.97775 2.77230947778931e-05
38942.49006 2.70696366701929e-05
38956.00238 2.70160871705114e-05
38969.51469 2.81018479349852e-05
38983.02701 2.84524800789091e-05
38996.53932 2.80440967480456e-05
39010.05163 2.88680690621266e-05
39023.56395 2.91834677008011e-05
39037.07626 2.74989315111676e-05
39050.58858 2.56313989295834e-05
39064.10089 2.59042258589707e-05
39077.61321 2.84505740586466e-05
39091.12552 3.07703343577993e-05
39104.63784 3.07621068222189e-05
39118.15015 2.9321168286135e-05
39131.66246 2.81430077019574e-05
39145.17478 2.65860154908843e-05
39158.68709 2.55260708576091e-05
39172.19941 2.79277897821064e-05
39185.71172 3.08263946427423e-05
39199.22404 3.13785566498123e-05
39212.73635 3.00722775821277e-05
39226.24866 2.71106603912347e-05
39239.76098 2.4512722945361e-05
39253.27329 2.48557598526536e-05
39266.78561 2.67200468425975e-05
39280.29792 2.71288393933229e-05
39293.81024 2.61858572085631e-05
39307.32255 2.58395194720691e-05
39320.83487 2.51553615166581e-05
39334.34718 2.47439171383239e-05
39347.85949 2.63741686760114e-05
39361.37181 2.87350809275489e-05
39374.88412 3.06907368736238e-05
39388.39644 3.13832467972593e-05
39401.90875 3.02830629391753e-05
39415.42107 2.84138471271264e-05
39428.93338 2.75026065733909e-05
39442.44569 2.78164928503995e-05
39455.95801 2.73577241312784e-05
39469.47032 2.6107961599848e-05
39482.98264 2.54853570663185e-05
39496.49495 2.61316097436919e-05
39510.00727 2.77279876209001e-05
39523.51958 2.88250856350714e-05
39537.0319 2.85394559575302e-05
39550.54421 2.76698216134511e-05
39564.05652 2.63920977061783e-05
39577.56884 2.39863609332658e-05
39591.08115 2.20157674349557e-05
39604.59347 2.08885620710881e-05
39618.10578 1.9075147523764e-05
39631.6181 1.95603343490133e-05
39645.13041 2.29816136929693e-05
39658.64273 2.62492141254155e-05
39672.15504 2.54553363331938e-05
39685.66735 2.2856283935256e-05
39699.17967 2.1792718026942e-05
39712.69198 2.10767770728756e-05
39726.2043 2.09642302060012e-05
39739.71661 2.23369668612502e-05
39753.22893 2.3499270379118e-05
39766.74124 2.4261428660245e-05
39780.25355 2.47917597918694e-05
39793.76587 2.44311337738349e-05
39807.27818 2.35953812292357e-05
39820.7905 2.49085579901708e-05
39834.30281 2.7368752332399e-05
39847.81513 2.69217216317854e-05
39861.32744 2.59674702466764e-05
39874.83976 2.56424254790055e-05
39888.35207 2.53501492200721e-05
39901.86438 2.49757446337196e-05
39915.3767 2.47689143768334e-05
39928.88901 2.45425059711596e-05
39942.40133 2.37956396258293e-05
39955.91364 2.38018249335966e-05
39969.42596 2.36528220429991e-05
39982.93827 2.35231049233461e-05
39996.45058 2.39267577156298e-05
40009.9629 2.40363537446655e-05
40023.47521 2.29281139507059e-05
40036.98753 2.09414998824295e-05
40050.49984 1.97107575451511e-05
40064.01216 1.95657907211958e-05
40077.52447 2.14410968831739e-05
40091.03679 2.40697621946073e-05
40104.5491 2.50292360727178e-05
40118.06141 2.37699243263309e-05
40131.57373 2.23009957584331e-05
40145.08604 2.19717841528536e-05
40158.59836 2.17106641894061e-05
40172.11067 2.17595450810122e-05
40185.62299 2.15862727801322e-05
40199.1353 2.04894896766984e-05
40212.64761 2.00155838504115e-05
40226.15993 2.1053144065476e-05
40239.67224 2.3219836025569e-05
40253.18456 2.46397663872199e-05
40266.69687 2.47403095197064e-05
40280.20919 2.29898864517532e-05
40293.7215 2.11866217237045e-05
40307.23382 1.92738239715958e-05
40320.74613 1.78453221304397e-05
40334.25844 1.77567311466819e-05
40347.77076 1.68700710366484e-05
40361.28307 1.64668000210121e-05
40374.79539 1.51603296350879e-05
40388.3077 1.27561493344317e-05
40401.82002 1.17486630233483e-05
40415.33233 1.07153272798709e-05
40428.84465 1.09604270767222e-05
40442.35696 1.02570920072199e-05
40455.86927 1.05480168937678e-05
40469.38159 1.14596585946896e-05
40482.8939 1.28733377269807e-05
40496.40622 1.35564378041719e-05
40509.91853 1.36573720354017e-05
40523.43085 1.14093315979984e-05
40536.94316 9.71214334940436e-06
40550.45547 9.15995557970702e-06
40563.96779 1.04746524271315e-05
40577.4801 1.30026878751976e-05
40590.99242 1.3360491746312e-05
40604.50473 1.12122042885783e-05
40618.01705 9.8264906485703e-06
40631.52936 1.01117282685307e-05
40645.04168 1.12701880164899e-05
40658.55399 1.23513488278545e-05
40672.0663 1.06849449560352e-05
40685.57862 9.08411207618206e-06
40699.09093 8.75437720570227e-06
40712.60325 9.30872771774491e-06
40726.11556 9.9746046293635e-06
40739.62788 8.60332964421914e-06
40753.14019 7.29666404411211e-06
40766.6525 6.29788922107352e-06
40780.16482 4.8525060297044e-06
40793.67713 4.91322707554496e-06
40807.18945 6.61025543874948e-06
40820.70176 9.09171146245792e-06
40834.21408 9.68612986081004e-06
40847.72639 9.87901149203075e-06
40861.23871 8.33888985720019e-06
40874.75102 6.25428709826892e-06
40888.26333 5.73574040269937e-06
40901.77565 6.660097037553e-06
40915.28796 7.49531906576514e-06
40928.80028 7.86885000371231e-06
40942.31259 9.14269770027849e-06
40955.82491 1.04304690161516e-05
40969.33722 1.07083201939623e-05
40982.84953 8.79624759054884e-06
40996.36185 7.8402463119542e-06
41009.87416 8.57101637198337e-06
41023.38648 7.53315309050888e-06
41036.89879 7.30731077406364e-06
41050.41111 7.53078082290849e-06
41063.92342 8.2435620609624e-06
41077.43574 8.72419387509561e-06
41090.94805 8.09791539807109e-06
41104.46036 6.88538565156054e-06
41117.97268 5.51649043205533e-06
41131.48499 4.73590533449853e-06
41144.99731 4.93023669027638e-06
41158.50962 4.69028850859308e-06
41172.02194 2.83981482105501e-06
41185.53425 2.57937568014767e-06
41199.04657 2.8873911081733e-06
41212.55888 3.36198371172557e-06
41226.07119 2.49080102098374e-06
41239.58351 2.23754596078169e-06
41253.09582 2.28642857569837e-06
41266.60814 3.0990857265904e-06
41280.12045 3.91757027410722e-06
41293.63277 4.88471886668871e-06
41307.14508 4.67844841859228e-06
41320.65739 5.38371480718454e-06
41334.16971 8.20183498735831e-06
41347.68202 8.3192983601631e-06
41361.19434 5.97540130022495e-06
41374.70665 3.84805284943783e-06
41388.21897 3.26688076616448e-06
41401.73128 3.22985562010389e-06
41415.2436 3.72744198254902e-06
41428.75591 3.99251787413694e-06
41442.26822 3.81133568633827e-06
41455.78054 3.69017285263657e-06
41469.29285 3.99921201541233e-06
41482.80517 4.10824585168006e-06
41496.31748 4.24404325662765e-06
41509.8298 4.50176816588375e-06
41523.34211 5.36544504547304e-06
41536.85442 5.04706928093955e-06
41550.36674 3.24244986042578e-06
41563.87905 3.05852751308663e-06
41577.39137 2.92427799679809e-06
41590.90368 3.4918652255697e-06
41604.416 3.86057655845072e-06
41617.92831 5.29593795638598e-06
41631.44063 4.95530166569131e-06
41644.95294 5.73906479253576e-06
41658.46525 5.40307878417741e-06
41671.97757 2.74455461127011e-06
41685.48988 6.13786014250926e-08
41699.0022 1.27130055043021e-08
41712.51451 5.6850128994543e-07
41726.02683 1.73020046207443e-06
41739.53914 2.3616465505677e-06
41753.05146 2.60069477221725e-06
41766.56377 2.98357686957008e-06
41780.07608 3.3475375597173e-06
41793.5884 3.49954977952263e-06
41807.10071 3.36870093229741e-06
41820.61303 2.30113352129105e-06
41834.12534 1.33867154019866e-06
41847.63766 2.22346863347062e-07
41861.14997 2.1064362624368e-07
41874.66228 3.02952153916113e-07
41888.1746 6.31794296052531e-07
41901.68691 1.70217237486003e-06
41915.19923 2.73773997107722e-06
41928.71154 2.57288379789963e-06
41942.22386 1.55840375405286e-06
41955.73617 1.2899298128696e-06
41969.24849 1.57116050367987e-06
41982.7608 1.66234260377418e-06
41996.27311 1.70638531892957e-06
42009.78543 1.8100601839548e-06
42023.29774 8.64469580628744e-07
42036.81006 1.15738367377801e-07
42050.32237 1.42299954435419e-06
42063.83469 2.24647573949017e-06
42077.347 1.75868425663709e-06
42090.85931 2.08216200188547e-06
42104.37163 2.24590986019781e-06
42117.88394 3.63850104443325e-06
42131.39626 5.23938201790069e-06
42144.90857 6.34508805711028e-06
42158.42089 5.85647680135929e-06
42171.9332 2.89244661678714e-06
42185.44552 1.33697623327041e-06
42198.95783 1.41102641280354e-06
42212.47014 1.66310492548159e-06
42225.98246 3.20873738238877e-06
42239.49477 3.83448758379276e-06
42253.00709 4.39907255930616e-06
42266.5194 3.94183116090446e-06
42280.03172 3.12280967077154e-06
42293.54403 2.66149185037955e-06
42307.05634 3.5700891141174e-06
42320.56866 4.47707767665499e-06
42334.08097 5.09963606077972e-06
42347.59329 5.29762206827636e-06
42361.1056 4.49137570354856e-06
42374.61792 3.81776235381745e-06
42388.13023 3.43100714309561e-06
42401.64255 4.26372296115922e-06
42415.15486 5.4586093536472e-06
42428.66717 5.41128065858181e-06
42442.17949 3.58342548496429e-06
42455.6918 2.26434545855619e-06
42469.20412 1.44562088121512e-06
42482.71643 3.41110540799569e-07
42496.22875 5.58643054293145e-09
42509.74106 4.19369564004725e-08
42523.25338 1.24459309826734e-08
42536.76569 1.48726965937939e-08
42550.278 1.39641332607005e-06
42563.79032 1.52803951866646e-06
42577.30263 9.25390589940238e-07
42590.81495 9.02930325178947e-07
42604.32726 1.89002734450712e-06
42617.83958 3.021632068574e-06
42631.35189 2.11023176166549e-06
42644.8642 2.04420903546656e-06
42658.37652 2.99449593746128e-06
42671.88883 3.44050588024135e-06
42685.40115 1.97411528897058e-06
42698.91346 1.11071428115774e-06
42712.42578 1.64919235218454e-06
42725.93809 2.55287327848535e-06
42739.45041 2.80504171991603e-06
42752.96272 2.45255244454439e-06
42766.47503 2.26400565219933e-06
42779.98735 2.73533873746023e-06
42793.49966 4.0963845649966e-06
42807.01198 4.63085041264081e-06
42820.52429 3.72242551705179e-06
42834.03661 2.30798149715889e-06
42847.54892 1.52373970020553e-06
42861.06123 6.05475107462392e-07
42874.57355 4.03157239112713e-08
42888.08586 2.37688769302067e-07
42901.59818 1.31757306384947e-06
42915.11049 2.78240080134248e-06
42928.62281 2.22090591756428e-06
42942.13512 1.5890864000685e-07
42955.64744 6.586631946284e-09
42969.15975 9.20502207537735e-08
42982.67206 2.73324420198616e-07
42996.18438 4.77513263213364e-07
43009.69669 3.74361435400765e-07
43023.20901 9.31367793607418e-08
43036.72132 9.06103351165628e-09
43050.23364 1.94109622891416e-08
43063.74595 1.01241980491745e-06
43077.25826 1.82952920090505e-06
43090.77058 1.70324220379513e-06
43104.28289 1.8150196616325e-06
43117.79521 2.38379240965415e-06
43131.30752 2.79921903518586e-06
43144.81984 2.56859594145541e-06
43158.33215 1.60415388505528e-06
43171.84447 2.18651975007581e-06
43185.35678 2.9183034466976e-06
43198.86909 2.74364048028204e-06
43212.38141 2.13195283036025e-06
43225.89372 1.33794747349554e-06
43239.40604 8.74144238496312e-07
43252.91835 6.99683522541288e-07
43266.43067 1.18552455753083e-06
43279.94298 2.38956991793993e-06
43293.4553 2.19944117047927e-06
43306.96761 8.71486043121689e-07
43320.47992 3.41826697469835e-07
43333.99224 2.11128956016899e-07
43347.50455 1.46752630355446e-06
43361.01687 2.60926890253149e-06
43374.52918 2.20301590898644e-06
43388.0415 2.1514714552294e-06
43401.55381 1.56042248818982e-06
43415.06612 1.06651390965986e-06
43428.57844 2.85104653047677e-06
43442.09075 2.88346711739972e-06
43455.60307 1.88356530743369e-06
43469.11538 8.4174566914438e-07
43482.6277 8.93506793430683e-07
43496.14001 8.53132241113844e-07
43509.65233 1.00034557856095e-06
43523.16464 2.65797751268651e-06
43536.67695 2.59381425327049e-06
43550.18927 2.75349210992013e-06
43563.70158 2.81642064013188e-06
43577.2139 2.877655468334e-06
43590.72621 3.17146988519051e-06
43604.23853 3.79267564345901e-06
43617.75084 3.70661368169198e-06
43631.26315 3.5022466734409e-06
43644.77547 3.11434602861281e-06
43658.28778 3.42825302266554e-06
43671.8001 3.51942850988586e-06
43685.31241 1.64732795152541e-06
43698.82473 1.12465553191137e-06
43712.33704 4.18659045990022e-07
43725.84936 1.33961496537594e-08
43739.36167 1.14552068408221e-08
43752.87398 1.81809411390508e-07
43766.3863 7.31973853477341e-09
43779.89861 2.46121874025201e-08
43793.41093 4.61812596619604e-07
43806.92324 1.70097057467612e-06
43820.43556 1.64945665064415e-06
43833.94787 1.58672900347494e-06
43847.46018 1.47447501271588e-06
43860.9725 1.28338693384798e-06
43874.48481 1.00149320636563e-06
43887.99713 1.39746434488002e-06
43901.50944 1.28783128852148e-06
43915.02176 8.42592990551145e-07
43928.53407 6.63271251134785e-07
43942.04639 6.82184059682627e-07
43955.5587 1.20383820980682e-06
43969.07101 1.44816442418768e-06
43982.58333 1.48231090463559e-06
43996.09564 1.15498515001744e-06
44009.60796 1.22374566519553e-06
44023.12027 1.53221297019788e-06
44036.63259 1.7446237302837e-06
44050.1449 1.07289015173635e-06
44063.65722 1.50556824079736e-07
44077.16953 1.25205644731441e-08
44090.68184 7.94487389797125e-09
44104.19416 2.0821645221399e-07
44117.70647 1.43425022522172e-07
44131.21879 8.12596025558436e-07
44144.7311 1.14184418677391e-06
44158.24342 5.32031909769625e-07
44171.75573 1.47443993688007e-07
44185.26804 2.24093018419225e-08
44198.78036 5.4921697819307e-09
44212.29267 8.8758965526345e-08
44225.80499 4.75927834234377e-07
44239.3173 1.57133318120433e-06
44252.82962 1.06584753832138e-06
44266.34193 3.20987064709844e-07
44279.85425 9.17498776473654e-07
44293.36656 2.29526650841285e-06
44306.87887 2.03592103138759e-06
44320.39119 2.99079813621519e-06
44333.9035 4.16631585953079e-06
44347.41582 3.75143459937181e-06
44360.92813 1.7281962119095e-06
44374.44045 9.50982532391975e-07
44387.95276 9.91913975565732e-07
44401.46507 4.96909329602555e-07
44414.97739 3.51657082957288e-08
44428.4897 7.27696490125743e-09
44442.00202 3.34798935099541e-07
44455.51433 1.7364555202901e-06
44469.02665 2.89953657268105e-06
44482.53896 3.21601287453026e-06
44496.05128 3.94129835196551e-06
44509.56359 4.54333417460962e-06
44523.0759 4.75753761978209e-06
44536.58822 3.93105776209921e-06
44550.10053 3.29857310023959e-06
44563.61285 3.18169848419371e-06
44577.12516 3.38569900217321e-06
44590.63748 3.32811297215091e-06
44604.14979 3.02299257296978e-06
44617.66211 2.7381667061568e-06
44631.17442 2.14219212150886e-06
44644.68673 2.05092191800078e-06
44658.19905 3.29437609001773e-06
44671.71136 4.28081298204461e-06
44685.22368 3.91912980457752e-06
44698.73599 2.15416017611275e-06
44712.24831 1.99217906531776e-06
44725.76062 2.20290018304368e-06
44739.27293 2.56372271837919e-06
44752.78525 3.04349213574059e-06
44766.29756 3.45488603890559e-06
44779.80988 3.49772402647697e-06
44793.32219 4.00309535338347e-06
44806.83451 3.47164407379256e-06
44820.34682 3.61512559911781e-06
44833.85914 4.04364858276492e-06
44847.37145 5.12594265176952e-06
44860.88376 4.6402934142436e-06
44874.39608 4.04670774587644e-06
44887.90839 3.28895441251423e-06
44901.42071 3.23422179410487e-06
44914.93302 4.0737056323761e-06
44928.44534 5.51504551366328e-06
44941.95765 5.87687852237768e-06
44955.46996 4.37679642368235e-06
44968.98228 3.90937749346406e-06
44982.49459 3.53815298390317e-06
44996.00691 3.84194895782069e-06
45009.51922 5.23383815066207e-06
45023.03154 4.75460047571788e-06
45036.54385 4.18187237437521e-06
45050.05617 4.36726495158398e-06
45063.56848 5.48028146315319e-06
45077.08079 5.2916378830815e-06
45090.59311 4.76992480642005e-06
45104.10542 4.38624284652822e-06
45117.61774 4.3097350503434e-06
45131.13005 3.50188266068199e-06
45144.64237 2.31241824787988e-06
45158.15468 2.18314214351044e-06
45171.66699 2.59764518863598e-06
45185.17931 3.24509232123433e-06
45198.69162 3.61528123685259e-06
45212.20394 4.13057367417875e-06
45225.71625 4.55363415972611e-06
45239.22857 4.7035342409179e-06
45252.74088 3.52578408393908e-06
45266.2532 2.81100678575745e-06
45279.76551 2.51964384396231e-06
45293.27782 3.54724722474191e-06
45306.79014 4.72010961386209e-06
45320.30245 4.90474785276113e-06
45333.81477 4.99131800132289e-06
45347.32708 5.02822069932729e-06
45360.8394 5.2133764791946e-06
45374.35171 4.87206980891243e-06
45387.86403 4.51295531930935e-06
45401.37634 4.13418268096111e-06
45414.88865 3.89598000937174e-06
45428.40097 4.14288394424005e-06
45441.91328 4.42582344413776e-06
45455.4256 5.71642869673027e-06
45468.93791 6.74313331128808e-06
45482.45023 7.25670985962461e-06
45495.96254 7.15858477619705e-06
45509.47485 6.88059310249638e-06
45522.98717 6.05984384950955e-06
45536.49948 4.81132756184934e-06
45550.0118 3.31371880478929e-06
45563.52411 2.80580120215016e-06
45577.03643 3.1974836634292e-06
45590.54874 3.66560934836266e-06
45604.06106 4.25754501014879e-06
45617.57337 4.54611561924767e-06
45631.08568 3.69952143186585e-06
45644.598 2.41855152889137e-06
45658.11031 1.53656025425368e-06
45671.62263 1.37879051137874e-06
45685.13494 1.73190011238424e-06
45698.64726 3.56659300836409e-06
45712.15957 3.99890477231342e-06
45725.67188 3.65503206705319e-06
45739.1842 2.87641962041118e-06
45752.69651 1.9677279991214e-06
45766.20883 1.18658893501823e-06
45779.72114 1.09320020162042e-06
45793.23346 1.30061045826273e-06
45806.74577 2.29780146260212e-06
45820.25809 3.50954377613617e-06
45833.7704 2.72315914800476e-06
45847.28271 1.83652154144293e-06
45860.79503 1.36464411138481e-06
45874.30734 1.55432629008531e-06
45887.81966 2.17684305704741e-06
45901.33197 2.82931750965225e-06
45914.84429 3.0936915430931e-06
45928.3566 3.09683150683029e-06
45941.86891 3.69092399758352e-06
45955.38123 1.04276386293886e-06
45968.89354 9.29517864692155e-08
45982.40586 5.33102829128852e-09
45995.91817 5.22596515964553e-09
46009.43049 5.22315261391587e-09
46022.9428 5.22030351820466e-09
46036.45512 5.21742222694561e-09
46049.96743 5.21450943059772e-09
46063.47974 5.21156015493952e-09
46076.99206 5.40472022033711e-08
46090.50437 7.97157720025585e-07
46104.01669 1.61814659546385e-06
46117.529 2.67419454404426e-06
46131.04132 3.67738376777128e-06
46144.55363 3.58612450525098e-06
46158.06595 1.26934452197436e-06
46171.57826 1.87818342506237e-07
46185.09057 5.59296145867397e-08
46198.60289 1.17919115409894e-07
46212.1152 1.68340734543614e-07
46225.62752 2.48719586116935e-07
46239.13983 4.58098468711052e-07
46252.65215 9.33768745799649e-07
46266.16446 1.89363712416501e-06
46279.67677 2.62316123499016e-06
46293.18909 2.13074452643242e-06
46306.7014 1.03503223331902e-06
46320.21372 1.95815923282451e-07
46333.72603 6.79100964958223e-07
46347.23835 7.02726984848859e-07
46360.75066 5.62549247757358e-07
46374.26298 4.90344841280592e-07
46387.77529 7.93720588477592e-07
46401.2876 1.42510843150146e-06
46414.79992 2.00885422004841e-06
46428.31223 1.9365863365881e-06
46441.82455 1.89464353443121e-06
46455.33686 1.58837713359903e-06
46468.84918 1.64457482104938e-06
46482.36149 2.253047551334e-06
46495.8738 3.12968713421457e-06
46509.38612 3.32789875726758e-06
46522.89843 3.24534956314769e-06
46536.41075 2.56241125958984e-06
46549.92306 1.61867501927293e-06
46563.43538 1.13189190100907e-06
46576.94769 1.46633565711922e-06
46590.46001 2.73250654686296e-06
46603.97232 2.21370812652727e-06
46617.48463 1.02890806565311e-06
46630.99695 4.02602630851821e-06
46644.50926 6.0088564709398e-06
46658.02158 4.37263007913475e-06
46671.53389 3.13667616430654e-06
46685.04621 2.82207044493873e-06
46698.55852 2.76630924109775e-06
46712.07083 2.89444158170961e-06
46725.58315 2.64869561139277e-06
46739.09546 2.2396398631354e-06
46752.60778 2.44650232950335e-06
46766.12009 2.67171828216221e-06
46779.63241 2.78561482005443e-06
46793.14472 3.65952950077854e-06
46806.65704 4.41225381451602e-06
46820.16935 4.86475013787988e-06
46833.68166 4.98427377711926e-06
46847.19398 4.06343215819836e-06
46860.70629 3.77284545257367e-06
46874.21861 4.20547786478898e-06
46887.73092 4.03406022778817e-06
46901.24324 3.67201920327338e-06
46914.75555 2.54270042607929e-06
46928.26787 2.048253367649e-06
46941.78018 1.56426355183025e-06
46955.29249 2.05937285223072e-06
46968.80481 3.39029226257492e-06
46982.31712 5.33561618209607e-06
46995.82944 6.5436229535045e-06
47009.34175 7.33517831461919e-06
47022.85407 7.33463001219064e-06
47036.36638 7.34343164723891e-06
47049.87869 7.52678654795762e-06
47063.39101 7.61377481430772e-06
47076.90332 6.36017288960035e-06
47090.41564 5.55484655735177e-06
47103.92795 5.26596437521132e-06
47117.44027 5.5251841122168e-06
47130.95258 7.17898832612389e-06
47144.4649 7.17364891166156e-06
47157.97721 6.76736575317254e-06
47171.48952 6.17200422925936e-06
47185.00184 5.99764033112532e-06
47198.51415 6.20198369375352e-06
47212.02647 6.01634216137537e-06
47225.53878 6.48501518583723e-06
47239.0511 7.54402513138788e-06
47252.56341 8.10983464688853e-06
47266.07572 7.62878232530695e-06
47279.58804 6.42102247253325e-06
47293.10035 5.04818364596347e-06
47306.61267 3.99800008622163e-06
47320.12498 2.85886017803355e-06
47333.6373 2.94012826561073e-06
47347.14961 2.97241282300256e-06
47360.66193 3.58464159509251e-06
47374.17424 4.0802791956385e-06
47387.68655 4.13569738582581e-06
47401.19887 3.58104371976303e-06
47414.71118 3.49301270822048e-06
47428.2235 3.96658788815871e-06
47441.73581 4.23337854538554e-06
47455.24813 4.38550485168435e-06
47468.76044 3.33479820906132e-06
47482.27276 2.65770225769335e-06
47495.78507 2.86076489683853e-06
47509.29738 2.71475298339753e-06
47522.8097 2.4720958864976e-06
47536.32201 2.39027559674003e-06
47549.83433 2.79468730669867e-06
47563.34664 3.81579461254618e-06
47576.85896 4.43293194348975e-06
47590.37127 4.74407913463286e-06
47603.88358 4.36858784477409e-06
47617.3959 4.16840839348907e-06
47630.90821 5.68837766679701e-06
47644.42053 6.04702363651444e-06
47657.93284 6.09873672371294e-06
47671.44516 6.11813534954526e-06
47684.95747 5.36635309343017e-06
47698.46979 5.57887632915995e-06
47711.9821 4.85062056996553e-06
47725.49441 4.61351995950687e-06
47739.00673 4.62533147576552e-06
47752.51904 4.40168554153224e-06
47766.03136 5.61597307558251e-06
47779.54367 5.6436646040885e-06
47793.05599 5.33336898914861e-06
47806.5683 4.86271675727103e-06
47820.08061 4.45258223072557e-06
47833.59293 4.29571051025654e-06
47847.10524 4.12771926647322e-06
47860.61756 4.20338766608768e-06
47874.12987 3.51234439217829e-06
47887.64219 2.66797008447591e-06
47901.1545 2.28108811382572e-06
47914.66682 1.82625824998868e-06
47928.17913 1.47821568890425e-06
47941.69144 1.19162769519647e-06
47955.20376 9.43750951390018e-07
47968.71607 9.92338600388444e-07
47982.22839 1.25903452129383e-06
47995.7407 1.63822739810632e-06
48009.25302 1.80828350026229e-06
48022.76533 1.45299197700066e-06
48036.27764 1.13863430455669e-06
48049.78996 1.13736437093889e-06
48063.30227 5.15236255371964e-07
48076.81459 6.75775501771549e-07
48090.3269 9.69303006374086e-07
48103.83922 1.35481601098656e-06
48117.35153 1.85250719887607e-06
48130.86385 2.15579734638021e-06
48144.37616 2.1965095495576e-06
48157.88847 1.86123395548928e-06
48171.40079 1.57874209732665e-06
48184.9131 1.61735085669744e-06
48198.42542 1.99882425292551e-06
48211.93773 2.01985863664643e-06
48225.45005 1.30287773894671e-06
48238.96236 5.96365044234282e-07
48252.47468 5.79665599146702e-07
48265.98699 9.88123612170451e-07
48279.4993 1.26040995384409e-06
48293.01162 1.0833989295669e-06
48306.52393 4.96952373028341e-07
48320.03625 1.53634159913947e-06
48333.54856 2.13010562835183e-06
48347.06088 2.55680326510981e-06
48360.57319 2.96184614829667e-06
48374.0855 3.36567353763629e-06
48387.59782 3.6217086714094e-06
48401.11013 3.28166203346762e-06
48414.62245 2.95234700356656e-06
48428.13476 2.65241228854969e-06
48441.64708 3.04329342475845e-06
48455.15939 3.81157173058071e-06
48468.67171 4.0654098882673e-06
48482.18402 4.16158396854145e-06
48495.69633 3.83068432294172e-06
48509.20865 3.84252510133108e-06
48522.72096 4.5213694281837e-06
48536.23328 4.96917145615064e-06
48549.74559 4.51116554633862e-06
48563.25791 4.54577593127651e-06
48576.77022 3.96032652497333e-06
48590.28253 3.42954010180344e-06
48603.79485 2.68883094616886e-06
48617.30716 2.51465928206782e-06
48630.81948 3.00942019872419e-06
48644.33179 4.9525934529679e-06
48657.84411 8.04075443814458e-06
48671.35642 7.97935555231251e-06
48684.86874 6.73901445448334e-06
48698.38105 5.81206055523474e-06
48711.89336 5.40400980100918e-06
48725.40568 5.19717963996178e-06
48738.91799 4.15806806067577e-06
48752.43031 3.4648664576996e-06
48765.94262 3.07577194294373e-06
48779.45494 2.9636123169243e-06
48792.96725 2.93583672545025e-06
48806.47956 2.53946330123028e-06
48819.99188 2.17899353541717e-06
48833.50419 2.14896152053215e-06
48847.01651 2.04674728750644e-06
48860.52882 2.09359705805074e-06
48874.04114 2.04547511219184e-06
48887.55345 1.91662942635373e-06
48901.06577 2.33327924606651e-06
48914.57808 3.51703536552873e-06
48928.09039 3.42829152430385e-06
48941.60271 2.62459433561657e-06
48955.11502 1.66486517050364e-06
48968.62734 1.47809507697009e-06
48982.13965 1.78772682764764e-06
48995.65197 1.84123205181688e-06
49009.16428 1.57472407959454e-06
49022.6766 1.92564621212062e-06
49036.18891 2.69192430503025e-06
49049.70122 4.00349143313188e-06
49063.21354 3.78546491093694e-06
49076.72585 4.5036455663486e-06
49090.23817 4.09653706164706e-06
49103.75048 3.72510030880938e-06
49117.2628 3.38546311107918e-06
49130.77511 3.2687822574922e-06
49144.28742 3.2800106335176e-06
49157.79974 3.5852382207414e-06
49171.31205 4.07854296603852e-06
49184.82437 4.91932857048571e-06
49198.33668 5.11725081122832e-06
49211.849 4.96936771795221e-06
49225.36131 4.04057828366916e-06
49238.87363 3.62236906162854e-06
49252.38594 3.23258520350024e-06
49265.89825 3.03697102896451e-06
49279.41057 3.02504174562327e-06
49292.92288 2.87045681134167e-06
49306.4352 2.88342090268854e-06
49319.94751 2.77158940227948e-06
49333.45983 2.83613409035785e-06
49346.97214 2.65724191344749e-06
49360.48445 2.64432428032719e-06
49373.99677 3.12863776841093e-06
49387.50908 3.48475075591025e-06
49401.0214 3.94003168137522e-06
49414.53371 3.65319425390134e-06
49428.04603 4.12394927024608e-06
49441.55834 4.77603498639143e-06
49455.07066 5.31246028336253e-06
49468.58297 5.79833221096233e-06
49482.09528 4.76179635951435e-06
49495.6076 3.95373970636211e-06
49509.11991 3.25968409353775e-06
49522.63223 3.09381856040537e-06
49536.14454 3.12740932137158e-06
49549.65686 2.80182748211105e-06
49563.16917 2.77179812106424e-06
49576.68148 2.68169002005987e-06
49590.1938 3.03361187211558e-06
49603.70611 3.21899054728959e-06
49617.21843 3.33988164787332e-06
49630.73074 3.32777746351204e-06
49644.24306 4.4021023522814e-06
49657.75537 4.834906707827e-06
49671.26769 4.87503036848865e-06
49684.78 4.9571585990466e-06
49698.29231 5.19192952529153e-06
49711.80463 5.56300350467714e-06
49725.31694 6.24400921111193e-06
49738.82926 6.99422773511347e-06
49752.34157 6.7953133517869e-06
49765.85389 6.16292453828644e-06
49779.3662 5.5436226578724e-06
49792.87852 5.1539186904705e-06
49806.39083 5.17634681449817e-06
49819.90314 5.38931886589037e-06
49833.41546 5.82094669506405e-06
49846.92777 6.7269014215198e-06
49860.44009 7.18044992327487e-06
49873.9524 7.51402415708999e-06
49887.46472 6.45156940034873e-06
49900.97703 5.59758068702955e-06
49914.48934 4.58985786469296e-06
49928.00166 4.06074963468983e-06
49941.51397 4.88440985442101e-06
49955.02629 5.89493853719146e-06
49968.5386 6.27664525705326e-06
49982.05092 6.6695263436872e-06
49995.56323 7.16962881007342e-06
50009.07555 6.91266044885714e-06
50022.58786 6.46182902193661e-06
50036.10017 5.12100056521291e-06
50049.61249 4.29575154186415e-06
50063.1248 3.85745182706985e-06
50076.63712 3.68357696970866e-06
50090.14943 3.8203930363362e-06
50103.66175 3.22584628657852e-06
50117.17406 3.30122616030747e-06
50130.68637 3.07323431676523e-06
50144.19869 2.8380838803416e-06
50157.711 2.53259029161102e-06
50171.22332 2.57170504821843e-06
50184.73563 2.84001248239973e-06
50198.24795 2.99017659283152e-06
50211.76026 3.07319572377285e-06
50225.27258 2.61957306490058e-06
50238.78489 2.57525008256193e-06
50252.2972 2.61957485175842e-06
50265.80952 2.69295290067502e-06
50279.32183 3.27533252146397e-06
50292.83415 3.5883126801836e-06
50306.34646 3.29877441944597e-06
50319.85878 2.50135247116329e-06
50333.37109 2.14152242969111e-06
50346.88341 2.09488708703285e-06
50360.39572 1.94432868111031e-06
50373.90803 1.23498335913357e-06
50387.42035 1.0795897548337e-06
50400.93266 1.15820051886166e-06
50414.44498 1.35560716068217e-06
50427.95729 1.78820984539135e-06
50441.46961 2.18808644337477e-06
50454.98192 2.55011757582676e-06
50468.49423 2.7427258683549e-06
50482.00655 2.88778997624608e-06
50495.51886 2.66205848949944e-06
50509.03118 2.39730859442354e-06
50522.54349 1.93626572979451e-06
50536.05581 1.62095589566611e-06
50549.56812 1.4583998524943e-06
50563.08044 1.28095450216251e-06
50576.59275 1.09924082093977e-06
50590.10506 8.67010331499767e-07
50603.61738 6.57779914680812e-07
50617.12969 8.83752723278097e-07
50630.64201 1.30160013713686e-06
50644.15432 1.63367736351633e-06
50657.66664 1.86639144006314e-06
50671.17895 1.45312284150149e-06
50684.69126 9.28738906914892e-07
50698.20358 4.21529693534116e-07
50711.71589 2.49530905727571e-07
50725.22821 1.86490248775021e-07
50738.74052 2.67551552934722e-07
50752.25284 5.12863797077062e-07
50765.76515 7.17047486007209e-07
50779.27747 9.47114847189573e-07
50792.78978 9.38872205032846e-07
50806.30209 9.01711591415106e-07
50819.81441 7.47472224785645e-07
50833.32672 5.68383570360223e-07
50846.83904 3.63887014284714e-07
50860.35135 2.30651112321388e-07
50873.86367 1.4483501459018e-07
50887.37598 2.41697777382534e-07
50900.88829 7.0197761737741e-07
50914.40061 1.13024947089777e-06
50927.91292 1.55917847716223e-06
50941.42524 1.17114519450299e-06
50954.93755 6.03260854482955e-07
50968.44987 1.29900155184824e-08
50981.96218 3.35460069122322e-09
50995.4745 3.34759115365566e-09
