"wave" "response"
20004.66386 8.06720700492297e-15
20020.74478 1.45659994872284e-13
20036.8257 1.39231808097068e-12
20052.90662 1.47224695903991e-12
20068.98754 1.80859173310392e-12
20085.06846 1.80453215949965e-12
20101.14938 1.3659835763073e-12
20117.2303 6.97574775049932e-13
20133.31122 2.48040956985073e-13
20149.39214 1.03021635578711e-13
20165.47306 8.81960810002694e-14
20181.55398 2.24402848368447e-13
20197.6349 4.43693903329454e-13
20213.71582 3.21324018924188e-13
20229.79674 3.11532846263677e-13
20245.87766 4.51985231254496e-13
20261.95858 1.26577340178826e-13
20278.03949 1.88893864530613e-14
20294.12041 3.29714798407051e-14
20310.20133 2.44187198770019e-13
20326.28225 4.34576733892972e-13
20342.36317 4.54379975656736e-13
20358.44409 5.70310077073401e-13
20374.52501 7.36693604906147e-13
20390.60593 8.7300331305925e-13
20406.68685 1.05662827181535e-12
20422.76777 5.4541426643243e-13
20438.84869 3.44525988803187e-13
20454.92961 3.88055725760856e-13
20471.01053 6.19025145039831e-13
20487.09145 6.11369962406168e-13
20503.17237 5.52667386594928e-13
20519.25329 6.4228240083884e-13
20535.33421 9.53151669910548e-13
20551.41513 8.56633505940915e-13
20567.49605 1.01407028680278e-12
20583.57697 1.38707516359249e-12
20599.65788 1.53439919663131e-12
20615.7388 1.50692221641453e-12
20631.81972 1.49679481169055e-12
20647.90064 1.17470881353431e-12
20663.98156 7.8212023194123e-13
20680.06248 5.87690273672831e-13
20696.1434 7.84463914275461e-13
20712.22432 1.57244909424641e-12
20728.30524 1.42002787327588e-12
20744.38616 1.60933052232082e-12
20760.46708 2.41133186778093e-12
20776.548 2.89654471317154e-12
20792.62892 1.59924843589931e-12
20808.70984 1.35308519648309e-12
20824.79076 2.14339536724591e-12
20840.87168 3.64519127275041e-12
20856.9526 4.73145225868726e-12
20873.03352 8.91482191706475e-12
20889.11444 9.97073450173286e-12
20905.19536 1.23205681666422e-11
20921.27627 1.53874760558333e-11
20937.35719 2.12080956658247e-11
20953.43811 1.66237865220626e-11
20969.51903 1.49010248877594e-11
20985.59995 2.05698132446367e-11
21001.68087 3.62325775877864e-11
21017.76179 3.40159401788012e-11
21033.84271 2.90777705490801e-11
21049.92363 2.03581212325911e-11
21066.00455 1.95438139019824e-11
21082.08547 2.93069936634208e-11
21098.16639 2.36285692327445e-11
21114.24731 1.39649297904314e-11
21130.32823 1.28690979332129e-11
21146.40915 5.26759513458117e-11
21162.49007 6.51995594963776e-11
21178.57099 1.06633156589939e-10
21194.65191 2.86023104481033e-11
21210.73283 2.61574896262708e-11
21226.81375 4.72734594501025e-11
21242.89466 8.80908847182757e-11
21258.97558 8.26366676574476e-11
21275.0565 5.97987720706945e-11
21291.13742 4.71535206613045e-11
21307.21834 4.62157064726159e-11
21323.29926 5.77516545782414e-11
21339.38018 3.76415780945526e-11
21355.4611 3.31980576238396e-11
21371.54202 3.43515519730266e-11
21387.62294 5.2712479207764e-11
21403.70386 6.10997525777515e-11
21419.78478 7.38849602477392e-11
21435.8657 6.31065349341008e-11
21451.94662 5.04377150543655e-11
21468.02754 4.41447554681789e-11
21484.10846 4.47659911407102e-11
21500.18938 5.11781818200289e-11
21516.2703 4.39619531532355e-11
21532.35122 4.79372358534188e-11
21548.43214 5.37898736820931e-11
21564.51305 7.61075497111884e-11
21580.59397 5.71057601139601e-11
21596.67489 4.95169842386856e-11
21612.75581 5.14059196183016e-11
21628.83673 6.30168748236976e-11
21644.91765 7.67980769027938e-11
21660.99857 6.95120810617845e-11
21677.07949 7.28590203269371e-11
21693.16041 5.66568207546679e-11
21709.24133 4.87788843855795e-11
21725.32225 5.69600357247539e-11
21741.40317 8.20701746015564e-11
21757.48409 6.23919679113057e-11
21773.56501 3.63894199620124e-11
21789.64593 2.85391281729579e-11
21805.72685 4.89574906374226e-11
21821.80777 1.16710250716008e-10
21837.88869 9.21281511049839e-11
21853.96961 8.41768668318943e-11
21870.05053 9.52086852227269e-11
21886.13145 1.18125300117484e-10
21902.21236 1.15166681214414e-10
21918.29328 9.80445042624672e-11
21934.3742 1.11637935495781e-10
21950.45512 9.37288535530995e-11
21966.53604 8.76329216807475e-11
21982.61696 6.97607950477241e-11
21998.69788 6.84370563587406e-11
22014.7788 5.40441260062018e-11
22030.85972 4.19695424692721e-11
22046.94064 3.86173075378322e-11
22063.02156 5.75188424207234e-11
22079.10248 2.11108076803906e-10
22095.1834 1.42679428146378e-10
22111.26432 1.25256286175669e-10
22127.34524 1.35723224447488e-10
22143.42616 2.296500490094e-10
22159.50708 8.13804673579156e-10
22175.588 8.3528255618499e-10
22191.66892 1.05463720665084e-09
22207.74984 9.61716136573356e-10
22223.83075 9.53523846520258e-10
22239.91167 1.11502303844855e-09
22255.99259 1.41585033421814e-09
22272.07351 2.30641636600643e-09
22288.15443 2.08048626232898e-09
22304.23535 1.84406461586227e-09
22320.31627 2.2223842852399e-09
22336.39719 3.30208443338876e-09
22352.47811 5.11200661175302e-09
22368.55903 5.72532039774814e-09
22384.63995 6.6038181065006e-09
22400.72087 1.01503223817558e-08
22416.80179 1.62854110958123e-08
22432.88271 2.34561621262244e-08
22448.96363 3.05234968724131e-08
22465.04455 4.01629959933074e-08
22481.12547 5.42124767075519e-08
22497.20639 7.35578301654133e-08
22513.28731 9.92769108998049e-08
22529.36823 1.33461312687222e-07
22545.44914 1.77193330223249e-07
22561.53006 2.24881898672893e-07
22577.61098 2.84434727524964e-07
22593.6919 3.47567426782363e-07
22609.77282 4.19502339958019e-07
22625.85374 4.89939200224615e-07
22641.93466 5.42678358627439e-07
22658.01558 5.95896305578742e-07
22674.0965 6.49151282241114e-07
22690.17742 7.01161580785777e-07
22706.25834 7.40089177976014e-07
22722.33926 7.59856376541001e-07
22738.42018 7.76945592401614e-07
22754.5011 8.07018750681532e-07
22770.58202 8.37823242389073e-07
22786.66294 8.68955209065766e-07
22802.74386 9.02045389367109e-07
22818.82478 9.39152772384553e-07
22834.9057 9.69719598689388e-07
22850.98662 1.00413637503714e-06
22867.06753 1.0521074612249e-06
22883.14845 1.11518638210106e-06
22899.22937 1.1892014406791e-06
22915.31029 1.25493974991466e-06
22931.39121 1.33055639302981e-06
22947.47213 1.43087156283745e-06
22963.55305 1.5646108824114e-06
22979.63397 1.72065749418081e-06
22995.71489 1.85789735702852e-06
23011.79581 2.00962825635919e-06
23027.87673 2.21195355078991e-06
23043.95765 2.49226465367475e-06
23060.03857 2.82947330920944e-06
23076.11949 3.20617806042863e-06
23092.20041 3.650358604789e-06
23108.28133 4.20211717439596e-06
23124.36225 4.90441018853156e-06
23140.44317 5.75971218121998e-06
23156.52409 6.84671883253152e-06
23172.60501 8.19147356433239e-06
23188.68592 9.78006480076749e-06
23204.76684 1.13848956878546e-05
23220.84776 1.31669639928979e-05
23236.92868 1.53098119938871e-05
23253.0096 1.77578561133012e-05
23269.09052 2.03533184808647e-05
23285.17144 2.25697505789386e-05
23301.25236 2.47407170698277e-05
23317.33328 2.71830244722209e-05
23333.4142 3.01532328995354e-05
23349.49512 3.31600932550065e-05
23365.57604 3.51818098002682e-05
23381.65696 3.66027130214479e-05
23397.73788 3.76056037286669e-05
23413.8188 3.87662548669483e-05
23429.89972 3.95766536837974e-05
23445.98064 4.01250694395617e-05
23462.06156 4.05768882062346e-05
23478.14248 4.09490802835433e-05
23494.2234 4.0677819993196e-05
23510.30431 4.03658842804862e-05
23526.38523 4.03422451221902e-05
23542.46615 4.13001149877085e-05
23558.54707 4.24373511257936e-05
23574.62799 4.30751269610145e-05
23590.70891 4.31546147644096e-05
23606.78983 4.34903874805138e-05
23622.87075 4.57236237633866e-05
23638.95167 4.84766901734644e-05
23655.03259 5.09328308331099e-05
23671.11351 5.16065062524865e-05
23687.19443 5.21806369349004e-05
23703.27535 5.21129099976945e-05
23719.35627 5.13742391520633e-05
23735.43719 5.04261584603802e-05
23751.51811 4.69275928786092e-05
23767.59903 4.30484424358962e-05
23783.67995 3.92343910211444e-05
23799.76087 3.34945742136215e-05
23815.84179 2.86508978544682e-05
23831.92271 2.49435130799831e-05
23848.00362 2.24093647156051e-05
23864.08454 2.01579255690336e-05
23880.16546 1.67057951448579e-05
23896.24638 1.32378931927288e-05
23912.3273 1.05391143283368e-05
23928.40822 9.24815536729063e-06
23944.48914 8.31334095286857e-06
23960.57006 6.73778787536442e-06
23976.65098 3.91227754448743e-06
23992.7319 2.77557476347648e-06
24008.81282 1.88672448985105e-06
24024.89374 1.43796489385982e-06
24040.97466 1.51917411490607e-06
24057.05558 1.28541903968616e-06
24073.1365 9.8613544660639e-07
24089.21742 8.18152472304386e-07
24105.29834 1.74593834470311e-07
24121.37926 2.89705082823054e-07
24137.46018 9.41320294668416e-07
24153.5411 9.22804081164829e-07
24169.62201 1.07624088871363e-06
24185.70293 1.20176773223937e-06
24201.78385 4.78315014930317e-07
24217.86477 2.94672080549356e-07
24233.94569 3.0123461674924e-07
24250.02661 5.47065019539882e-07
24266.10753 1.33279810335739e-06
24282.18845 1.32427102961355e-06
24298.26937 9.61422841338817e-07
24314.35029 8.49525442719771e-07
24330.43121 9.94066723609501e-07
24346.51213 1.38035748983438e-06
24362.59305 2.61165336341798e-06
24378.67397 2.16408964622408e-06
24394.75489 2.18329523442763e-06
24410.83581 2.35382069859518e-06
24426.91673 2.04986823341061e-06
24442.99765 1.91531330622785e-06
24459.07857 2.00938618037643e-06
24475.15949 2.27682179512896e-06
24491.2404 2.65005056268049e-06
24507.32132 2.34413815605525e-06
24523.40224 1.71839704598176e-06
24539.48316 1.52358726183417e-06
24555.56408 1.51700960032285e-06
24571.645 1.65803783999701e-06
24587.72592 1.98034424134082e-06
24603.80684 1.186956245638e-06
24619.88776 6.64010889257195e-07
24635.96868 4.91237853103671e-07
24652.0496 4.37852967782381e-07
24668.13052 5.76618780933745e-07
24684.21144 1.49369635943796e-06
24700.29236 1.84976383080176e-06
24716.37328 1.84004164122326e-06
24732.4542 2.25280229028592e-06
24748.53512 2.3796533887715e-06
24764.61604 2.5270009153372e-06
24780.69696 3.24447261621235e-06
24796.77788 2.64438382993341e-06
24812.85879 2.4139446268985e-06
24828.93971 2.44095399096308e-06
24845.02063 1.45716668730213e-06
24861.10155 1.14994121038027e-06
24877.18247 1.00933116301072e-06
24893.26339 9.86000951175496e-07
24909.34431 1.15104077277141e-06
24925.42523 2.22007496681399e-06
24941.50615 1.57239433247318e-06
24957.58707 1.16586707708714e-06
24973.66799 9.0291786467175e-07
24989.74891 1.12965453546612e-06
24997.78162 4.57697203250966e-06
25011.29393 4.40905008818177e-06
25024.80624 2.69299300562594e-06
25038.31856 3.04728595264882e-06
25051.83087 3.01700542749877e-06
25065.34319 4.79982188526342e-06
25078.8555 6.30521949229719e-06
25092.36782 4.32275185651532e-06
25105.88013 2.42964764269853e-06
25119.39244 3.8239515860465e-06
25132.90476 3.62313741573507e-06
25146.41707 3.99164772219294e-06
25159.92939 3.89047777142917e-06
25173.4417 4.25740114887368e-06
25186.95402 3.19948741341172e-06
25200.46633 4.07328528850288e-06
25213.97865 2.71866405384172e-06
25227.49096 4.410234505648e-06
25241.00327 3.53610032503131e-06
25254.51559 3.96838006061417e-06
25268.0279 5.30823629963768e-06
25281.54022 5.24465832988903e-06
25295.05253 3.30356900902586e-06
25308.56485 2.38357245533533e-06
25322.07716 1.01340600992405e-06
25335.58948 1.12469066889813e-06
25349.10179 2.92884596568595e-06
25362.6141 2.7701378649545e-06
25376.12642 4.44633855208784e-06
25389.63873 4.69364910505512e-06
25403.15105 2.91006961520168e-06
25416.66336 3.36862429441803e-06
25430.17568 5.04069910572539e-06
25443.68799 2.59420916435851e-06
25457.2003 2.71574169766117e-06
25470.71262 1.45716959613901e-06
25484.22493 3.6568274834482e-07
25497.73725 2.26265764592555e-06
25511.24956 1.52521995842992e-06
25524.76188 4.00153429549881e-07
25538.27419 1.71814252638553e-06
25551.78651 4.14238336373611e-06
25565.29882 4.15658197256632e-06
25578.81113 5.72560948048197e-06
25592.32345 4.34396330158846e-06
25605.83576 4.55038573037786e-06
25619.34808 5.76912588399604e-06
25632.86039 1.91548852830449e-06
25646.37271 1.6036291469895e-06
25659.88502 2.83660110322641e-06
25673.39733 3.73574646519572e-06
25686.90965 2.76041485326282e-06
25700.42196 3.58801972845987e-06
25713.93428 4.50089445400077e-06
25727.44659 3.92438719558514e-06
25740.95891 1.38995241327623e-06
25754.47122 4.21912983861793e-06
25767.98354 5.27290164420985e-06
25781.49585 3.02571994038731e-06
25795.00816 1.44079080591226e-06
25808.52048 9.47286386169419e-07
25822.03279 1.71421825246551e-06
25835.54511 3.54806460346297e-06
25849.05742 5.75676698429305e-06
25862.56974 3.47805942225542e-06
25876.08205 3.97705206697486e-06
25889.59437 1.27435708627255e-06
25903.10668 3.40947870084025e-06
25916.61899 2.98117692394782e-06
25930.13131 2.02207103741136e-06
25943.64362 4.95233310382824e-06
25957.15594 5.28417674623932e-06
25970.66825 2.45010257699693e-06
25984.18057 3.41248585214467e-06
25997.69288 5.52587070006689e-06
26011.20519 4.62206094090985e-06
26024.71751 3.43675895931134e-06
26038.22982 1.05772828688508e-06
26051.74214 3.27668109379963e-06
26065.25445 3.81315854705095e-06
26078.76677 2.43854815980554e-06
26092.27908 1.69304869542124e-06
26105.7914 2.87708321787316e-06
26119.30371 1.99794030447761e-06
26132.81602 4.32083260457663e-06
26146.32834 7.57619658772387e-06
26159.84065 5.29089470264163e-06
26173.35297 4.58257176586343e-06
26186.86528 2.23293975788688e-06
26200.3776 8.72144922983907e-07
26213.88991 2.09030306122512e-06
26227.40222 8.27649565722757e-07
26240.91454 1.39552341651001e-06
26254.42685 3.49392057991601e-06
26267.93917 2.08754593044853e-06
26281.45148 1.0664174617155e-06
26294.9638 1.18041097555682e-06
26308.47611 1.31446401116965e-06
26321.98843 3.00493121217382e-06
26335.50074 2.97440353985035e-06
26349.01305 1.64424615932732e-06
26362.52537 1.63159940506512e-06
26376.03768 3.36464280077821e-06
26389.55 3.30814233084264e-06
26403.06231 3.14230336680909e-06
26416.57463 1.77564978029336e-06
26430.08694 8.09054723587681e-07
26443.59925 1.09085888207152e-06
26457.11157 2.14884720165057e-06
26470.62388 1.91469452528334e-06
26484.1362 4.42388057667029e-06
26497.64851 6.09758727794231e-06
26511.16083 1.71096064365656e-06
26524.67314 1.83612454057246e-06
26538.18546 1.44311726596144e-06
26551.69777 1.75583835146793e-06
26565.21008 3.76684676786763e-06
26578.7224 3.9588929239798e-06
26592.23471 3.15200571268098e-06
26605.74703 3.65549562319736e-06
26619.25934 1.36747184939215e-06
26632.77166 6.83674189054223e-07
26646.28397 1.90173623825974e-06
26659.79629 1.11835902690926e-06
26673.3086 1.13628636449892e-06
26686.82091 4.34156168231908e-06
26700.33323 1.91410887940134e-06
26713.84554 1.64148569044915e-06
26727.35786 1.8114328912167e-06
26740.87017 1.35654256950175e-06
26754.38249 1.3892598050624e-06
26767.8948 1.61788796992178e-06
26781.40711 1.81345697908638e-06
26794.91943 7.95855864922682e-07
26808.43174 3.08798766399883e-06
26821.94406 5.06562523630777e-06
26835.45637 3.61547941620364e-06
26848.96869 1.88791565407982e-06
26862.481 5.39697679534015e-06
26875.99332 2.47504812359605e-06
26889.50563 7.97499769387943e-07
26903.01794 4.50320589915563e-09
26916.53026 1.17873036745785e-06
26930.04257 1.79487514945616e-06
26943.55489 4.23503824411856e-06
26957.0672 3.1866755358264e-06
26970.57952 3.17425352527527e-06
26984.09183 1.62786735423178e-06
26997.60414 1.36363111673296e-06
27011.11646 5.24672883971072e-07
27024.62877 1.58465838460266e-06
27038.14109 3.86854154683567e-06
27051.6534 2.96985506540213e-06
27065.16572 2.22644423854551e-06
27078.67803 1.63752461781926e-06
27092.19035 4.68844539258779e-08
27105.70266 1.29972313044561e-08
27119.21497 1.182208908367e-06
27132.72729 2.57114203972258e-06
27146.2396 3.00396137318965e-06
27159.75192 2.21246060858836e-06
27173.26423 1.09580216278337e-06
27186.77655 1.95637190895685e-06
27200.28886 2.60326024700089e-06
27213.80117 1.60985743615746e-06
27227.31349 2.72556424429977e-06
27240.8258 1.12125824983337e-06
27254.33812 8.61686626818873e-07
27267.85043 9.56537231377344e-07
27281.36275 6.6753585383916e-07
27294.87506 7.13484660435641e-07
27308.38738 2.45555144261521e-06
27321.89969 4.38551501943543e-06
27335.412 1.8954325142607e-06
27348.92432 1.5064804757977e-06
27362.43663 1.14227330605501e-06
27375.94895 1.11376883646539e-06
27389.46126 1.99172513493045e-06
27402.97358 2.55411726539466e-06
27416.48589 2.52864044492062e-06
27429.99821 1.27280684826282e-06
27443.51052 7.48023916258301e-07
27457.02283 2.57637868289693e-06
27470.53515 3.4440427546095e-06
27484.04746 2.23852519491111e-06
27497.55978 2.22423001067459e-06
27511.07209 3.26700045674604e-06
27524.58441 1.09942741571826e-06
27538.09672 6.30850006744014e-08
27551.60903 1.40076409496342e-06
27565.12135 3.69980567361635e-06
27578.63366 4.42631900022585e-06
27592.14598 2.17400602081502e-06
27605.65829 2.22967095682492e-06
27619.17061 4.29440876543781e-06
27632.68292 2.60120093243242e-06
27646.19524 1.0912706177292e-06
27659.70755 7.21074767060335e-07
27673.21986 1.71673944146837e-06
27686.73218 1.92492306416251e-06
27700.24449 1.80518876688896e-06
27713.75681 1.07216926940999e-06
27727.26912 2.28410894481068e-06
27740.78144 1.19377732565214e-06
27754.29375 1.57129610817312e-06
27767.80606 1.89276254439205e-06
27781.31838 3.23084111612875e-06
27794.83069 2.42988240688184e-06
27808.34301 1.55938797985225e-06
27821.85532 4.79218664433206e-06
27835.36764 5.99074875992957e-06
27848.87995 4.04498810815916e-06
27862.39227 3.28596006760797e-06
27875.90458 3.33190232975492e-06
27889.41689 6.90316294129834e-06
27902.92921 1.01100206123502e-05
27916.44152 9.77068107296417e-06
27929.95384 6.19854940567384e-06
27943.46615 4.42052054350735e-06
27956.97847 2.60493232558733e-06
27970.49078 4.95298787368491e-07
27984.00309 7.41188717783036e-08
27997.51541 1.11345687928607e-06
28011.02772 1.46658908237181e-06
28024.54004 8.49423410897101e-07
28038.05235 5.08213919676873e-07
28051.56467 1.62297298710129e-06
28065.07698 1.52099179597507e-06
28078.5893 1.03978069061339e-06
28092.10161 5.77422926460807e-09
28105.61392 7.51426329660851e-07
28119.12624 1.15860456999863e-06
28132.63855 4.86217933715438e-07
28146.15087 1.33623169437675e-07
28159.66318 4.54784536250989e-09
28173.1755 1.57534437115371e-07
28186.68781 1.53898472928854e-07
28200.20013 1.74488437153947e-06
28213.71244 2.42574939564424e-06
28227.22475 8.20010978255089e-07
28240.73707 1.39225195255346e-06
28254.24938 2.96635971652581e-06
28267.7617 2.62075936835674e-06
28281.27401 8.4083839225753e-07
28294.78633 5.64391162349731e-08
28308.29864 1.33620888314896e-06
28321.81095 5.46718496745607e-07
28335.32327 6.70756282306101e-07
28348.83558 1.61915897522985e-06
28362.3479 3.19010530724632e-06
28375.86021 1.65941003165817e-06
28389.37253 1.69271132581811e-06
28402.88484 1.26590873692673e-06
28416.39716 5.17841946267342e-07
28429.90947 1.77994337951587e-06
28443.42178 1.22207426242691e-06
28456.9341 7.44802753437136e-07
28470.44641 9.73871080725728e-07
28483.95873 3.84189974730779e-07
28497.47104 3.56681620585162e-07
28510.98336 8.14499246077467e-07
28524.49567 5.52483019459941e-09
28538.00798 1.79141012145895e-07
28551.5203 2.32264203515592e-07
28565.03261 2.04846829197376e-06
28578.54493 1.29596681758471e-06
28592.05724 2.27122352477014e-07
28605.56956 1.21806350348801e-06
28619.08187 4.6578171007555e-07
28632.59419 1.90832640202707e-08
28646.1065 6.50490927374548e-08
28659.61881 1.32553042550142e-06
28673.13113 1.51957367645853e-07
28686.64344 5.05228521754767e-07
28700.15576 1.09702397022446e-06
28713.66807 2.17445821881409e-06
28727.18039 2.20668552712339e-06
28740.6927 9.55713321060454e-07
28754.20501 2.5714781866561e-07
28767.71733 7.53443835564831e-07
28781.22964 3.06177988544477e-06
28794.74196 2.12464632820127e-06
28808.25427 9.00716558660128e-07
28821.76659 7.66765636221923e-07
28835.2789 3.65831534248544e-06
28848.79122 3.8856297020578e-06
28862.30353 2.5396468872832e-06
28875.81584 9.17619468055312e-07
28889.32816 1.14254805121665e-06
28902.84047 1.57340605660559e-06
28916.35279 8.96266727958019e-07
28929.8651 1.04430550550567e-06
28943.37742 2.76965979931106e-06
28956.88973 2.89048360825596e-06
28970.40205 1.61430277233542e-06
28983.91436 4.68941129929717e-07
28997.42667 1.15414235696862e-06
29010.93899 1.30236190779874e-06
29024.4513 3.08391425075714e-06
29037.96362 3.17736488087944e-06
29051.47593 2.13943031781148e-06
29064.98825 3.39311976851953e-06
29078.50056 1.50434045937694e-06
29092.01287 2.15076231474639e-07
29105.52519 1.53819573095216e-06
29119.0375 6.07083889301879e-07
29132.54982 1.26242487202062e-06
29146.06213 1.26979978009447e-06
29159.57445 7.05946460290231e-07
29173.08676 7.39722437024107e-08
29186.59908 1.56529071449146e-06
29200.11139 9.11546647315828e-07
29213.6237 1.44037366104974e-06
29227.13602 2.53172960178171e-06
29240.64833 2.60712595818203e-06
29254.16065 4.03705040116165e-06
29267.67296 1.87772011715717e-06
29281.18528 1.15717017874441e-06
29294.69759 1.98645545146681e-06
29308.2099 3.00510587047196e-06
29321.72222 4.14977798696316e-06
29335.23453 2.32815946429767e-06
29348.74685 1.56974176937631e-06
29362.25916 2.0315102331963e-06
29375.77148 2.51198215857849e-06
29389.28379 2.80696504093155e-06
29402.79611 9.3102679216258e-07
29416.30842 8.16172435905375e-07
29429.82073 1.0449322155972e-06
29443.33305 2.64364662434638e-06
29456.84536 6.84912656672131e-07
29470.35768 6.58374630864287e-07
29483.86999 5.48322248575567e-06
29497.38231 5.45961423491011e-06
29510.89462 4.14034438517501e-06
29524.40694 2.79683987450909e-06
29537.91925 1.47257042146491e-06
29551.43156 1.27243185314106e-06
29564.94388 3.51533184485409e-06
29578.45619 4.82761769894772e-06
29591.96851 3.91730652849768e-06
29605.48082 3.79433258258918e-06
29618.99314 1.14755183634655e-06
29632.50545 2.40962087882975e-07
29646.01776 1.00555217481513e-06
29659.53008 2.30431411873456e-06
29673.04239 1.10865288327988e-06
29686.55471 8.46310478562685e-07
29700.06702 1.22701030586009e-06
29713.57934 1.85647864507461e-06
29727.09165 6.95357520971777e-07
29740.60397 5.74977698465202e-07
29754.11628 4.7035855693763e-07
29767.62859 8.639862253051e-07
29781.14091 4.55621918545513e-07
29794.65322 1.42414488381766e-06
29808.16554 3.83066678062946e-06
29821.67785 5.32404242149001e-06
29835.19017 2.70239682369339e-06
29848.70248 2.61826765915414e-06
29862.21479 4.07832897646872e-06
29875.72711 2.60457035666238e-06
29889.23942 2.62691703129123e-06
29902.75174 2.31079900162113e-06
29916.26405 2.82842215908445e-06
29929.77637 2.97095636393234e-06
29943.28868 2.11239559102681e-06
29956.801 1.36573786399343e-06
29970.31331 3.3077891056139e-06
29983.82562 3.85687549599667e-06
29997.33794 3.72830151107533e-06
30010.85025 1.52328640850039e-06
30024.36257 8.34624675284841e-07
30037.87488 4.82890329868313e-07
30051.3872 1.26573752763304e-06
30064.89951 3.84811956219249e-06
30078.41182 2.57571579782872e-06
30091.92414 3.13159834424013e-06
30105.43645 3.26779998665081e-06
30118.94877 3.69879804925063e-06
30132.46108 3.47781284585827e-06
30145.9734 2.69847165810913e-06
30159.48571 2.47264571194163e-06
30172.99803 3.28906911779894e-06
30186.51034 4.56259753984726e-06
30200.02265 1.89541611506006e-06
30213.53497 2.1782465760052e-06
30227.04728 1.3036126212131e-06
30240.5596 2.16810730166615e-06
30254.07191 2.68382770334837e-06
30267.58423 1.35073865950039e-06
30281.09654 2.54554118247054e-06
30294.60886 1.651214330178e-06
30308.12117 1.54150531395127e-06
30321.63348 2.49342027032452e-06
30335.1458 2.49995747739512e-06
30348.65811 2.61714951221394e-06
30362.17043 3.35125711114579e-06
30375.68274 3.40912695567571e-06
30389.19506 3.90857692251326e-06
30402.70737 2.75798406158645e-06
30416.21968 3.67702889327883e-06
30429.732 3.2179456702078e-06
30443.24431 2.95717395754619e-06
30456.75663 2.5292742852525e-06
30470.26894 1.55631791935949e-06
30483.78126 2.62621395291599e-06
30497.29357 3.13854561259922e-06
30510.80589 3.67529042342853e-06
30524.3182 3.33391191433568e-06
30537.83051 2.11527765126034e-06
30551.34283 1.89736390679992e-06
30564.85514 1.82381965358631e-07
30578.36746 4.72777105475426e-07
30591.87977 2.02385307370062e-06
30605.39209 2.85276043277498e-06
30618.9044 2.83911979770735e-06
30632.41671 2.74344383991342e-06
30645.92903 1.81420052563231e-06
30659.44134 6.8198011184788e-07
30672.95366 8.25051130407671e-07
30686.46597 9.222420486747e-07
30699.97829 9.27924652295816e-07
30713.4906 2.09471162270259e-06
30727.00292 1.63563461358016e-06
30740.51523 2.40901700782256e-06
30754.02754 3.37018225170587e-06
30767.53986 3.1609552900475e-06
30781.05217 2.78942487527746e-06
30794.56449 4.24380963604861e-06
30808.0768 7.98549962793814e-06
30821.58912 1.05135237433464e-05
30835.10143 1.0886422252273e-05
30848.61374 7.87196459501066e-06
30862.12606 6.47987340180346e-06
30875.63837 8.53153570444712e-06
30889.15069 1.13248285287833e-05
30902.663 1.46097003123605e-05
30916.17532 1.57474461973908e-05
30929.68763 1.78376383475753e-05
30943.19995 2.46205222921378e-05
30956.71226 3.19803881129298e-05
30970.22457 3.86307151947498e-05
30983.73689 4.26720786240502e-05
30997.2492 4.38404054858046e-05
31010.76152 4.44033952384683e-05
31024.27383 5.32230502842593e-05
31037.78615 6.37289233678981e-05
31051.29846 6.52751671738268e-05
31064.81078 6.14257521227926e-05
31078.32309 5.49749350496073e-05
31091.8354 5.03615817021377e-05
31105.34772 5.14829142637848e-05
31118.86003 5.99354341404378e-05
31132.37235 6.59956890011973e-05
31145.88466 6.72666334952426e-05
31159.39698 6.43898615552833e-05
31172.90929 5.84693070092786e-05
31186.4216 5.07338767709076e-05
31199.93392 4.87308125343907e-05
31213.44623 5.47411771451709e-05
31226.95855 5.9316990908282e-05
31240.47086 5.74172948861003e-05
31253.98318 5.18547489057348e-05
31267.49549 4.87406825007399e-05
31281.00781 5.26319770486559e-05
31294.52012 6.28079343056152e-05
31308.03243 6.74061908887904e-05
31321.54475 6.60647824337201e-05
31335.05706 6.7360741945417e-05
31348.56938 6.59478749220885e-05
31362.08169 6.32001645016154e-05
31375.59401 6.66600040138909e-05
31389.10632 7.4617824427552e-05
31402.61863 7.62371364701426e-05
31416.13095 7.02390806727055e-05
31429.64326 6.1802848693112e-05
31443.15558 5.52255706666417e-05
31456.66789 5.3152976471357e-05
31470.18021 5.32071436192806e-05
31483.69252 5.1752783227859e-05
31497.20484 4.64059740480901e-05
31510.71715 3.8266573820966e-05
31524.22946 3.23777322499896e-05
31537.74178 2.74473253481836e-05
31551.25409 2.35962607470306e-05
31564.76641 2.14461271244924e-05
31578.27872 1.831658358506e-05
31591.79104 1.62974739609684e-05
31605.30335 1.62345584664746e-05
31618.81566 1.40742715299854e-05
31632.32798 1.01648271290419e-05
31645.84029 7.56510650324424e-06
31659.35261 6.67539608769608e-06
31672.86492 5.47941172053217e-06
31686.37724 4.47660144925036e-06
31699.88955 6.19112889030183e-06
31713.40187 5.91274519493544e-06
31726.91418 4.8179748999562e-06
31740.42649 4.5568942739427e-06
31753.93881 1.80928763219723e-06
31767.45112 1.01299250653543e-06
31780.96344 1.65558250413926e-06
31794.47575 4.11153789141001e-06
31807.98807 5.69529928795402e-06
31821.50038 5.16596509982747e-06
31835.0127 4.13605329168156e-06
31848.52501 5.18310232586267e-06
31862.03732 7.12960943616828e-06
31875.54964 6.68916100386406e-06
31889.06195 5.26328463615376e-06
31902.57427 5.96455797055348e-06
31916.08658 8.30857545603808e-06
31929.5989 7.59673510187666e-06
31943.11121 5.26285540744213e-06
31956.62352 5.29057548396768e-06
31970.13584 6.14623912287029e-06
31983.64815 5.68916026825916e-06
31997.16047 2.04999964929289e-06
32010.67278 1.7656869772567e-06
32024.1851 3.73557263491361e-06
32037.69741 5.15010669927106e-06
32051.20973 5.77279669438402e-06
32064.72204 4.41393288939739e-06
32078.23435 2.36120549220745e-06
32091.74667 2.79624919223564e-06
32105.25898 3.70101819161623e-06
32118.7713 3.41039258021652e-06
32132.28361 2.04424716916788e-06
32145.79593 2.19655241316248e-06
32159.30824 3.25180247531787e-06
32172.82055 2.19680022725262e-06
32186.33287 1.26993677136184e-06
32199.84518 2.73676340565097e-06
32213.3575 2.87873648487046e-06
32226.86981 3.06939395651712e-06
32240.38213 2.4989499017985e-06
32253.89444 3.76802055016682e-06
32267.40676 4.96002322561526e-06
32280.91907 6.13845796417851e-06
32294.43138 8.19169471550168e-06
32307.9437 9.33866359199939e-06
32321.45601 1.03606315686546e-05
32334.96833 1.00196135382935e-05
32348.48064 6.60782464616926e-06
32361.99296 5.75524585906872e-06
32375.50527 5.15517970824044e-06
32389.01759 5.21520176508823e-06
32402.5299 4.94994859322288e-06
32416.04221 5.85149034398865e-06
32429.55453 7.06093118315736e-06
32443.06684 4.96511732082345e-06
32456.57916 3.5397083851202e-06
32470.09147 7.48496008125096e-07
32483.60379 1.18628599236299e-06
32497.1161 3.15400960603125e-06
32510.62841 1.93734803504007e-06
32524.14073 1.89895178886172e-06
32537.65304 5.86373584424256e-06
32551.16536 9.24796955735161e-06
32564.67767 7.30675613208153e-06
32578.18999 6.25983876253152e-06
32591.7023 5.49653605000236e-06
32605.21462 4.97332522709336e-06
32618.72693 4.79266331620203e-06
32632.23924 3.29069005131071e-06
32645.75156 4.76958142496729e-06
32659.26387 6.77147504222997e-06
32672.77619 8.90476336039384e-06
32686.2885 7.74082032381479e-06
32699.80082 5.78488564260902e-06
32713.31313 5.36460471968264e-06
32726.82544 4.18087423328852e-06
32740.33776 2.10963266722246e-06
32753.85007 1.09339381213617e-06
32767.36239 3.12569692662425e-06
32780.8747 3.52676727449363e-06
32794.38702 3.31092775816356e-06
32807.89933 3.26860581205635e-06
32821.41165 2.79504142182666e-06
32834.92396 3.09978683006522e-06
32848.43627 7.34225374464224e-07
32861.94859 1.27264834403158e-08
32875.4609 4.75591489540098e-09
32888.97322 3.38865835022566e-07
32902.48553 5.63589665867868e-06
32915.99785 1.05156310405267e-05
32929.51016 7.2327479573918e-06
32943.02247 3.35193547372973e-06
32956.53479 1.29489901987819e-06
32970.0471 8.39358686203454e-07
32983.55942 2.63189355391522e-06
32997.07173 4.83448199186561e-06
33010.58405 6.75917971971569e-06
33024.09636 7.48982976601144e-06
33037.60868 5.84247121523407e-06
33051.12099 2.36933230100039e-06
33064.6333 2.54562900748252e-06
33078.14562 1.43602855190421e-06
33091.65793 2.12538095220338e-06
33105.17025 7.13778851955405e-06
33118.68256 1.08096670764733e-05
33132.19488 7.7270004047439e-06
33145.70719 3.45350767702082e-06
33159.21951 2.68977867409983e-06
33172.73182 4.52128302623442e-06
33186.24413 6.03328030845844e-06
33199.75645 5.30442579764209e-06
33213.26876 5.8109048505903e-06
33226.78108 3.40416355865686e-06
33240.29339 2.47980375988695e-06
33253.80571 1.82376354965446e-06
33267.31802 1.93160150917662e-06
33280.83033 1.31019289497344e-06
33294.34265 1.95254745223928e-06
33307.85496 9.54330519380434e-07
33321.36728 4.87644780849434e-09
33334.87959 2.6875008315195e-08
33348.39191 1.90873579132318e-06
33361.90422 2.95039743396825e-06
33375.41654 1.23991529015326e-06
33388.92885 1.98050479606738e-06
33402.44116 4.20251785913696e-06
33415.95348 3.96633698723187e-06
33429.46579 5.98525912536843e-06
33442.97811 6.06399565615191e-06
33456.49042 5.94233247968379e-06
33470.00274 7.67209074154387e-06
33483.51505 5.05967421020671e-06
33497.02736 5.08582761705366e-06
33510.53968 6.6127026823322e-06
33524.05199 5.18699855975236e-06
33537.56431 2.4325380355607e-06
33551.07662 1.27616792144782e-06
33564.58894 1.54366661659664e-06
33578.10125 2.32276139442834e-06
33591.61357 3.94757401658439e-06
33605.12588 5.40898226157044e-06
33618.63819 6.15317132931425e-06
33632.15051 5.45082648339483e-06
33645.66282 4.37470962956368e-06
33659.17514 2.91671311536193e-06
33672.68745 2.42156832102944e-06
33686.19977 2.12651088864546e-06
33699.71208 2.59531947262601e-06
33713.22439 4.94759081303876e-06
33726.73671 6.01917187917629e-06
33740.24902 5.04774679445252e-06
33753.76134 4.6633237264256e-06
33767.27365 2.36607468110027e-06
33780.78597 1.7611527283096e-06
33794.29828 1.84662297629189e-06
33807.8106 2.29979433356655e-06
33821.32291 2.16546475495687e-06
33834.83522 3.170493819631e-06
33848.34754 3.62930047912214e-06
33861.85985 1.8079560728851e-06
33875.37217 1.38012133094532e-06
33888.88448 2.18769195313043e-06
33902.3968 5.62841074834719e-07
33915.90911 8.95146628625088e-09
33929.42143 4.92726559724905e-09
33942.93374 4.92380630792204e-09
33956.44605 1.63336965461137e-08
33969.95837 8.67602463572688e-07
33983.47068 2.08412532295227e-06
33996.983 3.84147902622619e-06
34010.49531 1.93304363908743e-06
34024.00763 9.73060305925832e-07
34037.51994 1.36117088441267e-06
34051.03225 1.45965522855721e-06
34064.54457 1.70927922500215e-06
34078.05688 1.18387070908463e-06
34091.5692 8.12563944683432e-07
34105.08151 2.05758014092979e-06
34118.59383 1.06099003072177e-06
34132.10614 3.98992999191889e-07
34145.61846 1.58556863989781e-06
34159.13077 1.73403159500989e-06
34172.64308 3.21321967689784e-07
34186.1554 9.81206802054804e-07
34199.66771 1.17730510556804e-06
34213.18003 3.80489730064598e-07
34226.69234 1.1583565085287e-06
34240.20466 2.74999689129829e-06
34253.71697 2.37104905607097e-06
34267.22928 2.87197938733139e-06
34280.7416 1.16395771012373e-06
34294.25391 9.59746498558912e-07
34307.76623 3.47918936480721e-06
34321.27854 4.18161731564468e-06
34334.79086 3.6729227166674e-06
34348.30317 1.83942053028931e-06
34361.81549 2.8054187724124e-06
34375.3278 4.11436649573832e-06
34388.84011 3.25696022290709e-06
34402.35243 2.40214570337109e-06
34415.86474 2.54047212012186e-06
34429.37706 2.84736035446922e-06
34442.88937 3.34054318803336e-06
34456.40169 3.47610096603847e-06
34469.914 4.86563923455242e-06
34483.42631 4.74718498846833e-06
34496.93863 3.76885955870439e-06
34510.45094 3.48852685684579e-06
34523.96326 3.13815455404069e-06
34537.47557 2.1644655306308e-06
34550.98789 2.79862366919523e-06
34564.5002 5.03455003824931e-06
34578.01252 7.85657712016187e-06
34591.52483 1.04733918876766e-05
34605.03714 9.91213393127224e-06
34618.54946 8.18582664830993e-06
34632.06177 6.79993844203983e-06
34645.57409 6.05248218258121e-06
34659.0864 5.77981893821452e-06
34672.59872 4.01586174480763e-06
34686.11103 4.13868035273439e-06
34699.62335 4.98907290928514e-06
34713.13566 4.12291130587296e-06
34726.64797 4.92363425004427e-06
34740.16029 4.0383701017663e-06
34753.6726 6.07260474469686e-06
34767.18492 5.9792349235666e-06
34780.69723 3.32734579514876e-06
34794.20955 2.23375742412149e-06
34807.72186 2.97827048257426e-06
34821.23417 5.66945000435059e-06
34834.74649 8.79227372311968e-06
34848.2588 1.23328056688194e-05
34861.77112 1.52498842355986e-05
34875.28343 1.73609652257816e-05
34888.79575 2.01735956027628e-05
34902.30806 2.20622915391323e-05
34915.82038 2.53922520955293e-05
34929.33269 3.00038973755674e-05
34942.845 3.23239405008244e-05
34956.35732 3.36721036824324e-05
34969.86963 3.55221707880208e-05
34983.38195 3.91989908259307e-05
34996.89426 4.44127699125823e-05
35010.40658 4.80672805865336e-05
35023.91889 4.97004235050393e-05
35037.4312 4.71692618792488e-05
35050.94352 4.26972051904436e-05
35064.45583 4.08535396631193e-05
35077.96815 3.94893237015078e-05
35091.48046 3.86339313913552e-05
35104.99278 3.89659836016276e-05
35118.50509 3.91064814853275e-05
35132.01741 3.80575982954197e-05
35145.52972 3.39264644801848e-05
35159.04203 2.97055433930332e-05
35172.55435 2.86633986360179e-05
35186.06666 2.67166090109437e-05
35199.57898 2.28391580335911e-05
35213.09129 1.81729176111684e-05
35226.60361 1.27820735701349e-05
35240.11592 9.13198389540352e-06
35253.62824 7.15939906370074e-06
35267.14055 8.25433897857981e-06
35280.65286 8.85315417653371e-06
35294.16518 8.18435762814079e-06
35307.67749 9.68380794081425e-06
35321.18981 1.19601819420104e-05
35334.70212 1.20868959158428e-05
35348.21444 9.48325735650476e-06
35361.72675 7.23965602953262e-06
35375.23906 4.13247063254599e-06
35388.75138 3.83844802101088e-06
35402.26369 5.97738547370922e-06
35415.77601 8.43174178286688e-06
35429.28832 9.93669621888956e-06
35442.80064 8.66602274391695e-06
35456.31295 6.36865693608758e-06
35469.82527 4.69846078659085e-06
35483.33758 3.65077324004318e-06
35496.84989 1.76902544467631e-06
35510.36221 2.15561145092648e-06
35523.87452 3.18024708572605e-06
35537.38684 3.96111480436838e-06
35550.89915 6.91930435537728e-06
35564.41147 1.02943531863817e-05
35577.92378 9.18090819166069e-06
35591.43609 6.69273881305944e-06
35604.94841 6.25879166180517e-06
35618.46072 8.11113600023825e-06
35631.97304 1.00994614149693e-05
35645.48535 9.00919928078138e-06
35658.99767 7.01181719382514e-06
35672.50998 6.69813992559054e-06
35686.0223 7.15206721523774e-06
35699.53461 7.04436404513625e-06
35713.04692 7.29565122862052e-06
35726.55924 6.46243014944836e-06
35740.07155 6.09450715322002e-06
35753.58387 5.21588177730662e-06
35767.09618 3.64018410579304e-06
35780.6085 2.24301659307191e-06
35794.12081 2.80098008989553e-06
35807.63312 3.80234613007639e-06
35821.14544 4.39408109510902e-06
35834.65775 2.9556030632804e-06
35848.17007 2.14400840048626e-06
35861.68238 3.12336971461361e-06
35875.1947 5.22293431181402e-06
35888.70701 6.42004694970291e-06
35902.21933 6.86518526632467e-06
35915.73164 5.450942550477e-06
35929.24395 4.16237783073511e-06
35942.75627 5.03221729960389e-06
35956.26858 5.35965686469062e-06
35969.7809 3.70606378223894e-06
35983.29321 3.900884517881e-06
35996.80553 6.39836669151912e-06
36010.31784 8.76384937467299e-06
36023.83016 1.00925860903925e-05
36037.34247 1.10223214748199e-05
36050.85478 1.08341377221858e-05
36064.3671 1.06868985926423e-05
36077.87941 8.94923818358001e-06
36091.39173 7.27793723384422e-06
36104.90404 8.2786016436392e-06
36118.41636 1.04325133551351e-05
36131.92867 1.03075721268048e-05
36145.44098 7.93218912376436e-06
36158.9533 5.85734471521558e-06
36172.46561 6.69163193739153e-06
36185.97793 5.30825540376003e-06
36199.49024 4.22531351373548e-06
36213.00256 4.29254616850641e-06
36226.51487 5.49859426902544e-06
36240.02719 7.15635729320046e-06
36253.5395 8.09461073864438e-06
36267.05181 9.98438030061991e-06
36280.56413 1.21109827742605e-05
36294.07644 1.30690791022973e-05
36307.58876 1.20275866748832e-05
36321.10107 1.04348332011017e-05
36334.61339 1.01175527218538e-05
36348.1257 1.04166866349293e-05
36361.63801 8.07242438672318e-06
36375.15033 6.64312614215478e-06
36388.66264 5.79678712370799e-06
36402.17496 6.39505284902878e-06
36415.68727 6.82094729011215e-06
36429.19959 7.4576447073424e-06
36442.7119 8.69336250020461e-06
36456.22422 1.06606799316497e-05
36469.73653 1.32728826219828e-05
36483.24884 1.38205807111433e-05
36496.76116 1.2047209959667e-05
36510.27347 1.12820186859335e-05
36523.78579 1.14361199575605e-05
36537.2981 1.50618378996899e-05
36550.81042 1.99802454450086e-05
36564.32273 2.09738714366698e-05
36577.83504 2.06782850282663e-05
36591.34736 2.20918499987485e-05
36604.85967 2.34908390377775e-05
36618.37199 2.46091133435119e-05
36631.8843 2.56601641974566e-05
36645.39662 2.65674395745398e-05
36658.90893 2.76839776238371e-05
36672.42125 2.80837428363055e-05
36685.93356 2.78060305253745e-05
36699.44587 2.8075601683752e-05
36712.95819 2.79259473489424e-05
36726.4705 2.87867808800422e-05
36739.98282 3.23338641526302e-05
36753.49513 3.66041464027163e-05
36767.00745 3.95693824446374e-05
36780.51976 4.12672527873675e-05
36794.03208 4.18499514008185e-05
36807.54439 4.17586026726999e-05
36821.0567 4.18075825900052e-05
36834.56902 4.29786914618476e-05
36848.08133 4.45828512769347e-05
36861.59365 4.38759027412003e-05
36875.10596 4.18891829473301e-05
36888.61828 4.15694512819691e-05
36902.13059 4.28681634074458e-05
36915.6429 4.43244200841575e-05
36929.15522 4.33832178448357e-05
36942.66753 3.90660661592045e-05
36956.17985 3.5090471578565e-05
36969.69216 3.48570210604951e-05
36983.20448 3.70052501892647e-05
36996.71679 3.84610212086107e-05
37010.22911 3.7641853885891e-05
37023.74142 3.6559892074746e-05
37037.25373 3.65658363340252e-05
37050.76605 3.53817111870348e-05
37064.27836 3.27902725452086e-05
37077.79068 3.14583552833104e-05
37091.30299 3.09728482543237e-05
37104.81531 3.01163206076798e-05
37118.32762 2.83622587729938e-05
37131.83993 2.5613531437407e-05
37145.35225 2.43703027268587e-05
37158.86456 2.50197929961794e-05
37172.37688 2.56083225580305e-05
37185.88919 2.62182809498389e-05
37199.40151 2.41776675096974e-05
37212.91382 2.10343990916037e-05
37226.42614 2.02343019742437e-05
37239.93845 2.07476264607945e-05
37253.45076 2.04435391793576e-05
37266.96308 1.9559331679197e-05
37280.47539 1.87491558582432e-05
37293.98771 1.75396193306445e-05
37307.50002 1.55695505822782e-05
37321.01234 1.36567559322921e-05
37334.52465 1.30714784732329e-05
37348.03696 1.27952278070386e-05
37361.54928 1.43161524676856e-05
37375.06159 1.41269424263557e-05
37388.57391 1.42438432408339e-05
37402.08622 1.33233761296359e-05
37415.59854 9.94802216698304e-06
37429.11085 8.21606897091155e-06
37442.62317 8.34292882574156e-06
37456.13548 7.47901759784667e-06
37469.64779 6.85749550529656e-06
37483.16011 6.47829532671351e-06
37496.67242 6.80072323203581e-06
37510.18474 7.48615605237776e-06
37523.69705 7.34677252316112e-06
37537.20937 6.15484649456844e-06
37550.72168 5.26578916956212e-06
37564.234 4.98357133041754e-06
37577.74631 5.25564769774079e-06
37591.25862 5.81939380218387e-06
37604.77094 6.05622213501035e-06
37618.28325 6.50187083046164e-06
37631.79557 5.52700998900172e-06
37645.30788 5.40056442010423e-06
37658.8202 5.88536409025619e-06
37672.33251 5.61696477735448e-06
37685.84482 4.54141358024624e-06
37699.35714 3.99207972206518e-06
37712.86945 3.98193701106516e-06
37726.38177 4.6500603775391e-06
37739.89408 5.40231263182615e-06
37753.4064 5.75682292580517e-06
37766.91871 3.84200193248641e-06
37780.43103 2.5701464032049e-06
37793.94334 2.40820582069012e-06
37807.45565 4.16875907946158e-06
37820.96797 5.17108211104329e-06
37834.48028 5.86053472644972e-06
37847.9926 5.50098506250818e-06
37861.50491 2.63604678191488e-06
37875.01723 1.08352199512267e-06
37888.52954 2.13977327216944e-07
37902.04185 7.60355079343169e-08
37915.55417 9.62207053400749e-07
37929.06648 3.0518149175609e-06
37942.5788 5.00087867665392e-06
37956.09111 5.43541277508467e-06
37969.60343 4.91849368476884e-06
37983.11574 4.48655448389522e-06
37996.62806 4.81595978726047e-06
38010.14037 5.11016299951683e-06
38023.65268 4.56554490481761e-06
38037.165 3.76198245016932e-06
38050.67731 3.12760808579732e-06
38064.18963 3.73632125942796e-06
38077.70194 4.43900553307817e-06
38091.21426 6.24088871777667e-06
38104.72657 8.7405168901719e-06
38118.23889 9.14953936108852e-06
38131.7512 7.5732409985962e-06
38145.26351 4.95768726669073e-06
38158.77583 3.00066973692025e-06
38172.28814 1.23535217320973e-06
38185.80046 1.12748147698044e-06
38199.31277 1.93916915844745e-06
38212.82509 3.32797275285206e-06
38226.3374 5.29843150967659e-06
38239.84971 5.64221886713321e-06
38253.36203 4.93462636331755e-06
38266.87434 4.64671219529993e-06
38280.38666 4.80534244155757e-06
38293.89897 5.97224760765786e-06
38307.41129 7.81323363224784e-06
38320.9236 7.56624461008249e-06
38334.43592 8.0014241062113e-06
38347.94823 8.60378907177655e-06
38361.46054 7.29866350168651e-06
38374.97286 6.39574349761318e-06
38388.48517 7.59896728407167e-06
38401.99749 7.60590077035973e-06
38415.5098 6.28119152318038e-06
38429.02212 5.77726643892696e-06
38442.53443 6.0315880009865e-06
38456.04674 6.64580864203868e-06
38469.55906 6.44638859389373e-06
38483.07137 6.65760591024344e-06
38496.58369 7.06396592916022e-06
38510.096 7.83355341343468e-06
38523.60832 7.93758215965759e-06
38537.12063 7.08179460123474e-06
38550.63295 6.88369130369469e-06
38564.14526 6.54475768638362e-06
38577.65757 6.09206949585152e-06
38591.16989 6.68309647207792e-06
38604.6822 8.13205539726295e-06
38618.19452 8.53675388171511e-06
38631.70683 8.00367098054825e-06
38645.21915 7.98015050692776e-06
38658.73146 8.14378038664655e-06
38672.24377 7.42495265420601e-06
38685.75609 7.50868841352778e-06
38699.2684 7.64031993982713e-06
38712.78072 7.49627926503473e-06
38726.29303 6.17324869190829e-06
38739.80535 6.5504134679677e-06
38753.31766 7.51368888114394e-06
38766.82998 8.28971781712041e-06
38780.34229 8.97411780131253e-06
38793.8546 9.67728007655431e-06
38807.36692 9.37644786198731e-06
38820.87923 6.99900758278298e-06
38834.39155 4.04958601943575e-06
38847.90386 3.48300213356504e-06
38861.41618 3.83111900584135e-06
38874.92849 6.64645992081499e-06
38888.44081 8.97700650639492e-06
38901.95312 1.03105755820767e-05
38915.46543 1.08164385083252e-05
38928.97775 8.85949471099911e-06
38942.49006 7.43558915512517e-06
38956.00238 7.95552478412321e-06
38969.51469 8.97014957095483e-06
38983.02701 8.22044674718753e-06
38996.53932 9.20636544912468e-06
39010.05163 1.12645067799359e-05
39023.56395 1.22797528313482e-05
39037.07626 1.28083937855957e-05
39050.58858 1.31488125793488e-05
39064.10089 1.2314119881643e-05
39077.61321 1.00974325860054e-05
39091.12552 8.61636305752076e-06
39104.63784 8.65081889522298e-06
39118.15015 1.01537463608452e-05
39131.66246 9.73919798644456e-06
39145.17478 8.14335566382596e-06
39158.68709 7.47076578870274e-06
39172.19941 7.75279500391972e-06
39185.71172 7.94570441744751e-06
39199.22404 8.29662843161604e-06
39212.73635 8.4027445829933e-06
39226.24866 7.96949713267534e-06
39239.76098 7.04263022848946e-06
39253.27329 6.40675435963595e-06
39266.78561 6.89785341517492e-06
39280.29792 7.33259660697382e-06
39293.81024 6.17109198294701e-06
39307.32255 3.94784156057214e-06
39320.83487 2.34524291690197e-06
39334.34718 2.14171967198499e-06
39347.85949 3.09183874373528e-06
39361.37181 3.09617487457445e-06
39374.88412 2.91803496229849e-06
39388.39644 4.66818885203919e-06
39401.90875 5.28905462555968e-06
39415.42107 5.48053786777862e-06
39428.93338 4.35298590092548e-06
39442.44569 3.52288239860423e-06
39455.95801 3.5816677480321e-06
39469.47032 4.80679572900215e-06
39482.98264 5.04426826291142e-06
39496.49495 4.70512905725621e-06
39510.00727 5.29017794108559e-06
39523.51958 5.65661048311343e-06
39537.0319 4.53038396850036e-06
39550.54421 4.58584462426654e-06
39564.05652 4.62077158452099e-06
39577.56884 4.27703357062685e-06
39591.08115 3.90845981607877e-06
39604.59347 5.48394088271455e-06
39618.10578 8.90272904548622e-06
39631.6181 1.30378004597657e-05
39645.13041 1.57307247907378e-05
39658.64273 1.74950588741115e-05
39672.15504 1.73237975505958e-05
39685.66735 1.64182835349929e-05
39699.17967 1.57890345540795e-05
39712.69198 1.23996606539892e-05
39726.2043 8.41774581104627e-06
39739.71661 8.31986977963719e-06
39753.22893 1.01480200436868e-05
39766.74124 1.21513813370751e-05
39780.25355 1.39551245592607e-05
39793.76587 1.53267450137469e-05
39807.27818 1.66452894960665e-05
39820.7905 1.67945475645135e-05
39834.30281 1.54598124304049e-05
39847.81513 1.29628958998569e-05
39861.32744 1.19686551860791e-05
39874.83976 1.16012844880867e-05
39888.35207 9.8145901461498e-06
39901.86438 8.03231131048977e-06
39915.3767 8.10189482505489e-06
39928.88901 7.95654331120914e-06
39942.40133 8.06085206831949e-06
39955.91364 6.97744043843959e-06
39969.42596 5.46635358620789e-06
39982.93827 4.12619181364727e-06
39996.45058 2.88498213797065e-06
40009.9629 2.88400427414476e-06
40023.47521 3.13454367716228e-06
40036.98753 4.2962278894675e-06
40050.49984 4.35988289225257e-06
40064.01216 3.76955204035491e-06
40077.52447 3.84358831542039e-06
40091.03679 4.76012425068931e-06
40104.5491 4.94196293726554e-06
40118.06141 4.66730204873474e-06
40131.57373 4.79219402388518e-06
40145.08604 6.63899090544599e-06
40158.59836 6.6424364835682e-06
40172.11067 4.37420555692494e-06
40185.62299 2.8460748997947e-06
40199.1353 2.51196399126074e-06
40212.64761 2.70713935730817e-06
40226.15993 2.65945958985252e-06
40239.67224 2.71062944226322e-06
40253.18456 3.02548027550683e-06
40266.69687 4.09332186890438e-06
40280.20919 4.69755290712917e-06
40293.7215 4.53464017691357e-06
40307.23382 5.05474841725286e-06
40320.74613 4.83111640256654e-06
40334.25844 1.92423727986469e-06
40347.77076 7.28344331854933e-07
40361.28307 9.51766219052155e-07
40374.79539 1.47952225096198e-06
40388.3077 1.95887548145104e-06
40401.82002 3.66088793695466e-06
40415.33233 3.73795799365376e-06
40428.84465 3.35193117641911e-06
40442.35696 4.27926854477736e-06
40455.86927 4.26723342000267e-06
40469.38159 4.01839096384361e-06
40482.8939 4.74592750954909e-06
40496.40622 5.71781282646955e-06
40509.91853 5.73868770305134e-06
40523.43085 5.75304751548815e-06
40536.94316 6.2527119716064e-06
40550.45547 6.9653538521387e-06
40563.96779 7.73825620215286e-06
40577.4801 7.64481524681614e-06
40590.99242 7.26657131475703e-06
40604.50473 7.42521551483833e-06
40618.01705 7.65091277318475e-06
40631.52936 7.84765832452862e-06
40645.04168 6.45967028691332e-06
40658.55399 5.63620084442965e-06
40672.0663 6.25150683157742e-06
40685.57862 7.38330624487559e-06
40699.09093 8.62579451193571e-06
40712.60325 9.00859680345617e-06
40726.11556 1.03609221380235e-05
40739.62788 1.16648887274393e-05
40753.14019 1.30310928880915e-05
40766.6525 1.51851827946628e-05
40780.16482 1.67922411878219e-05
40793.67713 1.70886129844857e-05
40807.18945 1.6094489630974e-05
40820.70176 1.55471113824834e-05
40834.21408 1.55529705414852e-05
40847.72639 1.55382653379952e-05
40861.23871 1.52859401126499e-05
40874.75102 1.37993595111192e-05
40888.26333 1.16981408415341e-05
40901.77565 1.09508078466499e-05
40915.28796 1.19084690759733e-05
40928.80028 1.32741272645599e-05
40942.31259 1.43679708384231e-05
40955.82491 1.43145479319948e-05
40969.33722 1.27642493827948e-05
40982.84953 1.06928921719971e-05
40996.36185 1.09358955366133e-05
41009.87416 1.23705168376324e-05
41023.38648 1.33272647015669e-05
41036.89879 1.32067015445474e-05
41050.41111 1.25044213327979e-05
41063.92342 1.15513950033771e-05
41077.43574 1.05885592345486e-05
41090.94805 1.05993857041264e-05
41104.46036 1.06194640000148e-05
41117.97268 9.93271111389034e-06
41131.48499 8.31703784964632e-06
41144.99731 7.31907626306445e-06
41158.50962 7.12544073816719e-06
41172.02194 7.34857121538948e-06
41185.53425 8.20436606577469e-06
41199.04657 8.96648968236516e-06
41212.55888 8.18753896076662e-06
41226.07119 6.2830298581506e-06
41239.58351 5.97135572530809e-06
41253.09582 8.16119151629667e-06
41266.60814 8.87046805755087e-06
41280.12045 8.08676453984377e-06
41293.63277 7.29051878033736e-06
41307.14508 6.19096441913291e-06
41320.65739 5.75252335151057e-06
41334.16971 6.35094037399432e-06
41347.68202 9.06118562597376e-06
41361.19434 1.10675434284326e-05
41374.70665 1.07660492227859e-05
41388.21897 9.80849374752403e-06
41401.73128 9.82795425555827e-06
41415.2436 8.67181478032315e-06
41428.75591 7.59942015297543e-06
41442.26822 7.2336500125821e-06
41455.78054 7.37364612144174e-06
41469.29285 8.40066827703055e-06
41482.80517 1.00378193789165e-05
41496.31748 1.02003123783618e-05
41509.8298 1.06063038595954e-05
41523.34211 1.07997970385695e-05
41536.85442 1.03372889163453e-05
41550.36674 9.35221581274354e-06
41563.87905 8.41300347267262e-06
41577.39137 7.97063858463432e-06
41590.90368 8.38740860564272e-06
41604.416 8.78894561820984e-06
41617.92831 7.9108211286884e-06
41631.44063 6.6808993393201e-06
41644.95294 6.43279107992098e-06
41658.46525 7.30682239210024e-06
41671.97757 8.19010779255047e-06
41685.48988 8.20393679708515e-06
41699.0022 8.82547876877534e-06
41712.51451 9.83438690305889e-06
41726.02683 1.15356029525723e-05
41739.53914 1.39298785915189e-05
41753.05146 1.65895593155632e-05
41766.56377 1.86412859891197e-05
41780.07608 1.80257473882612e-05
41793.5884 1.53169439959462e-05
41807.10071 1.416141178774e-05
41820.61303 1.44888545806095e-05
41834.12534 1.51838430144818e-05
41847.63766 1.62544257457847e-05
41861.14997 1.70715376431705e-05
41874.66228 1.505618922623e-05
41888.1746 1.17883251516052e-05
41901.68691 1.06114018478669e-05
41915.19923 1.07663932349038e-05
41928.71154 1.20322838685054e-05
41942.22386 1.21866079946765e-05
41955.73617 1.16172387768605e-05
41969.24849 1.11683970390343e-05
41982.7608 9.69644531907313e-06
41996.27311 9.20808312140556e-06
42009.78543 1.07690308054968e-05
42023.29774 1.24406285320753e-05
42036.81006 1.40295521434243e-05
42050.32237 1.51545304466326e-05
42063.83469 1.57337167426931e-05
42077.347 1.59540645159562e-05
42090.85931 1.6796322076866e-05
42104.37163 1.75443948495326e-05
42117.88394 1.78455031222182e-05
42131.39626 1.72700134209928e-05
42144.90857 1.74591470733085e-05
42158.42089 1.7721176211481e-05
42171.9332 1.7419987493007e-05
42185.44552 1.64772844283299e-05
42198.95783 1.65780471512085e-05
42212.47014 1.73562994136824e-05
42225.98246 1.75881913294324e-05
42239.49477 1.82832616018448e-05
42253.00709 1.83524669423252e-05
42266.5194 1.70422771380801e-05
42280.03172 1.64929326527648e-05
42293.54403 1.60975176111594e-05
42307.05634 1.61953034942861e-05
42320.56866 1.60685525176466e-05
42334.08097 1.55672999472803e-05
42347.59329 1.50633481339242e-05
42361.1056 1.57761553020182e-05
42374.61792 1.58898167177975e-05
42388.13023 1.5091742763682e-05
42401.64255 1.41300196269558e-05
42415.15486 1.2700058182254e-05
42428.66717 1.13498601393929e-05
42442.17949 1.01346392287132e-05
42455.6918 9.60329853075426e-06
42469.20412 1.00922213308749e-05
42482.71643 1.13143640198777e-05
42496.22875 1.48484015049722e-05
42509.74106 1.67273708962831e-05
42523.25338 1.70490910540631e-05
42536.76569 1.7056266053355e-05
42550.278 1.79475045003917e-05
42563.79032 1.8633294159247e-05
42577.30263 1.65291904185584e-05
42590.81495 1.38026719647274e-05
42604.32726 1.16109191185998e-05
42617.83958 1.04196454726878e-05
42631.35189 1.05522023582911e-05
42644.8642 1.18377163854295e-05
42658.37652 1.37654632781452e-05
42671.88883 1.52540003113453e-05
42685.40115 1.46430677551786e-05
42698.91346 1.37987403640479e-05
42712.42578 1.30294403067958e-05
42725.93809 1.2381222030617e-05
42739.45041 1.21045831492203e-05
42752.96272 1.31004342445327e-05
42766.47503 1.47704345586287e-05
42779.98735 1.68953987623336e-05
42793.49966 1.67560096550081e-05
42807.01198 1.57580782508008e-05
42820.52429 1.52419568296435e-05
42834.03661 1.51724004496191e-05
42847.54892 1.57521055293989e-05
42861.06123 1.66245863587971e-05
42874.57355 1.65979231244017e-05
42888.08586 1.61611459004677e-05
42901.59818 1.56594345750302e-05
42915.11049 1.49750751624851e-05
42928.62281 1.3812987063363e-05
42942.13512 1.30657098225336e-05
42955.64744 1.30325330060265e-05
42969.15975 1.31040439311874e-05
42982.67206 1.17730752063205e-05
42996.18438 1.07979901992744e-05
43009.69669 1.03300702021402e-05
43023.20901 9.73843240344738e-06
43036.72132 6.81728036201875e-06
43050.23364 6.02872971567193e-06
43063.74595 5.61262644545292e-06
43077.25826 5.10290603098043e-06
43090.77058 4.19803006687039e-06
43104.28289 4.40663015074092e-06
43117.79521 4.08639026568888e-06
43131.30752 3.41853566182141e-06
43144.81984 2.01200951066205e-06
43158.33215 1.27775674750543e-06
43171.84447 5.9524658622025e-07
43185.35678 1.68283473052137e-07
43198.86909 9.94424312107896e-08
43212.38141 1.95880071298685e-07
43225.89372 6.6726015581185e-07
43239.40604 9.38469578217308e-07
43252.91835 1.1007166562716e-06
43266.43067 1.49710640363565e-06
43279.94298 2.17067300398265e-06
43293.4553 2.65973902367718e-06
43306.96761 2.31425874248603e-06
43320.47992 1.87625943964811e-06
43333.99224 1.6103312826345e-06
43347.50455 2.27914219612169e-06
43361.01687 4.00437752676187e-06
43374.52918 5.57191654021129e-06
43388.0415 6.41434956453237e-06
43401.55381 6.04872828179858e-06
43415.06612 5.40995680769249e-06
43428.57844 5.54951270259375e-06
43442.09075 7.73367067141542e-06
43455.60307 1.00303169227571e-05
43469.11538 1.15508142489483e-05
43482.6277 1.50281210146855e-05
43496.14001 1.70151419777828e-05
43509.65233 1.74162222714374e-05
43523.16464 1.77811557958344e-05
43536.67695 1.80462741112118e-05
43550.18927 1.85943167337863e-05
43563.70158 1.85874684154112e-05
43577.2139 1.87970060798757e-05
43590.72621 2.06269595397268e-05
43604.23853 2.2460498933767e-05
43617.75084 2.29672016209256e-05
43631.26315 2.37836147665016e-05
43644.77547 2.60533902733742e-05
43658.28778 2.89112774842608e-05
43671.8001 3.16192459142901e-05
43685.31241 3.34926784401968e-05
43698.82473 3.4668059629842e-05
43712.33704 3.62148531322125e-05
43725.84936 4.0039523147728e-05
43739.36167 4.47100594033137e-05
43752.87398 4.98036430381732e-05
43766.3863 5.29568385203532e-05
43779.89861 5.58044017376782e-05
43793.41093 5.90189626411871e-05
43806.92324 6.3174337617272e-05
43820.43556 6.71769303114216e-05
43833.94787 7.06326943735007e-05
43847.46018 7.39211341511768e-05
43860.9725 7.77097935281893e-05
43874.48481 8.32571350576817e-05
43887.99713 8.87843023600541e-05
43901.50944 9.36939935766486e-05
43915.02176 9.63229719823368e-05
43928.53407 0.00010025347775575
43942.04639 0.000105907414730405
43955.5587 0.000113924794548424
43969.07101 0.000121764680348075
43982.58333 0.000130351630942867
43996.09564 0.000139975328780518
44009.60796 0.000151275799291284
44023.12027 0.000161003756239343
44036.63259 0.000170039482680266
44050.1449 0.000178695414096001
44063.65722 0.000189221053928825
44077.16953 0.000200249769136707
44090.68184 0.000212071972674846
44104.19416 0.000224846914505947
44117.70647 0.000239061852351855
44131.21879 0.000253843645173681
44144.7311 0.000269617347618498
44158.24342 0.000287483370952109
44171.75573 0.000308893543737657
44185.26804 0.000332562783216535
44198.78036 0.000357873238377269
44212.29267 0.000383869802763768
44225.80499 0.000410955210308983
44239.3173 0.000439057498368014
44252.82962 0.000467588165666573
44266.34193 0.000498639270072794
44279.85425 0.000532518678580129
44293.36656 0.000569602996842253
44306.87887 0.00060932618409096
44320.39119 0.000652518103660269
44333.9035 0.000699459005857356
44347.41582 0.000750533246474374
44360.92813 0.000805480645277802
44374.44045 0.00086508246972375
44387.95276 0.000930109786940614
44401.46507 0.0010005779414518
44414.97739 0.00107618440261882
44428.4897 0.00115747186700117
44442.00202 0.00124571589846854
44455.51433 0.00134098734047254
44469.02665 0.00144420995983776
44482.53896 0.00155643708372954
44496.05128 0.00168094706035418
44509.56359 0.00181647542054568
44523.0759 0.00196385339470233
44536.58822 0.00212443481656201
44550.10053 0.002301454258919
44563.61285 0.00249603349921392
44577.12516 0.00271046602645539
44590.63748 0.00294600038492648
44604.14979 0.00320448498070845
44617.66211 0.00348853324982227
44631.17442 0.00380351502542491
44644.68673 0.00415009981130875
44658.19905 0.00453180671099738
44671.71136 0.00495481647103053
44685.22368 0.00542620196273681
44698.73599 0.00594949422056553
44712.24831 0.00653199563219309
44725.76062 0.00718029098995682
44739.27293 0.00790083792084903
44752.78525 0.00870289912735797
44766.29756 0.00961373449749074
44779.80988 0.0106286424216624
44793.32219 0.0117578407364993
44806.83451 0.0130251608650554
44820.34682 0.0144494813812776
44833.85914 0.0160466329130253
44847.37145 0.0178580458644459
44860.88376 0.0198994390600904
44874.39608 0.0221926388205452
44887.90839 0.0247777578980885
44901.42071 0.0277096051523547
44914.93302 0.0310195055920333
44928.44534 0.0347587298055756
44941.95765 0.0390037176276068
44955.46996 0.0438035465172948
44968.98228 0.0492247224726556
44982.49459 0.0553563950674917
44996.00691 0.0622709754541366
45009.51922 0.0700475608311943
45023.03154 0.0787791962430974
45036.54385 0.0885149934054137
45050.05617 0.0993424800772702
45063.56848 0.111354922066346
45077.08079 0.124400687864812
45090.59311 0.138609622032461
45104.10542 0.154020789871823
45117.61774 0.170224058807978
45131.13005 0.187217471571775
45144.64237 0.205039709427406
45158.15468 0.223081651849174
45171.66699 0.241035728423233
45185.17931 0.259131376627046
45198.69162 0.276763897345492
45212.20394 0.293318914921395
45225.71625 0.309389305256212
45239.22857 0.324580299551832
45252.74088 0.337975275595857
45266.2532 0.350575806562822
45279.76551 0.362265740678004
45293.27782 0.371888629833915
45306.79014 0.380676040140038
45320.30245 0.388566270647863
45333.81477 0.394843193992691
45347.32708 0.400264543255699
45360.8394 0.404944259331874
45374.35171 0.408532131064198
45387.86403 0.411460376169193
45401.37634 0.413895289988492
45414.88865 0.415652783206306
45428.40097 0.417000705968199
45441.91328 0.418083500597267
45455.4256 0.41883703819582
45468.93791 0.419345679488492
45482.45023 0.419740011879388
45495.96254 0.420031813988001
45509.47485 0.420242221401188
45522.98717 0.420418593895276
45536.49948 0.420562726664819
45550.0118 0.420744283369828
45563.52411 0.420934414986989
45577.03643 0.421130471418824
45590.54874 0.421347444212275
45604.06106 0.42159225580024
45617.57337 0.422222235039864
45631.08568 0.422614185669218
45644.598 0.422901651584282
45658.11031 0.423199347975268
45671.62263 0.423534188294384
45685.13494 0.423851546921741
45698.64726 0.424147855792316
45712.15957 0.424528146759058
45725.67188 0.425173881124031
45739.1842 0.425433342740719
45752.69651 0.42561332125265
45766.20883 0.425774223311289
45779.72114 0.42591605214675
45793.23346 0.426022760133044
45806.74577 0.426082519010347
45820.25809 0.426097555722651
45833.7704 0.4260719192269
45847.28271 0.42601910130237
45860.79503 0.425939003028284
45874.30734 0.425775802122395
45887.81966 0.425600365457769
45901.33197 0.425411815191775
45914.84429 0.425168336057882
45928.3566 0.424891026932784
45941.86891 0.424580326445296
45955.38123 0.424273744631562
45968.89354 0.423949766809545
45982.40586 0.423607704105339
45995.91817 0.423228338472247
46009.43049 0.422860655655361
46022.9428 0.422506210246542
46036.45512 0.422138102691484
46049.96743 0.421764682559753
46063.47974 0.421385610779753
46076.99206 0.421042086696975
46090.50437 0.420691248163016
46104.01669 0.420346350404666
46117.529 0.420048659858325
46131.04132 0.419768629727317
46144.55363 0.419516210907843
46158.06595 0.419257220141934
46171.57826 0.419002593740565
46185.09057 0.418759824830096
46198.60289 0.418544127965653
46212.1152 0.418267372561599
46225.62752 0.417965161800512
46239.13983 0.417678067778583
46252.65215 0.417400471996902
46266.16446 0.417142010018823
46279.67677 0.416862636664719
46293.18909 0.416577730185694
46306.7014 0.416309140590808
46320.21372 0.416041920693544
46333.72603 0.415767678973566
46347.23835 0.415455316723981
46360.75066 0.415151407431009
46374.26298 0.414852353858899
46387.77529 0.414546833140992
46401.2876 0.414216421054358
46414.79992 0.413866065123361
46428.31223 0.413522727700293
46441.82455 0.413165488931079
46455.33686 0.412792679048752
46468.84918 0.412386581325563
46482.36149 0.41198255914391
46495.8738 0.411588694028266
46509.38612 0.411160221783085
46522.89843 0.411159293129973
46536.41075 0.410677436660708
46549.92306 0.41020333417865
46563.43538 0.409723113695882
46576.94769 0.409208917375682
46590.46001 0.408678241865913
46603.97232 0.408141306635411
46617.48463 0.407623565992752
46630.99695 0.407084241470461
46644.50926 0.40652602619316
46658.02158 0.405954135270848
46671.53389 0.405386671263283
46685.04621 0.404825369367931
46698.55852 0.404225558275432
46712.07083 0.403622484551046
46725.58315 0.403020996834991
46739.09546 0.402431594051153
46752.60778 0.401836342534096
46766.12009 0.401208162470687
46779.63241 0.400580591000675
46793.14472 0.39995406200695
46806.65704 0.399323776622226
46820.16935 0.398666107956065
46833.68166 0.397987814520829
46847.19398 0.397315465888859
46860.70629 0.396639894947649
46874.21861 0.395959157080038
46887.73092 0.395239585509435
46901.24324 0.394512820456104
46914.75555 0.393788137570503
46928.26787 0.393036093791021
46941.78018 0.392265407963699
46955.29249 0.391438712589844
46968.80481 0.390602001453144
46982.31712 0.3902001910325
46995.82944 0.38927795080105
47009.34175 0.388315951784377
47022.85407 0.387292818009052
47036.36638 0.386204991350065
47049.87869 0.385068408288285
47063.39101 0.383817970964982
47076.90332 0.382454940465699
47090.41564 0.38102407850359
47103.92795 0.379447297977733
47117.44027 0.377775376520852
47130.95258 0.375971069618472
47144.4649 0.373889752073586
47157.97721 0.37168059114407
47171.48952 0.369249594317512
47185.00184 0.366486652789308
47198.51415 0.363547480122955
47212.02647 0.360143886575719
47225.53878 0.35643534003551
47239.0511 0.352506697746803
47252.56341 0.347905155635348
47266.07572 0.343051258149241
47279.58804 0.337779543273789
47293.10035 0.331916028382208
47306.61267 0.325796368058377
47320.12498 0.318982209558051
47333.6373 0.311719280646679
47347.14961 0.304454960379155
47360.66193 0.29614647062869
47374.17424 0.287531535786129
47387.68655 0.278481345955736
47401.19887 0.268847838038172
47414.71118 0.259129305956427
47428.2235 0.248844492321735
47441.73581 0.238339617929865
47455.24813 0.227834602973219
47468.76044 0.216821760001354
47482.27276 0.205979928354013
47495.78507 0.195094628690211
47509.29738 0.184140621696441
47522.8097 0.173502071955658
47536.32201 0.162848227388755
47549.83433 0.152510524923306
47563.34664 0.142540039912266
47576.85896 0.132738257177786
47590.37127 0.123444645344349
47603.88358 0.114519114440751
47617.3959 0.106008211072338
47630.90821 0.0980105432144026
47644.42053 0.0903784637912133
47657.93284 0.0832637948049498
47671.44516 0.076616724213977
47684.95747 0.0703926118860671
47698.46979 0.064635590670689
47711.9821 0.0592801694399068
47725.49441 0.0543386795761693
47739.00673 0.0497889782103017
47752.51904 0.0455880718256386
47766.03136 0.0417368473000116
47779.54367 0.0382029322678861
47793.05599 0.0349679886005115
47806.5683 0.032007518960071
47820.08061 0.0292991376307602
47833.59293 0.0268257377938793
47847.10524 0.0245678331300705
47860.61756 0.0225119212620548
47874.12987 0.0206335455901573
47887.64219 0.0189212717135281
47901.1545 0.0173583164603681
47914.66682 0.0159307210491421
47928.17913 0.0146328539716592
47941.69144 0.0134459875025421
47955.20376 0.0123648998130586
47968.71607 0.0113783251540082
47982.22839 0.0104753067401017
47995.7407 0.00965342544904386
48009.25302 0.00889977084804368
48022.76533 0.00821105919428125
48036.27764 0.00758145195534473
48049.78996 0.00700307916771426
48063.30227 0.00647337392650846
48076.81459 0.0059855659027776
48090.3269 0.00554318987949177
48103.83922 0.0051337861959426
48117.35153 0.00475735966481933
48130.86385 0.00441553197456488
48144.37616 0.00410030529170996
48157.88847 0.00381013111165642
48171.40079 0.00354292977012435
48184.9131 0.00329548928076942
48198.42542 0.00306712009874292
48211.93773 0.00285597125606073
48225.45005 0.00266085697986583
48238.96236 0.00248244023982197
48252.47468 0.00231714712707035
48265.98699 0.00216451472542219
48279.4993 0.0020225923314951
48293.01162 0.00189065355341102
48306.52393 0.00177026779059735
48320.03625 0.00165851026249008
48333.54856 0.00155526923685869
48347.06088 0.00145827968459956
48360.57319 0.00136712801406609
48374.0855 0.00128298774178029
48387.59782 0.00120464523848871
48401.11013 0.00113278784528475
48414.62245 0.00106573706618807
48428.13476 0.00100320340388772
48441.64708 0.00094526639144146
48455.15939 0.000890999693627457
48468.67171 0.000840306317122828
48482.18402 0.00079285834302783
48495.69633 0.000748518093790299
48509.20865 0.00070710949823426
48522.72096 0.000668078088871168
48536.23328 0.000630459590266434
48549.74559 0.00059533232489387
48563.25791 0.00056268683424546
48576.77022 0.000532513550310997
48590.28253 0.000504207996043895
48603.79485 0.000475616248376537
48617.30716 0.000449055163508381
48630.81948 0.000424665120431358
48644.33179 0.000403980192480428
48657.84411 0.000385512572264389
48671.35642 0.000367299256242972
48684.86874 0.000349590892247514
48698.38105 0.000331860057668471
48711.89336 0.000315738777300873
48725.40568 0.000300922459323305
48738.91799 0.000287024730704934
48752.43031 0.000273883763853636
48765.94262 0.000261807321577819
48779.45494 0.000250471820840141
48792.96725 0.000239679784257585
48806.47956 0.000228447063715749
48819.99188 0.000217620060515581
48833.50419 0.000207882742178638
48847.01651 0.000199293953741231
48860.52882 0.000192075662909825
48874.04114 0.000184305959772799
48887.55345 0.000176514297627936
48901.06577 0.000167768471575176
48914.57808 0.00015969585452539
48928.09039 0.000152587030158059
48941.60271 0.000146304611764035
48955.11502 0.00014066503918157
48968.62734 0.000135120439594268
48982.13965 0.000129656988537662
48995.65197 0.000123708294170084
49009.16428 0.000117984458783442
49022.6766 0.000112547661617495
49036.18891 0.000107726891973607
49049.70122 0.000103277727954189
49063.21354 9.78788916817791e-05
49076.72585 9.25218619706949e-05
49090.23817 8.69018138497048e-05
49103.75048 8.24632950790976e-05
49117.2628 7.88307056075864e-05
49130.77511 7.64802444906733e-05
49144.28742 7.44940738962998e-05
49157.79974 7.29649629712627e-05
49171.31205 7.14144052049219e-05
49184.82437 6.97569683519613e-05
49198.33668 6.77284822601302e-05
49211.849 6.56138955525116e-05
49225.36131 6.46490782234807e-05
49238.87363 6.40239876785882e-05
49252.38594 6.42706456545816e-05
49265.89825 6.39201864987185e-05
49279.41057 6.29286982742315e-05
49292.92288 6.12979828285828e-05
49306.4352 5.95196445447135e-05
49319.94751 5.75986759050108e-05
49333.45983 5.55029395760376e-05
49346.97214 5.28931007253291e-05
49360.48445 5.04135383834962e-05
49373.99677 4.80045058713307e-05
49387.50908 4.58739770116773e-05
49401.0214 4.38738410334471e-05
49414.53371 4.19009477303766e-05
49428.04603 4.03630584333601e-05
49441.55834 3.93906168069782e-05
49455.07066 3.86523462196996e-05
49468.58297 3.80804220921871e-05
49482.09528 3.71978092184577e-05
49495.6076 3.6292184355931e-05
49509.11991 3.54881756900789e-05
49522.63223 3.47093540578034e-05
49536.14454 3.3905856543637e-05
49549.65686 3.3465760658613e-05
49563.16917 3.33072471867726e-05
49576.68148 3.32812915293014e-05
49590.1938 3.31358486393148e-05
49603.70611 3.0930204424665e-05
49617.21843 2.83140020682729e-05
49630.73074 2.56524312070538e-05
49644.24306 2.43961471607017e-05
49657.75537 2.40049507526129e-05
49671.26769 2.32449523283792e-05
49684.78 2.25123939008086e-05
49698.29231 2.18235549265756e-05
49711.80463 2.16349892167388e-05
49725.31694 2.25152236671744e-05
49738.82926 2.28914861266141e-05
49752.34157 2.27299333540027e-05
49765.85389 2.14082464381786e-05
49779.3662 1.99572199683094e-05
49792.87852 1.85229197752764e-05
49806.39083 1.7441137125591e-05
49819.90314 1.6089346295364e-05
49833.41546 1.51938203399018e-05
49846.92777 1.49270266495582e-05
49860.44009 1.56824623971024e-05
49873.9524 1.68525516417142e-05
49887.46472 1.70897036277592e-05
49900.97703 1.7607191263506e-05
49914.48934 1.81065117376635e-05
49928.00166 1.90305810473213e-05
49941.51397 2.03260036487994e-05
49955.02629 2.06412254786971e-05
49968.5386 2.00241102113992e-05
49982.05092 1.83026366910906e-05
49995.56323 1.68733357501784e-05
50009.07555 1.51269714848427e-05
50022.58786 1.51466049207582e-05
50036.10017 1.50970910449706e-05
50049.61249 1.51438084733466e-05
50063.1248 1.53052045018021e-05
50076.63712 1.57198780398301e-05
50090.14943 1.63874990488495e-05
50103.66175 1.65095348670076e-05
50117.17406 1.6663568851656e-05
50130.68637 1.64677879038868e-05
50144.19869 1.66722290785099e-05
50157.711 1.72289870566133e-05
50171.22332 1.79273660581032e-05
50184.73563 1.86560651379282e-05
50198.24795 1.92872022335305e-05
50211.76026 1.99179654968469e-05
50225.27258 1.94902357095219e-05
50238.78489 1.85760934008633e-05
50252.2972 1.67593496230226e-05
50265.80952 1.64021194016005e-05
50279.32183 1.58665090012426e-05
50292.83415 1.55420192102209e-05
50306.34646 1.48607100339175e-05
50319.85878 1.3886732820571e-05
50333.37109 1.43549860977491e-05
50346.88341 1.4961996493768e-05
50360.39572 1.54814442928362e-05
50373.90803 1.52800818583572e-05
50387.42035 1.52493029250125e-05
50400.93266 1.55601665512285e-05
50414.44498 1.59223116563424e-05
50427.95729 1.6362095599178e-05
50441.46961 1.62106455235752e-05
50454.98192 1.5683557732014e-05
50468.49423 1.50504216377654e-05
50482.00655 1.44569845321928e-05
50495.51886 1.40084497416203e-05
50509.03118 1.37545813939935e-05
50522.54349 1.37388356171861e-05
50536.05581 1.37451884712241e-05
50549.56812 1.36481500488166e-05
50563.08044 1.31659635075431e-05
50576.59275 1.22565670941346e-05
50590.10506 1.15782112078014e-05
50603.61738 1.10217799601126e-05
50617.12969 1.0858814780329e-05
50630.64201 1.15313186873316e-05
50644.15432 1.17439128634352e-05
50657.66664 1.20959818685492e-05
50671.17895 1.14064425355322e-05
50684.69126 1.02566641549794e-05
50698.20358 1.01241503478408e-05
50711.71589 1.08034587431936e-05
50725.22821 1.11486572092336e-05
50738.74052 1.04962154357171e-05
50752.25284 1.02641370524009e-05
50765.76515 9.79742170808121e-06
50779.27747 9.36474076114394e-06
50792.78978 8.46095129876652e-06
50806.30209 7.79036010822399e-06
50819.81441 7.57758234349569e-06
50833.32672 7.4251655667062e-06
50846.83904 7.38265689181419e-06
50860.35135 7.28265266040011e-06
50873.86367 7.10504333372497e-06
50887.37598 7.22716504949096e-06
50900.88829 7.53386076448864e-06
50914.40061 7.9552780238564e-06
50927.91292 8.46063635621465e-06
50941.42524 8.83453620415461e-06
50954.93755 9.22561143592889e-06
50968.44987 9.5615612267944e-06
50981.96218 9.79079717906376e-06
50995.4745 9.59768887114199e-06
