"wave" "response"
5504.00024414063 5.49514140051076e-13
5514.00024414063 2.22555268844657e-13
5524.00024414063 5.65745364699386e-13
5534.00024414063 5.38800434065002e-15
5544.00024414063 5.21297619961831e-13
5554.00024414063 5.93371848206271e-13
5564.00024414063 1.20592343227958e-12
5574.00024414062 1.58583561778173e-12
5584.00024414062 3.98165489049048e-13
5594.00024414062 1.52998241406161e-12
5604.00024414062 1.82604374804604e-12
5614.00024414062 1.02797549428085e-12
5624.00024414062 7.09325012029585e-16
5634.00024414062 1.64112080497537e-12
5644.00024414062 1.09519170553187e-12
5654.00024414062 1.44575406330259e-12
5664.00024414062 4.74841677383473e-13
5674.00024414062 3.22103803213815e-13
5684.00024414062 4.5744612715655e-13
5694.00024414062 2.10965762101843e-13
5704.00024414062 1.28037041552958e-12
5714.00024414062 2.90980187282877e-13
5724.00024414062 9.71818464929212e-14
5734.00024414062 5.46588459425331e-13
5744.00024414062 2.43519116602606e-14
5754.00024414062 1.99581120394068e-13
5764.00024414062 3.18407239595515e-13
5774.00024414062 6.26072904863591e-14
5784.00024414062 3.41430558637983e-12
5794.00024414062 2.8536514955654e-14
5804.00024414062 1.85502888619724e-12
5814.00024414062 9.28323324840743e-14
5824.00024414062 3.42963733170239e-12
5834.00024414062 8.3915311298942e-15
5844.00024414062 7.43408027006392e-12
5854.00024414062 2.44264688621277e-12
5864.00024414062 3.46793847596101e-11
5874.00024414062 6.77723955125042e-13
5884.00024414062 3.93473435148417e-14
5894.00024414062 2.36871598595463e-14
5904.00024414062 1.24243075172082e-14
5914.00024414062 7.25523313943134e-15
5924.00024414062 5.88548520550418e-14
5934.00024414062 4.83448588147504e-12
5944.00024414062 3.38078770252258e-15
5954.00024414062 1.08346216555336e-12
5964.00024414062 8.69996024728388e-13
5974.00024414062 1.66893757766263e-13
5984.00024414062 8.80840392188341e-13
5994.00024414062 2.34134426888855e-13
6004.00024414062 6.90764175844848e-13
6014.00024414062 4.36729997562272e-15
6024.00024414062 1.69178926165923e-12
6034.00024414062 1.72128494644589e-12
6044.00024414062 7.59699328959252e-15
6054.00024414062 8.80620215248033e-15
6064.00024414062 1.00234552480162e-14
6074.00024414062 1.08531432918373e-14
6084.00024414062 1.09211442087741e-14
6094.00024414062 1.03858862871113e-14
6104.00024414062 2.94358610353302e-13
6114.00024414062 5.38589927962851e-13
6124.00024414062 4.79182954781385e-13
6134.00024414062 8.2552546823105e-13
6144.00024414062 5.20983349826233e-15
6154.00024414062 4.69615587810434e-15
6164.00024414062 4.32751917852809e-15
6174.00024414062 3.77343757794617e-13
6184.00024414062 4.04940347030863e-15
6194.00024414062 4.7355548249556e-13
6204.00024414062 1.41437736173133e-12
6214.00024414062 3.63018990160663e-15
6224.00024414062 4.00446137566647e-15
6234.00024414062 4.37967854556188e-15
6244.00024414062 5.02052317075015e-15
6254.00024414062 6.07454171592145e-15
6264.00024414062 7.70303879224763e-15
6274.00024414062 1.04133315081025e-14
6284.00024414062 1.49643104242249e-14
6294.00024414062 2.21929568213305e-14
6304.00024414062 3.22810295116529e-14
6314.00024414062 4.25803340976827e-14
6324.00024414062 1.1677758756728e-13
6334.00024414062 4.53815949445742e-14
6344.00024414062 3.74363326962931e-14
6354.00024414062 2.91029356964174e-14
6364.00024414062 2.31772848442623e-14
6374.00024414062 1.98831294351541e-14
6384.00024414062 6.09166575999269e-13
6394.00024414062 1.84659582926299e-14
6404.00024414062 1.98945949836827e-14
6414.00024414062 2.26323648879279e-13
6424.00024414062 2.52488783932246e-14
6434.00024414062 3.49730537725819e-12
6444.00024414062 2.97048534775483e-14
6454.00024414062 2.88897646029753e-14
6464.00024414062 6.74344025807549e-13
6474.00024414062 2.0839756073838e-14
6484.00024414062 1.64140866843351e-14
6494.00024414062 1.31541414150441e-14
6504.00024414062 1.07501621469234e-14
6514.00024414062 9.0125827859766e-15
6524.00024414062 8.11598374137791e-15
6534.00024414062 2.08116165067543e-12
6544.00024414062 7.9544300503499e-15
6554.00024414062 1.17394708961002e-12
6564.00024414062 9.3854183054591e-15
6574.00024414062 1.10561178127001e-14
6584.00024414062 1.31738309028785e-14
6594.00024414062 6.28211977966405e-12
6604.00024414062 4.94141774498826e-12
6614.00024414062 1.01635451844976e-11
6624.00024414062 7.93600606895362e-12
6634.00024414062 2.00734133395576e-14
6644.00024414062 3.28317218042967e-12
6654.00024414062 6.6074951634317e-12
6664.00024414062 1.34056423551677e-14
6674.00024414062 1.18612762387079e-14
6684.00024414062 1.11187700427179e-14
6694.00024414062 6.22557143140544e-12
6704.00024414062 1.07514534326426e-14
6714.00024414063 1.33085997518849e-12
6724.00024414063 9.44453589935617e-13
6734.00024414063 2.41439439092047e-12
6744.00024414063 4.58738195547942e-12
6754.00024414063 6.76856306909608e-12
6764.00024414063 2.43665408321152e-12
6774.00024414063 2.29939363642229e-14
6784.00024414063 2.29075013736474e-14
6794.00024414063 2.24932568719821e-12
6804.00024414063 1.85851964517785e-14
6814.00024414063 1.55331066108988e-14
6824.00024414062 2.6088668642897e-12
6834.00024414062 2.70728904156925e-12
6844.00024414062 6.52355573886857e-12
6854.00024414062 5.16778920312881e-12
6864.00024414062 3.62132623338045e-12
6874.00024414062 4.00606317486614e-12
6884.00024414062 1.97990783610807e-12
6894.00024414062 4.20551910911021e-12
6904.00024414062 1.47653857405817e-11
6914.00024414062 6.35197037825493e-13
6924.00024414062 6.9620842527468e-13
6934.00024414062 1.34710726709262e-11
6944.00024414062 2.23701074725983e-11
6954.00024414062 9.70616502706806e-14
6964.00024414062 6.98095201763869e-12
6974.00024414062 5.84632003274271e-13
6984.00024414062 3.51296617855306e-12
6994.00024414062 3.38270993926135e-12
7004.00024414062 1.46164794332623e-12
7014.00024414062 9.50081763221276e-13
7024.00024414062 3.52516323972815e-12
7034.00024414062 5.0453001305358e-12
7044.00024414062 1.74792828391919e-12
7054.00024414062 3.08217752037601e-12
7064.00024414062 1.11749108623016e-14
7074.00024414062 5.28425872601615e-12
7084.00024414062 7.29502701639363e-13
7094.00024414062 3.63539345425733e-11
7104.00024414062 1.27211543313634e-11
7114.00024414062 1.07238057926366e-11
7124.00024414062 1.70880062288544e-11
7134.00024414062 2.71801472811241e-11
7144.00024414062 1.98832245483881e-10
7154.00024414062 6.72306217656152e-11
7164.00024414062 7.18464685344287e-12
7174.00024414062 5.69981786474059e-11
7184.00024414062 8.06488606272744e-11
7194.00024414062 7.24150882583631e-11
7204.00024414062 1.18578198424588e-11
7214.00024414062 5.54262651087405e-11
7224.00024414062 1.86427406277504e-11
7234.00024414062 5.27904039912663e-12
7244.00024414062 5.18824426956045e-11
7254.00024414062 1.24480139682374e-11
7264.00024414062 1.22227242711009e-11
7274.00024414062 3.22252215746698e-12
7284.00024414062 3.78967194539086e-12
7294.00024414062 6.30069847955043e-12
7304.00024414062 1.22810288081042e-11
7314.00024414062 4.44088544347716e-12
7324.00024414062 1.84346128460749e-12
7334.00024414062 7.53395934691281e-12
7344.00024414062 4.49314052589285e-15
7354.00024414062 3.23704154918227e-12
7364.00024414062 9.72467592791734e-12
7374.00024414062 1.16608223196389e-11
7384.00024414062 3.33516065580485e-12
7394.00024414062 1.46311282681789e-11
7404.00024414062 1.51064761026385e-12
7414.00024414062 2.10553407099781e-11
7424.00024414062 1.43265046306556e-14
7434.00024414062 1.78389562138921e-11
7444.00024414062 4.68091993229181e-11
7454.00024414062 2.29153162847032e-11
7464.00024414062 3.1530248316329e-11
7474.00024414062 2.30740834375999e-10
7484.00024414062 1.333659071365e-10
7494.00024414062 1.98490384979201e-10
7504.00024414062 9.38049560322656e-12
7514.00024414062 2.75247863179971e-11
7524.00024414062 1.57930326415524e-10
7534.00024414062 4.58823145273282e-10
7544.00024414062 1.06420200454608e-10
7554.00024414062 5.19577948369408e-10
7564.00024414062 6.2403364768309e-10
7574.00024414062 5.5924619922665e-11
7584.00024414062 7.09961649564213e-11
7594.00024414062 2.22222859546683e-12
7604.00024414062 3.922136886149e-11
7614.00024414062 5.2039775745843e-12
7624.00024414062 4.07313612937269e-12
7634.00024414062 2.30698494899813e-13
7644.00024414062 1.81862760766446e-12
7654.00024414062 3.21829576963774e-13
7664.00024414062 1.51108192219269e-12
7674.00024414062 8.96111018370844e-12
7684.00024414062 2.31341432131371e-13
7694.00024414062 8.837964729971e-16
7704.00024414062 6.27218986059969e-13
7714.00024414062 1.00615977854362e-12
7724.00024414062 1.79092409108124e-12
7734.00024414062 1.47326791550877e-12
7744.00024414062 2.14860369845001e-12
7754.00024414062 2.8569894933238e-13
7764.00024414062 2.75682521486606e-12
7774.00024414062 4.93316829658954e-13
7784.00024414062 9.22428995729003e-14
7794.00024414062 2.0427542305121e-12
7804.00024414062 7.21847248757733e-13
7814.00024414062 1.30748948440666e-12
7824.00024414062 2.0498180833977e-12
7834.00024414062 1.46771618163807e-15
7844.00024414062 3.59976463311496e-12
7854.00024414062 3.62437443007545e-13
7864.00024414062 1.19558230920338e-15
7874.00024414062 3.85272263654024e-12
7884.00024414062 8.45020080801416e-14
7894.00024414062 2.0640895317273e-11
7904.00024414062 6.40232185744593e-12
7914.00024414062 2.76875828440621e-11
7924.00024414062 1.09757544751642e-11
7934.00024414062 1.98258897320701e-11
7944.00024414062 2.75815000512955e-11
7954.00024414062 4.33288941205689e-12
7964.00024414063 0
7974.00024414063 2.3345290191242e-11
7984.00024414063 1.44768037460319e-11
7994.00024414063 7.43588661975214e-10
8004.00024414063 1.05772399895141e-10
8014.00024414063 1.59051545579759e-13
8024.00024414063 3.9992477834893e-10
8034.00024414063 4.01996721369748e-10
8044.00024414063 2.79313856762631e-10
8054.00024414063 1.06664252531756e-11
8064.00024414063 1.21784322317176e-10
8074.00024414062 1.3381568314934e-10
8084.00024414062 4.31432210255103e-10
8094.00024414062 4.04263844221941e-12
8104.00024414062 9.04152620014465e-14
8114.00024414062 2.00545536610735e-10
8124.00024414062 1.14051413312788e-13
8134.00024414062 1.97996088201058e-10
8144.00024414062 1.04079546694613e-10
8154.00024414062 1.31439894727799e-13
8164.00024414062 7.08737936993716e-11
8174.00024414062 1.14023058532803e-13
8184.00024414062 1.48669347588422e-11
8194.00024414062 6.57868876627456e-11
8204.00024414062 3.15842009974473e-10
8214.00024414062 1.84768398527011e-13
8224.00024414062 1.22777570139328e-10
8234.00024414062 2.28412657171608e-11
8244.00024414062 0
8254.00024414062 6.4940304910397e-14
8264.00024414062 1.43394432461459e-13
8274.00024414062 1.26087999596537e-13
8284.00024414062 4.35453334342092e-14
8294.00024414062 8.5581304601423e-12
8304.00024414062 1.23682615337257e-10
8314.00024414062 1.70887139357624e-10
8324.00024414062 1.43038167712616e-10
8334.00024414062 4.52754116059636e-11
8344.00024414062 9.59415115603035e-14
8354.00024414062 1.25515398576565e-10
8364.00024414062 3.68835849797986e-10
8374.00024414062 1.5674041761201e-10
8384.00024414062 1.21806797307958e-10
8394.00024414062 1.06720270928667e-13
8404.00024414062 8.63423777015156e-14
8414.00024414062 8.21301601473272e-14
8424.00024414062 3.32351595098247e-10
8434.00024414062 4.08253136159795e-10
8444.00024414062 1.44213232707094e-10
8454.00024414062 1.52657423711456e-11
8464.00024414062 8.96847092374139e-14
8474.00024414062 3.3453708142649e-10
8484.00024414062 1.06278000967185e-13
8494.00024414062 8.32660137012126e-14
8504.00024414062 5.50283815646417e-11
8514.00024414062 1.04447326019325e-13
8524.00024414062 1.0666911939926e-10
8534.00024414062 1.23449227698111e-13
8544.00024414062 3.22974701479098e-10
8554.00024414062 7.44056344394602e-14
8564.00024414062 7.82785023643725e-11
8574.00024414062 5.15198240521726e-14
8584.00024414062 2.62563427758099e-10
8594.00024414062 1.64575940425053e-10
8604.00024414062 2.9126949016911e-10
8614.00024414062 4.96721962135906e-10
8624.00024414062 6.34283969986356e-14
8634.00024414062 3.58004178391775e-10
8644.00024414062 9.47979983146084e-14
8654.00024414062 1.02558766927291e-13
8664.00024414062 4.19952202491206e-10
8674.00024414062 6.76279416994389e-14
8684.00024414062 1.28014884300811e-09
8694.00024414062 1.10007552213524e-13
8704.00024414062 1.11892031653243e-13
8714.00024414062 5.99791750250665e-10
8724.00024414062 1.87478926991878e-10
8734.00024414062 1.36178270771817e-09
8744.00024414062 9.43891543398721e-14
8754.00024414062 9.79464377989988e-14
8764.00024414062 1.00547994256074e-09
8774.00024414062 1.04343393523988e-13
8784.00024414062 8.54002985231221e-10
8794.00024414062 9.26627907128871e-14
8804.00024414062 1.47207907564433e-09
8814.00024414062 7.46087183936232e-14
8824.00024414062 2.78663783222228e-09
8834.00024414062 7.40473186067811e-14
8844.00024414062 6.41762349844675e-14
8854.00024414062 2.61712043459099e-09
8864.00024414062 6.95464479557292e-14
8874.00024414062 2.24878560406722e-10
8884.00024414062 6.36429599793613e-14
8894.00024414062 6.26799097507689e-14
8904.00024414062 7.67406588586534e-14
8914.00024414062 9.57662756482796e-10
8924.00024414062 3.38323824190063e-09
8934.00024414062 4.2350076127164e-10
8944.00024414062 3.55811140613072e-09
8954.00024414062 3.6010108871824e-09
8964.00024414062 9.48316038997283e-14
8974.00024414062 4.96638283568981e-09
8984.00024414062 7.21486796815336e-09
8994.00024414062 9.21435571197046e-14
9004.00024414062 9.51751363092816e-11
9014.00024414062 6.92888935935137e-11
9024.00024414062 3.02407931526592e-10
9034.00024414062 6.97516000091835e-12
9044.00024414062 1.52547297646233e-10
9054.00024414062 9.02182347784377e-11
9064.00024414062 1.10877460942012e-10
9074.00024414062 1.63518196275684e-10
9084.00024414062 5.42125788030089e-12
9094.00024414062 6.07316296134052e-11
9104.00024414062 7.2496085257293e-14
9114.00024414062 4.69244536192452e-11
9124.00024414062 2.93915546697373e-11
9134.00024414062 6.23008056968138e-11
9144.00024414062 9.26044019618633e-11
9154.00024414062 1.01109244684006e-10
9164.00024414062 5.87693433045756e-11
9174.00024414062 1.17654885349272e-10
9184.00024414062 1.12019277470233e-10
9194.00024414062 1.54201539469259e-10
9204.00024414062 2.07171864145063e-10
9214.00024414062 1.71597277573743e-10
9224.00024414062 2.58756028123832e-10
9234.00024414062 2.02428401263679e-10
9244.00024414062 3.32489607116565e-10
9254.00024414062 2.94246424523079e-10
9264.00024414062 2.04403440381338e-10
9274.00024414062 1.62998803770856e-10
9284.00024414062 2.26708403035603e-10
9294.00024414062 1.5335207318738e-10
9304.00024414062 2.37793099991403e-10
9314.00024414062 1.78090902807714e-10
9324.00024414062 2.12731441027438e-10
9334.00024414062 5.96850874153765e-10
9344.00024414062 3.85144547906342e-10
9354.00024414062 4.32035920324077e-10
9364.00024414062 6.38471498674888e-10
9374.00024414062 8.86250318690432e-10
9384.00024414062 6.43119012367569e-10
9394.00024414062 1.07853746753282e-09
9404.00024414062 1.32710853692723e-09
9414.00024414062 1.42369724666976e-09
9424.00024414062 1.60614339870825e-09
9434.00024414062 1.85970786986588e-09
9444.00024414062 1.87405036444295e-09
9454.00024414062 2.02998537443513e-09
9464.00024414062 1.70956158063237e-09
9474.00024414062 1.51034641200103e-09
9484.00024414062 1.28651903526694e-09
9494.00024414062 6.3688267353207e-10
9504.00024414062 6.87036986184096e-10
9514.00024414062 6.45677001758698e-10
9524.00024414062 1.1812657107575e-10
9534.00024414062 2.68931844884975e-10
9544.00024414062 2.19468666044995e-10
9554.00024414062 1.12348663182518e-10
9564.00024414062 3.54507895679917e-10
9574.00024414062 7.49701815771083e-11
9584.00024414062 6.41263394367612e-11
9594.00024414062 1.35561286873582e-10
9604.00024414062 4.42181220834516e-10
9614.00024414062 6.61557326698635e-10
9624.00024414062 5.52167651340382e-10
9634.00024414062 8.25118442272852e-10
9644.00024414062 1.23303089797558e-09
9654.00024414062 1.26415671417117e-09
9664.00024414062 1.31425336427879e-09
9674.00024414062 1.91487304578831e-09
9684.00024414062 1.58004000832788e-09
9694.00024414062 1.65320350264873e-09
9704.00024414062 7.40953195081145e-10
9714.00024414062 1.50188685336523e-09
9724.00024414062 1.604935847371e-09
9734.00024414062 1.37978719490069e-09
9744.00024414062 1.17601072000959e-09
9754.00024414062 1.86720683491155e-09
9764.00024414062 2.26595061766314e-09
9774.00024414062 1.22084936279628e-09
9784.00024414062 2.09388390805454e-09
9794.00024414062 2.67115125948837e-09
9804.00024414062 5.18356580732181e-09
9814.00024414062 4.71964057898828e-09
9824.00024414062 6.92971961570416e-09
9834.00024414062 3.94575526598678e-09
9844.00024414062 6.03274416682069e-09
9854.00024414062 6.96504401279493e-09
9864.00024414062 4.73340206478241e-09
9874.00024414062 7.35498351125071e-09
9884.00024414062 1.33057890551758e-08
9894.00024414062 1.61583794840976e-08
9904.00024414062 1.68943817680845e-08
9914.00024414062 4.96104748063592e-09
9924.00024414062 2.33980819223753e-08
9934.00024414062 2.30143359532088e-08
9944.00024414062 4.04158603856827e-08
9954.00024414062 5.08397907848418e-08
9964.00024414062 6.28636367271585e-08
9974.00024414062 7.88719982477057e-08
9984.00024414062 6.32974909427729e-08
9994.00024414062 1.11502132639735e-07
10004.0002441406 8.86757822870283e-08
10014.0002441406 1.82293189790433e-07
10024.0002441406 1.28898027819787e-07
10034.0002441406 1.54075058980364e-07
10044.0002441406 6.91922773828314e-08
10054.0002441406 2.1537080289822e-11
10064.0002441406 2.35381819867206e-07
10074.0002441406 4.28272318332654e-07
10084.0002441406 5.93064851022729e-09
10094.0002441406 5.23935203609552e-07
10104.0002441406 2.48695495228569e-11
10114.0002441406 2.51729631575005e-07
10124.0002441406 4.6931072097789e-08
10134.0002441406 8.28781050155663e-07
10144.0002441406 2.92598028704505e-07
10154.0002441406 2.4974624167228e-07
10164.0002441406 3.27516353281409e-07
10174.0002441406 8.2052246743095e-08
10184.0002441406 1.18134002767448e-07
10194.0002441406 2.87141671883306e-11
10204.0002441406 8.07550916593776e-08
10214.0002441406 7.45085480869664e-07
10224.0002441406 2.95698954800677e-11
10234.0002441406 7.60647454636791e-07
10244.0002441406 2.98460760684283e-11
10254.0002441406 4.39736820585945e-07
10264.0002441406 5.3783283843502e-07
10274.0002441406 1.63788992263922e-07
10284.0002441406 1.00453244186834e-06
10294.0002441406 3.04456226214088e-11
10304.0002441406 2.76036750454234e-07
10314.0002441406 7.04976921951544e-07
10324.0002441406 2.25175744449205e-07
10334.0002441406 1.88911281545701e-07
10344.0002441406 1.30233413477104e-07
10354.0002441406 3.0206267240829e-08
10364.0002441406 2.06453117972189e-07
10374.0002441406 4.54514311729117e-08
10384.0002441406 2.55249325651476e-07
10394.0002441406 1.36402336460549e-07
10404.0002441406 2.34271506064933e-07
10414.0002441406 9.92945415665094e-07
10424.0002441406 3.10432562893453e-11
10434.0002441406 1.74582089090931e-07
10444.0002441406 5.77611116784921e-07
10454.0002441406 2.76712377948102e-08
10464.0002441406 2.9060163055134e-07
10474.0002441406 1.20770162419019e-07
10484.0002441406 3.13502344660319e-11
10494.0002441406 4.9058883296474e-07
10504.0002441406 4.25090447185959e-07
10514.0002441406 1.98946723804146e-07
10524.0002441406 3.51368470166708e-07
10534.0002441406 1.61225611903218e-07
10544.0002441406 2.02678262314573e-07
10554.0002441406 1.26046588899677e-07
10564.0002441406 7.24605820563872e-08
10574.0002441406 3.8295018296867e-09
10584.0002441406 7.01782956155981e-07
10594.0002441406 9.59369575976392e-08
10604.0002441406 2.11524238299874e-08
10614.0002441406 3.93541316496161e-08
10624.0002441406 3.03319422866945e-07
10634.0002441406 5.20504530525686e-07
10644.0002441406 8.36905561191822e-07
10654.0002441406 6.38208405921401e-08
10664.0002441406 1.16757238906692e-07
10674.0002441406 7.92956066585544e-07
10684.0002441406 1.63892737348549e-07
10694.0002441406 3.21517922221741e-11
10704.0002441406 5.71861800739489e-07
10714.0002441406 2.49551414500136e-07
10724.0002441406 3.2209203560292e-11
10734.0002441406 3.33421511210225e-07
10744.0002441406 6.94611571065464e-09
10754.0002441406 3.33551146992434e-07
10764.0002441406 1.59343333063528e-08
10774.0002441406 1.56983567850077e-07
10784.0002441406 1.05820452173763e-07
10794.0002441406 1.02142005784649e-07
10804.0002441406 1.48988796275983e-07
10814.0002441406 4.07739888508492e-07
10824.0002441406 2.48058591988567e-07
10834.0002441406 4.09497403027829e-07
10844.0002441406 6.36087303523867e-08
10854.0002441406 6.40503275774379e-08
10864.0002441406 1.38446883843566e-07
10874.0002441406 3.02187811546922e-07
10884.0002441406 1.53153362005431e-07
10894.0002441406 8.76539333059347e-08
10904.0002441406 2.80980784270314e-07
10914.0002441406 3.90918418537181e-09
10924.0002441406 4.3557596260141e-08
10934.0002441406 4.6012386474879e-07
10944.0002441406 1.38921514356613e-07
10954.0002441406 4.66968238663694e-07
10964.0002441406 6.28556044657594e-07
10974.0002441406 1.20756143776972e-08
10984.0002441406 6.41855799424801e-07
10994.0002441406 5.52321626693e-07
11004.0002441406 3.83703752648673e-07
11014.0002441406 9.05674102576488e-07
11024.0002441406 4.04755479386663e-08
11034.0002441406 1.87180281033035e-07
11044.0002441406 1.38956772221306e-07
11054.0002441406 6.11013784081996e-07
11064.0002441406 4.52577917384687e-07
11074.0002441406 6.97933369290897e-07
11084.0002441406 3.06449556038589e-07
11094.0002441406 1.06607177299047e-07
11104.0002441406 1.06648572342722e-07
11114.0002441406 2.88010411934613e-07
11124.0002441406 3.49451409747611e-08
11134.0002441406 1.41803309591731e-07
11144.0002441406 3.75242993405155e-07
11154.0002441406 2.94929901446745e-07
11164.0002441406 9.47500834995017e-08
11174.0002441406 1.19917983777197e-07
11184.0002441406 1.97651966666692e-07
11194.0002441406 6.99166968558358e-07
11204.0002441406 3.43637478247826e-11
11214.0002441406 9.29539461060668e-07
11224.0002441406 2.75375675106962e-07
11234.0002441406 1.31519991471595e-07
11244.0002441406 7.08504122992978e-08
11254.0002441406 2.40421070705718e-07
11264.0002441406 3.55410860204852e-07
11274.0002441406 5.13452393297063e-07
11284.0002441406 2.52833482677559e-07
11294.0002441406 4.96472985418919e-07
11304.0002441406 4.13776691087695e-07
11314.0002441406 5.03036948423194e-07
11324.0002441406 4.46523196718519e-07
11334.0002441406 3.93043852286003e-08
11344.0002441406 2.0022727406358e-08
11354.0002441406 1.21531907808382e-06
11364.0002441406 3.50341414034165e-11
11374.0002441406 1.08844455841016e-06
11384.0002441406 5.64259291616366e-07
11394.0002441406 7.33806647942668e-07
11404.0002441406 1.22958610234975e-07
11414.0002441406 3.52125278662761e-07
11424.0002441406 6.34004407599598e-08
11434.0002441406 3.09265041326667e-07
11444.0002441406 7.59698342683554e-07
11454.0002441406 2.04870823854432e-07
11464.0002441406 8.57914320946002e-08
11474.0002441406 3.44378598388762e-07
11484.0002441406 5.38830977345027e-08
11494.0002441406 3.07735324019951e-07
11504.0002441406 3.11777005163423e-07
11514.0002441406 5.49321047363597e-07
11524.0002441406 7.21631715992749e-07
11534.0002441406 5.52209576049865e-08
11544.0002441406 1.45985199765504e-07
11554.0002441406 8.8764611648915e-08
11564.0002441406 3.78993673009412e-07
11574.0002441406 3.62464628295183e-11
11584.0002441406 7.01703420952383e-07
11594.0002441406 6.40784243729786e-07
11604.0002441406 9.14912689134084e-07
11614.0002441406 3.12527109809893e-07
11624.0002441406 5.12803528296718e-07
11634.0002441406 4.71659148210741e-07
11644.0002441406 2.02042524550004e-07
11654.0002441406 1.1966058765257e-07
11664.0002441406 6.38929745947347e-07
11674.0002441406 3.36153820828646e-07
11684.0002441406 1.9270887635127e-07
11694.0002441406 1.40208021926653e-06
11704.0002441406 3.63535675892354e-11
11714.0002441406 4.24119307345566e-07
11724.0002441406 4.76448389503352e-07
11734.0002441406 2.50666890695085e-07
11744.0002441406 1.685249988619e-07
11754.0002441406 2.48734193656426e-07
11764.0002441406 1.53578321780357e-07
11774.0002441406 1.67277962458852e-07
11784.0002441406 1.70004580743235e-07
11794.0002441406 5.29731216260928e-07
11804.0002441406 7.25289807978568e-07
11814.0002441406 8.55606570878092e-07
11824.0002441406 7.23481922995631e-07
11834.0002441406 1.56029887010457e-07
11844.0002441406 5.3027873583729e-07
11854.0002441406 1.36512566764577e-07
11864.0002441406 4.82549809274179e-07
11874.0002441406 1.98479089628386e-07
11884.0002441406 1.29118950857995e-07
11894.0002441406 4.68609193542591e-07
11904.0002441406 2.63302207607722e-07
11914.0002441406 9.90410628672518e-07
11924.0002441406 2.46548996610371e-11
11934.0002441406 2.36765320580002e-11
11944.0002441406 5.91346587553162e-07
11954.0002441406 1.64933791687642e-07
11964.0002441406 3.48710260123669e-07
11974.0002441406 3.72191186843107e-07
11984.0002441406 8.87945884675974e-08
11994.0002441406 4.11106751378681e-07
12004.0002441406 3.20686796747966e-07
12014.0002441406 4.71297664345413e-08
12024.0002441406 5.08000169802765e-07
12034.0002441406 2.50101941463465e-07
12044.0002441406 2.41009756813248e-07
12054.0002441406 1.37291276060882e-07
12064.0002441406 2.60138190061521e-11
12074.0002441406 6.82855098681624e-07
12084.0002441406 2.92980525390781e-07
12094.0002441406 2.15286858772858e-07
12104.0002441406 1.93996795113331e-07
12114.0002441406 4.33600583472617e-07
12124.0002441406 4.11458240323872e-07
12134.0002441406 4.68149580020289e-07
12144.0002441406 8.05979426863983e-08
12154.0002441406 2.99211371229234e-08
12164.0002441406 5.96453427481235e-07
12174.0002441406 4.13112019098961e-07
12184.0002441406 1.01462877609508e-07
12194.0002441406 8.30438099549442e-07
12204.0002441406 4.4923217171385e-08
12214.0002441406 5.22205622649893e-07
12224.0002441406 1.51908020016462e-07
12234.0002441406 8.01531227564819e-07
12244.0002441406 1.21311716933538e-07
12254.0002441406 3.77514612925146e-11
12264.0002441406 2.62651410776542e-07
12274.0002441406 9.58533554561196e-07
12284.0002441406 7.04027926899659e-08
12294.0002441406 2.19199644953435e-07
12304.0002441406 5.51317951567859e-07
12314.0002441406 6.45985975231153e-07
12324.0002441406 5.35925696714622e-08
12334.0002441406 3.23690087387389e-07
12344.0002441406 2.70064186196443e-07
12354.0002441406 3.78887420857727e-11
12364.0002441406 1.09151921998052e-07
12374.0002441406 1.11014151981707e-06
12384.0002441406 6.27986990769061e-07
12394.0002441406 6.85247945631412e-08
12404.0002441406 1.15560502026409e-06
12414.0002441406 5.66899328634812e-07
12424.0002441406 3.29266944186002e-07
12434.0002441406 4.50924177222805e-07
12444.0002441406 7.5138783647668e-07
12454.0002441406 7.3840754042972e-07
12464.0002441406 5.20489505070696e-07
12474.0002441406 5.72264585319046e-07
12484.0002441406 1.24354608990134e-07
12494.0002441406 5.17524857494735e-07
12504.0002441406 3.51355507230991e-07
12514.0002441406 1.41975003301836e-07
12524.0002441406 4.55558764073976e-07
12534.0002441406 1.16764353063967e-07
12544.0002441406 1.19538938072696e-06
12554.0002441406 1.86445344908868e-07
12564.0002441406 8.6262558230953e-07
12574.0002441406 4.95121971532269e-07
12584.0002441406 1.50913533494379e-07
12594.0002441406 4.30468528838662e-08
12604.0002441406 7.69210035855621e-07
12614.0002441406 4.37058617424093e-07
12624.0002441406 3.18306394037123e-07
12634.0002441406 6.43200460637841e-07
12644.0002441406 7.64178241687625e-07
12654.0002441406 3.83016834002637e-11
12664.0002441406 6.34748162793342e-07
12674.0002441406 6.92747599663518e-07
12684.0002441406 6.27549453579062e-08
12694.0002441406 1.48723616454278e-06
12704.0002441406 7.28383428590761e-07
12714.0002441406 1.12365021831105e-07
12724.0002441406 7.1153528709956e-07
12734.0002441406 1.07568007562959e-07
12744.0002441406 8.03660266116101e-07
12754.0002441406 7.59221100655395e-08
12764.0002441406 5.83752953788225e-07
12774.0002441406 4.47675614528474e-08
12784.0002441406 1.34318432083676e-07
12794.0002441406 1.37975350189204e-06
12804.0002441406 4.12373682328676e-07
12814.0002441406 5.9445935215406e-08
12824.0002441406 4.98871712413302e-07
12834.0002441406 9.43169021237624e-07
12844.0002441406 5.43732551653687e-07
12854.0002441406 2.05431624026714e-07
12864.0002441406 1.0963911201999e-06
12874.0002441406 2.31969893275173e-07
12884.0002441406 5.69254462132864e-07
12894.0002441406 8.99569618937335e-07
12904.0002441406 8.57279124764659e-08
12914.0002441406 5.22179150569447e-07
12924.0002441406 3.52259908496033e-07
12934.0002441406 7.58597084097182e-08
12944.0002441406 5.26736377506926e-07
12954.0002441406 2.98117497301019e-07
12964.0002441406 5.9847191620896e-07
12974.0002441406 4.62806600626722e-07
12984.0002441406 3.8282795023569e-08
12994.0002441406 5.89156020859681e-07
13004.0002441406 7.97103441953701e-07
13014.0002441406 7.29912966078258e-08
13024.0002441406 3.87946131811194e-11
13034.0002441406 5.95329806425696e-07
13044.0002441406 2.03947440897448e-07
13054.0002441406 3.3770561085574e-07
13064.0002441406 1.2484287751154e-07
13074.0002441406 1.69407255260307e-07
13084.0002441406 3.94950646781802e-07
13094.0002441406 8.05583116521012e-07
13104.0002441406 1.83676549243027e-07
13114.0002441406 5.14055564579354e-07
13124.0002441406 8.82290857333543e-08
13134.0002441406 3.15523581160519e-07
13144.0002441406 8.90159977332557e-07
13154.0002441406 7.9781006891822e-08
13164.0002441406 2.41677506227769e-07
13174.0002441406 1.7313341044254e-07
13184.0002441406 1.95086408670848e-07
13194.0002441406 5.64239468659472e-07
13204.0002441406 1.39090167716881e-07
13214.0002441406 1.58512017698973e-07
13224.0002441406 1.91715893162768e-07
13234.0002441406 5.19283757068503e-07
13244.0002441406 4.86565219517883e-07
13254.0002441406 5.31194954856562e-08
13264.0002441406 9.21399225433851e-07
13274.0002441406 1.33162882307497e-07
13284.0002441406 7.57621612368796e-07
13294.0002441406 3.12981290033791e-07
13304.0002441406 1.66760964852643e-07
13314.0002441406 4.49267666822389e-07
13324.0002441406 7.24040984472035e-07
13334.0002441406 1.86796412011904e-07
13344.0002441406 7.89533446718822e-07
13354.0002441406 8.86284107052906e-07
13364.0002441406 2.18194208093414e-07
13374.0002441406 5.0732244937475e-09
13384.0002441406 6.05355207477829e-07
13394.0002441406 3.80665319696889e-07
13404.0002441406 9.15892961435279e-08
13414.0002441406 3.03976314471121e-08
13424.0002441406 9.8806251266045e-08
13434.0002441406 7.03633526068641e-07
13444.0002441406 4.03535857301025e-07
13454.0002441406 1.31636244352508e-06
13464.0002441406 1.6313386692349e-07
13474.0002441406 3.1267688165898e-07
13484.0002441406 7.32932418816851e-07
13494.0002441406 3.16916842744792e-07
13504.0002441406 5.49920798738073e-07
13514.0002441406 2.95517890693919e-07
13524.0002441406 1.7313072203094e-06
13534.0002441406 3.99388900451202e-11
13544.0002441406 4.28187820995103e-07
13554.0002441406 8.77219722493316e-07
13564.0002441406 6.22745624379852e-07
13574.0002441406 4.68956141250737e-07
13584.0002441406 6.93324771121391e-07
13594.0002441406 1.23500164442848e-06
13604.0002441406 8.01896684483038e-07
13614.0002441406 9.03034154432607e-07
13624.0002441406 4.48928978249965e-07
13634.0002441406 5.33445008602058e-07
13644.0002441406 7.13264916345528e-07
13654.0002441406 9.31923488187896e-07
13664.0002441406 5.61845503288059e-07
13674.0002441406 1.20471826576723e-06
13684.0002441406 4.42110730715785e-07
13694.0002441406 8.18106813834932e-07
13704.0002441406 1.19037918030719e-06
13714.0002441406 3.13436852445427e-08
13724.0002441406 2.71716373577573e-07
13734.0002441406 1.37429479689089e-06
13744.0002441406 5.77041046243883e-07
13754.0002441406 1.02245627328739e-06
13764.0002441406 4.22315204020031e-07
13774.0002441406 7.35678234652324e-07
13784.0002441406 7.20244036227658e-07
13794.0002441406 9.21947402950476e-07
13804.0002441406 1.5686251332271e-06
13814.0002441406 5.54544915909629e-07
13824.0002441406 9.6611795881122e-07
13834.0002441406 1.22345057433209e-06
13844.0002441406 7.88153552100308e-07
13854.0002441406 6.77401990370366e-07
13864.0002441406 1.15741236053757e-06
13874.0002441406 4.76635810388166e-07
13884.0002441406 9.6548638354591e-07
13894.0002441406 2.58960623386516e-07
13904.0002441406 2.92729389002418e-07
13914.0002441406 8.88538614635177e-07
13924.0002441406 8.75853815220326e-07
13934.0002441406 3.34925151138703e-07
13944.0002441406 2.76182783309883e-07
13954.0002441406 3.76524625885336e-07
13964.0002441406 8.97696992798487e-07
13974.0002441406 6.14300478555932e-07
13984.0002441406 7.00537361106017e-07
13994.0002441406 6.70263917501747e-08
14004.0002441406 9.11584222466092e-07
14014.0002441406 1.12095613724888e-06
14024.0002441406 1.57687732582337e-06
14034.0002441406 7.34475405650328e-08
14044.0002441406 4.12435057291531e-07
14054.0002441406 1.77540074185453e-06
14064.0002441406 1.34420781733622e-06
14074.0002441406 3.96499152821609e-11
14084.0002441406 7.12882668971119e-07
14094.0002441406 1.19504593303523e-06
14104.0002441406 1.08061929560437e-06
14114.0002441406 2.6178435802812e-07
14124.0002441406 1.00898302276707e-06
14134.0002441406 5.59695556071019e-07
14144.0002441406 7.41346759222427e-07
14154.0002441406 8.1243371005993e-07
14164.0002441406 1.74528425930953e-06
14174.0002441406 4.03893912153865e-11
14184.0002441406 1.14168501093348e-06
14194.0002441406 9.37072934388834e-07
14204.0002441406 8.25310909182061e-07
14214.0002441406 6.43311125903752e-07
14224.0002441406 8.44878413041568e-07
14234.0002441406 4.00406442077779e-11
14244.0002441406 2.94873441900998e-07
14254.0002441406 3.7016246423396e-07
14264.0002441406 5.44881707552313e-07
14274.0002441406 6.6786717687853e-07
14284.0002441406 6.90353558073386e-07
14294.0002441406 6.22046388885992e-07
14304.0002441406 6.66670520390543e-07
14314.0002441406 1.34287435304695e-06
14324.0002441406 5.62431123081846e-07
14334.0002441406 9.54785108739158e-07
14344.0002441406 1.48891574033118e-07
14354.0002441406 1.109964069132e-06
14364.0002441406 8.88191177921879e-07
14374.0002441406 2.9211719601119e-07
14384.0002441406 9.70807741688843e-07
14394.0002441406 6.11811063739158e-07
14404.0002441406 7.4654278142717e-08
14414.0002441406 6.68768810087805e-07
14424.0002441406 7.08594222509862e-07
14434.0002441406 1.3699888444033e-07
14444.0002441406 4.85474593981594e-07
14454.0002441406 1.60111794903911e-07
14464.0002441406 3.13064362891877e-08
14474.0002441406 1.0086705831004e-07
14484.0002441406 7.10677212571286e-07
14494.0002441406 6.04205075898156e-07
14504.0002441406 2.07109876559941e-07
14514.0002441406 4.12883596818424e-07
14524.0002441406 2.98453595029384e-07
14534.0002441406 3.10938724139103e-07
14544.0002441406 5.31443298646163e-07
14554.0002441406 2.5597289826346e-07
14564.0002441406 5.76781269135571e-07
14574.0002441406 8.15084441632613e-07
14584.0002441406 5.6165543814488e-08
14594.0002441406 1.52613501086219e-07
14604.0002441406 4.47374920384843e-07
14614.0002441406 2.56242724081557e-07
14624.0002441406 5.5550117483764e-07
14634.0002441406 5.31999548997034e-08
14644.0002441406 3.53083917816078e-07
14654.0002441406 6.57575793376355e-07
14664.0002441406 8.81419633673405e-08
14674.0002441406 1.93623607823651e-07
14684.0002441406 9.04403267957042e-07
14694.0002441406 1.43257854780297e-07
14704.0002441406 8.3801825963642e-07
14714.0002441406 3.89733564620341e-07
14724.0002441406 1.55190247908788e-07
14734.0002441406 1.24929699037048e-06
14744.0002441406 3.53898385271044e-07
14754.0002441406 8.1852561899971e-07
14764.0002441406 5.11677684580963e-07
14774.0002441406 1.39294485207357e-06
14784.0002441406 1.34117994817982e-06
14794.0002441406 2.64055108451988e-07
14804.0002441406 2.00133795155317e-07
14814.0002441406 1.83701343927529e-06
14824.0002441406 9.70188348565683e-07
14834.0002441406 5.09777248888393e-07
14844.0002441406 6.93940054774647e-07
14854.0002441406 5.90563086280925e-07
14864.0002441406 1.16246241239833e-06
14874.0002441406 1.26489704654742e-06
14884.0002441406 4.71181445072e-07
14894.0002441406 1.14938571562564e-06
14904.0002441406 7.99825707855954e-07
14914.0002441406 9.38447852156168e-07
14924.0002441406 8.13699045684288e-07
14934.0002441406 3.5253384656822e-07
14944.0002441406 9.65884898676342e-07
14954.0002441406 1.14769474519339e-06
14964.0002441406 2.64230638055836e-07
14974.0002441406 2.78003944603804e-07
14984.0002441406 1.39903907002336e-06
14994.0002441406 4.59731650665355e-07
15004.0002441406 5.08392574029172e-07
15014.0002441406 8.17856570896508e-07
15024.0002441406 1.47278948213352e-06
15034.0002441406 7.36011907318105e-08
15044.0002441406 9.19988123312297e-07
15054.0002441406 8.56847110067021e-08
15064.0002441406 4.55087536086246e-07
15074.0002441406 3.74675898768303e-07
15084.0002441406 7.26680849494544e-07
15094.0002441406 9.82957178344308e-07
15104.0002441406 1.38010390361987e-06
15114.0002441406 2.85506904983474e-07
15124.0002441406 3.31699263177857e-07
15134.0002441406 4.87104815315273e-07
15144.0002441406 5.94083219491704e-07
15154.0002441406 4.99053181266238e-07
15164.0002441406 1.48025637899402e-06
15174.0002441406 4.49085456777813e-07
15184.0002441406 4.48199012802423e-07
15194.0002441406 5.07270242757492e-07
15204.0002441406 8.23656316784711e-07
15214.0002441406 9.66428430466421e-07
15224.0002441406 7.02840257093018e-07
15234.0002441406 4.46208535670073e-07
15244.0002441406 6.48541770735967e-07
15254.0002441406 7.28861940874342e-07
15264.0002441406 7.67169390648824e-07
15274.0002441406 3.50618643379265e-07
15284.0002441406 1.33335878708171e-06
15294.0002441406 1.46076872694819e-06
15304.0002441406 2.42292098833873e-07
15314.0002441406 9.85787331022959e-08
15324.0002441406 8.60891050002041e-07
15334.0002441406 1.83325657345595e-07
15344.0002441406 1.24296801021254e-06
15354.0002441406 1.10613669627384e-06
15364.0002441406 5.35773942904758e-07
15374.0002441406 6.94279189926634e-07
15384.0002441406 9.65797513953112e-07
15394.0002441406 3.97091405738322e-07
15404.0002441406 6.34337291145586e-08
15414.0002441406 8.0987859495488e-07
15424.0002441406 2.0058159154977e-06
15434.0002441406 2.09408378952325e-06
15444.0002441406 1.12678556865215e-06
15454.0002441406 1.05004499473548e-06
15464.0002441406 1.0052061438512e-06
15474.0002441406 1.33109720707425e-06
15484.0002441406 1.0229221912163e-06
15494.0002441406 1.23707447721961e-06
15504.0002441406 3.09036242849411e-07
15514.0002441406 4.38021443267469e-07
15524.0002441406 1.41866678448485e-06
15534.0002441406 6.7523911644648e-08
15544.0002441406 2.98451246354176e-07
15554.0002441406 9.74309136130984e-07
15564.0002441406 7.02194169263783e-07
15574.0002441406 8.26254879060098e-08
15584.0002441406 1.16445497169452e-06
15594.0002441406 7.03091530748956e-07
15604.0002441406 5.25672584622972e-07
15614.0002441406 1.7099179165155e-06
15624.0002441406 8.70375925154837e-07
15634.0002441406 1.00113596310921e-06
15644.0002441406 4.36853833603405e-11
15654.0002441406 5.02493975428134e-07
15664.0002441406 3.37260819084568e-06
15674.0002441406 2.87782019807691e-07
15684.0002441406 3.94063515698645e-07
15694.0002441406 1.23917069257243e-06
15704.0002441406 1.24028366979735e-06
15714.0002441406 1.01661343013368e-06
15724.0002441406 1.29273901237472e-06
15734.0002441406 4.60333996710979e-07
15744.0002441406 4.06408087258448e-07
15754.0002441406 1.28158152624809e-06
15764.0002441406 1.58053322979634e-06
15774.0002441406 1.07829994126922e-06
15784.0002441406 5.86419317626097e-07
15794.0002441406 1.51846733325252e-06
15804.0002441406 5.79129154823654e-07
15814.0002441406 1.73785773869819e-06
15824.0002441406 1.06315141935957e-06
15834.0002441406 4.36265156859012e-11
15844.0002441406 1.56288946893548e-06
15854.0002441406 3.17040366401622e-07
15864.0002441406 4.32902983469692e-07
15874.0002441406 1.43330151357001e-06
15884.0002441406 1.84687576487662e-06
15894.0002441406 1.35622138884901e-06
15904.0002441406 1.57943197298665e-06
15914.0002441406 2.24369612529308e-06
15924.0002441406 2.44415709309966e-06
15934.0002441406 2.68445501095894e-06
15944.0002441406 3.64628568618228e-06
15954.0002441406 6.72977568402271e-06
15964.0002441406 6.97627124037941e-06
15974.0002441406 8.77391897679475e-06
15984.0002441406 1.03029238175932e-05
15994.0002441406 1.42835929083857e-05
16004.0002441406 1.63725972828898e-05
16014.0002441406 1.82993817237537e-05
16024.0002441406 2.40470944800229e-05
16034.0002441406 3.03870107003128e-05
16044.0002441406 3.63230677779187e-05
16054.0002441406 4.51028783097519e-05
16064.0002441406 5.69743667295577e-05
16074.0002441406 7.43189871334303e-05
16084.0002441406 9.62381185572817e-05
16094.0002441406 0.000131893924473666
16104.0002441406 0.000180643159420392
16114.0002441406 0.000282777735144956
16124.0002441406 0.000391389336686967
16134.0002441406 0.000634029016259523
16144.0002441406 0.00103662165114611
16154.0002441406 0.00181898472603199
16164.0002441406 0.00297594548103479
16174.0002441406 0.00487449356610229
16184.0002441406 0.0081752382803904
16194.0002441406 0.0107448508562094
16204.0002441406 0.0130522032782442
16214.0002441406 0.01521629728038
16224.0002441406 0.0186037204231934
16234.0002441406 0.0208215842716229
16244.0002441406 0.0202446607537598
16254.0002441406 0.0248269913035703
16264.0002441406 0.0285571701577042
16274.0002441406 0.0354253886997415
16284.0002441406 0.0371806865919248
16294.0002441406 0.0474915453053844
16304.0002441406 0.0600471543250311
16314.0002441406 0.0712849617591953
16324.0002441406 0.0916878411385066
16334.0002441406 0.119545233445899
16344.0002441406 0.160766762715844
16354.0002441406 0.213657105872394
16364.0002441406 0.272929147465553
16374.0002441406 0.336978322023624
16384.0002441406 0.37077917557534
16394.0002441406 0.397566527539844
16404.0002441406 0.420973082893602
16414.0002441406 0.420405848077687
16424.0002441406 0.41974401840529
16434.0002441406 0.417256480008366
16444.0002441406 0.421542035089897
16454.0002441406 0.430780157562321
16464.0002441406 0.424105628766118
16474.0002441406 0.416873260351675
16484.0002441406 0.417404855261583
16494.0002441406 0.382757496764763
16504.0002441406 0.362442010054141
16514.0002441406 0.317987230178528
16524.0002441406 0.270839596022378
16534.0002441406 0.210229111649077
16544.0002441406 0.166600132583101
16554.0002441406 0.132708761870141
16564.0002441406 0.100946865994808
16574.0002441406 0.0825024847638298
16584.0002441406 0.0666721599424587
16594.0002441406 0.0567398860148017
16604.0002441406 0.0506121915717142
16614.0002441406 0.0435872186165086
16624.0002441406 0.0349235191067365
16634.0002441406 0.029652180478684
16644.0002441406 0.029712802632644
16654.0002441406 0.0249716027165155
16664.0002441406 0.0218160914290278
16674.0002441406 0.0181107447878918
16684.0002441406 0.0132568575386576
16694.0002441406 0.0106075765999145
16704.0002441406 0.00709955150286389
16714.0002441406 0.00499040936271812
16724.0002441406 0.00297305650868378
16734.0002441406 0.00183476661807234
16744.0002441406 0.00111766870115151
16754.0002441406 0.000633318976125775
16764.0002441406 0.00043393656441432
16774.0002441406 0.000283229357200205
16784.0002441406 0.000214782690066403
16794.0002441406 0.000149245840094524
16804.0002441406 0.000114779621597243
16814.0002441406 8.78156879584404e-05
16824.0002441406 6.97604138681156e-05
16834.0002441406 5.67829745016608e-05
16844.0002441406 4.28668894339452e-05
16854.0002441406 3.63944827131805e-05
16864.0002441406 2.84927379437402e-05
16874.0002441406 2.28329188166519e-05
16884.0002441406 1.92324601195882e-05
16894.0002441406 1.53307755575122e-05
16904.0002441406 9.45095135408214e-06
16914.0002441406 8.4280713081382e-06
16924.0002441406 9.50606847045559e-06
16934.0002441406 5.12646781340116e-06
16944.0002441406 5.50999973788215e-06
16954.0002441406 3.58352112737301e-06
16964.0002441406 4.52115769459458e-06
16974.0002441406 3.57382215109733e-07
16984.0002441406 2.59356183240248e-06
16994.0002441406 1.50543134469445e-06
17004.0002441406 2.90284553874351e-06
17014.0002441406 1.12218834729057e-06
17024.0002441406 1.52761010520522e-06
17034.0002441406 2.04798948799741e-06
17044.0002441406 3.6863918604359e-06
17054.0002441406 1.96928724861525e-06
17064.0002441406 4.95893609625299e-07
17074.0002441406 1.92216213066215e-06
17084.0002441406 9.76356144116641e-07
17094.0002441406 7.9890445098773e-07
17104.0002441406 1.28761719600518e-06
17114.0002441406 7.60043455137435e-07
17124.0002441406 2.61168538594802e-06
17134.0002441406 1.89656980839224e-06
17144.0002441406 1.822528520667e-06
17154.0002441406 1.28503110987588e-06
17164.0002441406 2.86629319218741e-06
17174.0002441406 7.39807044879972e-07
17184.0002441406 2.69624175568739e-06
17194.0002441406 8.01200439487596e-07
17204.0002441406 1.08034203014217e-06
17214.0002441406 3.99440089239508e-07
17224.0002441406 1.27931646912263e-06
17234.0002441406 6.39061294022682e-07
17244.0002441406 2.78904195442054e-06
17254.0002441406 1.07670383146755e-06
17264.0002441406 7.36793389981611e-07
17274.0002441406 1.14339619233914e-07
17284.0002441406 1.36859191258824e-06
17294.0002441406 1.49624950418528e-06
17304.0002441406 1.0309481331778e-06
17314.0002441406 4.66661537421904e-07
17324.0002441406 1.83800930835783e-06
17334.0002441406 6.15842819234535e-07
17344.0002441406 2.362835478608e-06
17354.0002441406 2.15391627730935e-06
17364.0002441406 6.69289628871899e-07
17374.0002441406 1.04978740504326e-06
17384.0002441406 1.14045495093571e-07
17394.0002441406 8.86751065549025e-07
17404.0002441406 6.23868578619724e-08
17414.0002441406 2.37483644490285e-06
17424.0002441406 3.66223584074913e-08
17434.0002441406 1.27614538160095e-06
17444.0002441406 1.66591644636146e-06
17454.0002441406 1.31456707752284e-06
17464.0002441406 2.85733826448299e-06
17474.0002441406 1.72956080590283e-07
17484.0002441406 1.11851936989369e-06
17494.0002441406 8.63685469620079e-07
17504.0002441406 1.37019428946385e-06
17514.0002441406 1.7278862785932e-06
17524.0002441406 5.1119072565983e-07
17534.0002441406 1.51455853243084e-06
17544.0002441406 7.63485611260659e-07
17554.0002441406 1.26261965409522e-06
17564.0002441406 6.97389048448059e-07
17574.0002441406 1.99778912451722e-06
17584.0002441406 5.87385264243321e-07
17594.0002441406 1.72929604746539e-06
17604.0002441406 5.27524602530882e-07
17614.0002441406 1.56594764239196e-06
17624.0002441406 2.59822992743764e-06
17634.0002441406 5.8423399069884e-07
17644.0002441406 7.92966247567174e-07
17654.0002441406 9.13797488316256e-07
17664.0002441406 7.91972712484558e-08
17674.0002441406 2.4353981096808e-06
17684.0002441406 3.71331105360317e-06
17694.0002441406 1.22118077911249e-06
17704.0002441406 8.9073481152349e-07
17714.0002441406 1.98059896577505e-06
17724.0002441406 2.4933663310011e-06
17734.0002441406 1.83247984937972e-06
17744.0002441406 7.65062452936094e-08
17754.0002441406 1.09636407409433e-06
17764.0002441406 4.10927974364053e-06
17774.0002441406 1.19746882590655e-06
17784.0002441406 9.3182943033221e-07
17794.0002441406 1.64729806014416e-06
17804.0002441406 1.93549798326733e-06
17814.0002441406 3.23605630836167e-07
17824.0002441406 4.53732907016199e-11
17834.0002441406 3.49566934586528e-06
17844.0002441406 4.44653236411251e-06
17854.0002441406 1.56725958246694e-06
17864.0002441406 1.16955053354136e-06
17874.0002441406 2.85958854461213e-06
17884.0002441406 2.62186829443485e-07
17894.0002441406 6.01883055695755e-07
17904.0002441406 2.65289585435016e-06
17914.0002441406 1.81845278967786e-06
17924.0002441406 4.52828439302663e-11
17934.0002441406 1.82387035457555e-06
17944.0002441406 2.69835574918909e-06
17954.0002441406 3.2676070445921e-06
17964.0002441406 1.57452250167611e-06
17974.0002441406 4.38576869999911e-06
17984.0002441406 1.76575756745355e-06
17994.0002441406 6.50319235138426e-07
18004.0002441406 5.21672702120143e-06
18014.0002441406 6.14387105076276e-07
18024.0002441406 2.99219854499997e-06
18034.0002441406 2.34273889727019e-06
18044.0002441406 1.71938305640031e-06
18054.0002441406 3.24928337357597e-06
18064.0002441406 8.53328139128054e-07
18074.0002441406 2.67869363509261e-06
18084.0002441406 1.71613533670016e-06
18094.0002441406 1.84442028749311e-06
18104.0002441406 2.45154086496238e-06
18114.0002441406 2.36622344247028e-06
18124.0002441406 1.58234964894467e-06
18134.0002441406 1.08239749503598e-06
18144.0002441406 1.65196273193176e-06
18154.0002441406 4.33658413778538e-06
18164.0002441406 1.25293040690932e-06
18174.0002441406 1.9009171697243e-06
18184.0002441406 4.32669183545545e-06
18194.0002441406 8.67118014175342e-07
18204.0002441406 1.38541122645738e-06
18214.0002441406 1.19805822681215e-07
18224.0002441406 3.80559250148279e-07
18234.0002441406 2.36322230414575e-06
18244.0002441406 1.96627861362822e-06
18254.0002441406 1.40257510553893e-06
18264.0002441406 4.40934467991192e-06
18274.0002441406 7.74774303950497e-06
18284.0002441406 4.53555885568123e-11
18294.0002441406 5.62706656276309e-06
18304.0002441406 4.54221669099405e-11
18314.0002441406 2.98260727260621e-06
18324.0002441406 1.90327986169284e-06
18334.0002441406 1.53723925914794e-06
18344.0002441406 6.9893427407636e-07
18354.0002441406 6.41488257493848e-07
18364.0002441406 2.82679362584198e-06
18374.0002441406 1.70987063626212e-06
18384.0002441406 1.09995584352813e-06
18394.0002441406 1.9471423283216e-06
18404.0002441406 4.68785009449282e-07
18414.0002441406 4.85945776594945e-06
18424.0002441406 2.49196018898959e-06
18434.0002441406 3.17664313684765e-06
18444.0002441406 9.3712963374486e-07
18454.0002441406 4.55414227676407e-11
18464.0002441406 3.36112480794688e-06
18474.0002441406 3.73169893667978e-06
18484.0002441406 1.17913566739967e-06
18494.0002441406 1.61284734567951e-06
18504.0002441406 2.27150569484459e-06
18514.0002441406 2.72950990194918e-06
18524.0002441406 3.17823654577912e-06
18534.0002441406 1.10919863176824e-06
18544.0002441406 7.97066299005655e-06
18554.0002441406 4.58693869340127e-08
18564.0002441406 2.48493464240771e-06
18574.0002441406 1.22386917767294e-06
18584.0002441406 4.56637058541544e-06
18594.0002441406 2.69299132371942e-06
18604.0002441406 2.5183702598294e-06
18614.0002441406 1.16233877706503e-06
18624.0002441406 3.89565221972147e-06
18634.0002441406 8.71679516318174e-07
18644.0002441406 2.55489526107126e-06
18654.0002441406 8.64332219959023e-07
18664.0002441406 9.54705601551982e-07
18674.0002441406 4.23766573167173e-06
18684.0002441406 3.76510070063942e-06
18694.0002441406 6.80337725810469e-07
18704.0002441406 2.28673002892127e-06
18714.0002441406 4.93401899640949e-06
18724.0002441406 3.56491161895716e-06
18734.0002441406 1.17086035128637e-07
18744.0002441406 1.00632049208261e-06
18754.0002441406 7.60693971308443e-07
18764.0002441406 4.91567965156438e-06
18774.0002441406 1.61968783574246e-06
18784.0002441406 4.98908534708347e-06
18794.0002441406 2.27913498851228e-07
18804.0002441406 3.46803010642778e-06
18814.0002441406 1.19988535187302e-06
18824.0002441406 2.43937261534376e-06
18834.0002441406 3.2762912867142e-06
18844.0002441406 3.14172602151605e-07
18854.0002441406 1.76824789684118e-06
18864.0002441406 1.45007921080947e-06
18874.0002441406 3.53089388742606e-06
18884.0002441406 6.42510842279517e-07
18894.0002441406 4.34973978092213e-06
18904.0002441406 4.54601715588619e-11
18914.0002441406 2.90435021178676e-06
18924.0002441406 6.72582240751337e-07
18934.0002441406 5.96850605953351e-07
18944.0002441406 3.89208901267944e-07
18954.0002441406 2.32769892293053e-06
18964.0002441406 2.80191877756006e-06
18974.0002441406 1.17094136280358e-06
18984.0002441406 2.63614519970001e-06
18994.0002441406 2.78424025580187e-06
19004.0002441406 7.44289783086431e-07
19014.0002441406 2.88456266610601e-06
19024.0002441406 5.35536918603089e-10
19034.0002441406 1.40889727394871e-06
19044.0002441406 6.15798501858407e-07
19054.0002441406 2.71153512460257e-06
19064.0002441406 2.77859685798615e-06
19074.0002441406 7.07258749377311e-07
19084.0002441406 3.26692914771445e-06
19094.0002441406 7.30926095446625e-08
19104.0002441406 6.61200710739224e-07
19114.0002441406 8.75043967955045e-07
19124.0002441406 2.01189884179074e-07
19134.0002441406 1.20240650262667e-06
19144.0002441406 1.59761986731223e-06
19154.0002441406 1.92894480542461e-06
19164.0002441406 2.78496870624768e-07
19174.0002441406 1.37344037938739e-06
19184.0002441406 1.47959169186627e-07
19194.0002441406 1.30871784611534e-06
19204.0002441406 4.07628581779641e-07
19214.0002441406 1.70268588033494e-06
19224.0002441406 2.65033833356401e-06
19234.0002441406 4.46057106914568e-06
19244.0002441406 4.56260937471605e-11
19254.0002441406 1.0115713703298e-07
19264.0002441406 3.30125524464258e-06
19274.0002441406 1.54844260952322e-07
19284.0002441406 1.82089632008051e-06
19294.0002441406 1.40888851681699e-06
19304.0002441406 1.75488137744317e-06
19314.0002441406 7.01755250954633e-07
19324.0002441406 1.66768448632449e-06
19334.0002441406 3.17075919620987e-07
19344.0002441406 2.02199712783179e-06
19354.0002441406 1.81147288602922e-06
19364.0002441406 2.05569527967313e-06
19374.0002441406 8.47568947017909e-08
19384.0002441406 3.65576854021121e-07
19394.0002441406 2.91601514779914e-06
19404.0002441406 1.40041527113576e-06
19414.0002441406 2.31036403948042e-07
19424.0002441406 3.08844392692441e-07
19434.0002441406 1.13287020170312e-06
19444.0002441406 1.39517248983835e-06
19454.0002441406 1.12025761326817e-06
19464.0002441406 6.02586224136135e-07
19474.0002441406 3.3069398786237e-07
19484.0002441406 4.26712872852646e-07
19494.0002441406 5.73861104104258e-07
19504.0002441406 7.39105612975715e-07
19514.0002441406 1.58046926558721e-06
19524.0002441406 1.04865985087399e-06
19534.0002441406 2.36416702727e-06
19544.0002441406 4.59608160552663e-11
19554.0002441406 7.75150514723009e-07
19564.0002441406 7.93905365212287e-06
19574.0002441406 2.7779630429515e-06
19584.0002441406 3.02391333229082e-09
19594.0002441406 4.00874099926959e-06
19604.0002441406 1.44437191953972e-06
19614.0002441406 8.00694031633293e-07
19624.0002441406 2.06083162340774e-06
19634.0002441406 2.5592698907021e-06
19644.0002441406 8.98250939351854e-07
19654.0002441406 2.31965133219703e-06
19664.0002441406 8.67093117624083e-07
19674.0002441406 1.61885334539327e-06
19684.0002441406 1.0747168995647e-06
19694.0002441406 4.66721119404318e-07
19704.0002441406 3.82641271640349e-06
19714.0002441406 1.37447576089835e-06
19724.0002441406 8.35045476066748e-08
19734.0002441406 2.37509322226554e-06
19744.0002441406 5.39921703557782e-06
19754.0002441406 7.62789140609886e-07
19764.0002441406 5.45127950749859e-06
19774.0002441406 1.48666474625558e-06
19784.0002441406 1.51114701374161e-06
19794.0002441406 5.64979467510982e-06
19804.0002441406 4.62108454156679e-11
19814.0002441406 4.61921275643262e-11
19824.0002441406 3.84555296253601e-06
19834.0002441406 2.18016375605694e-07
19844.0002441406 1.52261163923916e-06
19854.0002441406 2.10848096879096e-06
19864.0002441406 4.05965742625705e-07
19874.0002441406 3.0336455562874e-06
19884.0002441406 4.37707692483456e-06
19894.0002441406 2.38993927470123e-06
19904.0002441406 2.61038584332679e-07
19914.0002441406 1.78145437692179e-06
19924.0002441406 4.27016989067317e-07
19934.0002441406 1.58219579047376e-06
19944.0002441406 1.59127545480152e-06
19954.0002441406 1.12184109154569e-06
19964.0002441406 5.28297623888394e-07
19974.0002441406 2.58665167380103e-06
19984.0002441406 3.20298371846857e-06
19994.0002441406 1.94087049572162e-06
20004.0002441406 3.6763175602496e-06
20014.0002441406 2.48341467439708e-06
20024.0002441406 2.57368015862422e-06
20034.0002441406 4.62883606039185e-06
20044.0002441406 9.83885179607538e-07
20054.0002441406 6.86716434426906e-06
20064.0002441406 1.54519070194172e-06
20074.0002441406 5.3925603210957e-07
20084.0002441406 1.55405081688055e-06
20094.0002441406 5.87587438299029e-07
20104.0002441406 2.81401771618586e-06
20114.0002441406 2.2359685974262e-06
20124.0002441406 6.06069263428711e-07
20134.0002441406 3.28427855467356e-06
20144.0002441406 9.14498886353379e-08
20154.0002441406 1.90007695419845e-06
20164.0002441406 7.19139887858296e-06
20174.0002441406 4.27338239087802e-06
20184.0002441406 1.42438921592936e-06
20194.0002441406 1.21961273079972e-06
20204.0002441406 5.50429289387067e-06
20214.0002441406 3.06432845602399e-06
20224.0002441406 2.01059530660508e-06
20234.0002441406 4.46318799592554e-06
20244.0002441406 2.28024401477878e-06
20254.0002441406 2.58880641009781e-06
20264.0002441406 4.9435358320125e-06
20274.0002441406 3.43212843247202e-06
20284.0002441406 1.49028278849247e-06
20294.0002441406 9.56455468960826e-07
20304.0002441406 4.77201373137152e-06
20314.0002441406 5.96920987669597e-06
20324.0002441406 2.58755761407427e-06
20334.0002441406 1.81905453783381e-06
20344.0002441406 2.95215377934171e-06
20354.0002441406 7.34975783604752e-07
20364.0002441406 8.35059727078837e-06
20374.0002441406 2.05031750507864e-06
20384.0002441406 1.5778275806855e-06
20394.0002441406 1.06049343275913e-06
20404.0002441406 3.42371770364731e-07
20414.0002441406 2.09893177718611e-06
20424.0002441406 4.0517374023706e-06
20434.0002441406 2.15511855556926e-06
20444.0002441406 1.95107183921292e-06
20454.0002441406 3.41473160660321e-06
20464.0002441406 1.14846274304078e-06
20474.0002441406 2.95184205804249e-07
20483.9990234375 4.74795513351728e-07
20493.9990234375 1.2276567322986e-06
20503.9990234375 2.84331364909364e-06
20513.9990234375 6.49514128420719e-07
20523.9990234375 3.36951678063249e-06
20533.9990234375 2.26733132327485e-06
20543.9990234375 7.93397790669232e-06
20553.9990234375 1.55466328924853e-06
20563.9990234375 1.28502083809925e-06
20573.9990234375 5.89474505679205e-06
20583.9990234375 1.0169985059064e-06
20593.9990234375 2.72946702389644e-06
20603.9990234375 3.25050195792837e-06
20613.9990234375 3.54349670199856e-08
20623.9990234375 2.25345671312155e-07
20633.9990234375 5.630941275002e-06
20643.9990234375 7.8134935470526e-06
20653.9990234375 2.83636940566777e-06
20663.9990234375 4.59685865299452e-11
20673.9990234375 2.84292153155411e-06
20683.9990234375 6.12931105098316e-06
20693.9990234375 1.77156526965474e-06
20703.9990234375 5.10741411124329e-07
20713.9990234375 7.58319200744542e-07
20723.9990234375 1.92030066461517e-07
20733.9990234375 3.72701522539992e-06
20743.9990234375 2.60094198172642e-06
20753.9990234375 5.3189093416122e-06
20763.9990234375 1.5151783166215e-06
20773.9990234375 3.3482843962096e-06
20783.9990234375 4.80062906428577e-06
20793.9990234375 1.36187476473835e-07
20803.9990234375 6.58174915824048e-06
20813.9990234375 2.53793598368249e-07
20823.9990234375 4.13980477925536e-06
20833.9990234375 7.52200100226305e-06
20843.9990234375 4.65490245278843e-11
20853.9990234375 3.80065023209827e-06
20863.9990234375 7.87225123706302e-06
20873.9990234375 4.68339846361601e-06
20883.9990234375 1.15522807357952e-06
20893.9990234375 2.39154984209832e-06
20903.9990234375 1.74525521387176e-06
20913.9990234375 4.62228577138894e-11
20923.9990234375 1.8631348656933e-06
20933.9990234375 8.28521124097998e-07
20943.9990234375 3.68465943440593e-06
20953.9990234375 4.33796779520251e-07
20963.9990234375 1.53982458915112e-06
20973.9990234375 6.36072334811698e-07
20983.9990234375 2.03101876164083e-06
20993.9990234375 1.6437061827506e-06
21003.9990234375 2.80956399436547e-06
21013.9990234375 4.28959506561952e-07
21023.9990234375 3.04920622568494e-06
21033.9990234375 2.87486335995187e-06
21043.9990234375 2.64671816675423e-07
21053.9990234375 1.17213188874143e-06
21063.9990234375 2.81744310788553e-07
21073.9990234375 2.844004386176e-07
21083.9990234375 4.18480061564379e-06
21093.9990234375 2.46511345241532e-06
21103.9990234375 8.58230162842967e-07
21113.9990234375 1.71792563894602e-06
21123.9990234375 2.35178602526456e-06
21133.9990234375 5.54368464356518e-06
21143.9990234375 3.30797591434543e-06
21153.9990234375 8.73190523464895e-07
21163.9990234375 2.82537871312273e-06
21173.9990234375 1.48480673019894e-06
21183.9990234375 4.61662816527321e-11
21193.9990234375 1.50915952134517e-06
21203.9990234375 2.55181464833347e-06
21213.9990234375 1.80205170476876e-06
21223.9990234375 4.24582241991012e-06
21233.9990234375 8.51629010323381e-07
21243.9990234375 4.64387477492179e-11
21253.9990234375 3.43102449570452e-06
21263.9990234375 1.57402814752536e-06
21273.9990234375 3.71074835484909e-06
21283.9990234375 5.09888712858394e-06
21293.9990234375 5.42134163106498e-06
21303.9990234375 4.66836436799991e-11
21313.9990234375 4.52975523504181e-08
21323.9990234375 2.03248786435438e-06
21333.9990234375 4.27683573151148e-07
21343.9990234375 6.19645201717827e-06
21353.9990234375 8.12153388433846e-07
21363.9990234375 2.69431564501498e-06
21373.9990234375 1.33874561589098e-06
21383.9990234375 9.95613289677378e-07
21393.9990234375 3.95216312514042e-06
21403.9990234375 6.70231864793784e-07
21413.9990234375 5.37875329994213e-06
21423.9990234375 1.41535786048882e-06
21433.9990234375 1.46876135727127e-06
21443.9990234375 3.50803142371808e-06
21453.9990234375 4.00945404848208e-07
21463.9990234375 2.21454501905042e-06
21473.9990234375 5.73249587183713e-07
21483.9990234375 3.20803358640416e-07
21493.9990234375 4.57540221520501e-06
21503.9990234375 2.614320328711e-06
21513.9990234375 3.6379047967006e-06
21523.9990234375 1.12706546727553e-06
21533.9990234375 1.32077862291584e-06
21543.9990234375 5.94807112924017e-07
21553.9990234375 9.44239248589024e-07
21563.9990234375 1.12249013314305e-06
21573.9990234375 2.77636752247386e-07
21583.9990234375 4.71875858492396e-06
21593.9990234375 2.51913609039063e-06
21603.9990234375 5.82844414985123e-06
21613.9990234375 1.01248271604282e-06
21623.9990234375 4.77831326005478e-06
21633.9990234375 2.58661403895915e-06
21643.9990234375 2.40466559800341e-06
21653.9990234375 4.55949943310988e-11
21663.9990234375 1.10784314931985e-05
21673.9990234375 3.54000058087532e-06
21683.9990234375 2.74585453001727e-06
21693.9990234375 4.54550553439537e-11
21703.9990234375 4.53863947672363e-11
21713.9990234375 6.61109973513044e-07
21723.9990234375 3.08316855573289e-06
21733.9990234375 1.39190512402403e-06
21743.9990234375 7.69001313075383e-07
21753.9990234375 4.04316314172225e-06
21763.9990234375 9.74456998887991e-07
21773.9990234375 1.21970511982653e-06
21783.9990234375 1.65847184101309e-07
21793.9990234375 2.71061639548748e-06
21803.9990234375 4.43428229308397e-11
21813.9990234375 2.21730596902852e-06
21823.9990234375 2.53583384396507e-06
21833.9990234375 2.91975380409438e-06
21843.9990234375 3.3913076978436e-06
21853.9990234375 1.7474566085858e-06
21863.9990234375 3.190987537791e-06
21873.9990234375 1.54100247066668e-07
21883.9990234375 1.78161863919482e-06
21893.9990234375 2.73904547175098e-06
21903.9990234375 2.19854847806166e-06
21913.9990234375 4.72581677671343e-06
21923.9990234375 2.46996468889854e-07
21933.9990234375 2.33639131711111e-06
21943.9990234375 1.20895353790917e-06
21953.9990234375 2.03781344957795e-06
21963.9990234375 1.02428673729708e-06
21973.9990234375 2.24618929079848e-06
21983.9990234375 1.30107314350752e-06
21993.9990234375 3.61361400875459e-06
22003.9990234375 4.04839021986892e-06
22013.9990234375 3.11916745841308e-06
22023.9990234375 1.7657067986148e-06
22033.9990234375 3.1360495274806e-07
22043.9990234375 7.86142211358002e-07
22053.9990234375 8.38001393615562e-07
22063.9990234375 2.97102913913656e-06
22073.9990234375 1.29861655560185e-06
22083.9990234375 2.32557829894173e-06
22093.9990234375 4.20594863175531e-06
22103.9990234375 5.14325717752771e-06
22113.9990234375 2.05812385255275e-06
22123.9990234375 3.61773108806705e-11
22133.9990234375 7.21092722146664e-07
22143.9990234375 2.43745611980713e-06
22153.9990234375 5.27250612403215e-06
22163.9990234375 4.1052931774933e-06
22173.9990234375 1.20115704221355e-08
22183.9990234375 2.86554120882206e-06
22193.9990234375 5.25070493492689e-06
22203.9990234375 1.21852001148958e-06
22213.9990234375 2.39615928602242e-07
22223.9990234375 1.81498311081547e-06
22233.9990234375 5.23631402637545e-06
22243.9990234375 4.06376372928152e-06
22253.9990234375 1.15661356353703e-05
22263.9990234375 3.64231127004763e-11
22273.9990234375 1.14144762153483e-06
22283.9990234375 4.55977333371598e-06
22293.9990234375 6.56724196282712e-06
22303.9990234375 9.42899342068762e-07
22313.9990234375 1.68717823591353e-06
22323.9990234375 8.56892928270223e-06
22333.9990234375 2.57196180309401e-06
22343.9990234375 9.31215581569845e-07
22353.9990234375 1.40831397993135e-06
22363.9990234375 4.89001553351636e-06
22373.9990234375 2.61111242541929e-06
22383.9990234375 1.28982356235829e-05
22393.9990234375 3.78338208174394e-11
22403.9990234375 1.6533529663241e-05
22413.9990234375 9.06271709185891e-06
22423.9990234375 9.53963652676171e-06
22433.9990234375 8.55904727955751e-06
22443.9990234375 1.05250166151584e-06
22453.9990234375 5.78680296984499e-06
22463.9990234375 1.51226356442644e-05
22473.9990234375 8.13212516356847e-06
22483.9990234375 2.09186647651133e-06
22493.9990234375 2.60567216614219e-06
22503.9990234375 4.60871292001484e-06
22513.9990234375 3.8274264810722e-06
22523.9990234375 1.08441707357534e-06
22533.9990234375 3.43581036426855e-06
22543.9990234375 1.60418203063495e-05
22553.9990234375 1.33767058149424e-05
22563.9990234375 2.47211330689821e-07
22573.9990234375 9.01103136083702e-06
22583.9990234375 3.12149251684484e-06
22593.9990234375 5.78794547818374e-06
22603.9990234375 7.6673202458036e-06
22613.9990234375 6.45720281370488e-06
22623.9990234375 1.11989101383637e-05
22633.9990234375 5.42958635187269e-06
22643.9990234375 7.29000914032628e-06
22653.9990234375 1.14652288397446e-05
22663.9990234375 3.89003174130425e-11
22673.9990234375 1.09804657383384e-05
22683.9990234375 5.43899222604692e-06
22693.9990234375 1.04244278367808e-06
22703.9990234375 8.39211117388792e-06
22713.9990234375 4.26087304944612e-06
22723.9990234375 5.28567778864966e-06
22733.9990234375 2.63620074869258e-06
22743.9990234375 1.05579293416637e-05
22753.9990234375 5.03552281531104e-06
22763.9990234375 3.82957983903751e-06
22773.9990234375 4.39515791624416e-07
22783.9990234375 2.52193478096809e-06
22793.9990234375 1.15619075959822e-05
22803.9990234375 4.03289536698816e-11
22813.9990234375 1.0526849598862e-06
22823.9990234375 7.4436482224153e-06
22833.9990234375 3.09071105265912e-06
22843.9990234375 6.73204922288566e-06
22853.9990234375 1.53522229797167e-06
22863.9990234375 2.1420786310434e-06
22873.9990234375 7.67100552465355e-07
22883.9990234375 1.3182011615749e-05
22893.9990234375 2.88883381638958e-07
22903.9990234375 1.83908188018671e-06
22913.9990234375 1.60534580376775e-06
22923.9990234375 9.3675000379675e-07
22933.9990234375 2.62697582508881e-06
22943.9990234375 1.15943745880965e-06
22953.9990234375 3.81668963766855e-06
22963.9990234375 2.3481208239023e-07
22973.9990234375 7.56555545649941e-07
22983.9990234375 8.90324649491244e-07
22993.9990234375 3.77593721793858e-06
23003.9990234375 3.35094445846676e-06
23013.9990234375 3.35520403281076e-06
23023.9990234375 1.7366550590344e-06
23033.9990234375 8.66856183562671e-08
23043.9990234375 2.91912490333469e-06
23053.9990234375 1.23641644170373e-06
23063.9990234375 2.35326614772449e-07
23073.9990234375 2.76127665732959e-06
23083.9990234375 7.02208522449004e-07
23093.9990234375 5.77386684883721e-07
23103.9990234375 1.64022429013903e-06
23113.9990234375 2.44027703849668e-06
23123.9990234375 1.73037848087729e-06
23133.9990234375 1.77078590760636e-06
23143.9990234375 2.55162757318613e-06
23153.9990234375 1.54633303998735e-07
23163.9990234375 1.68229098629841e-07
23173.9990234375 1.20240236246612e-06
23183.9990234375 1.52787845327103e-06
23193.9990234375 2.16043463801426e-06
23203.9990234375 1.25942518791256e-06
23213.9990234375 6.29635702551572e-07
23223.9990234375 2.97050566607023e-07
23233.9990234375 3.39725372923682e-11
23243.9990234375 5.19453620878025e-07
23253.9990234375 1.80010825896408e-07
23263.9990234375 8.34634849636039e-07
23273.9990234375 9.11637592476364e-08
23283.9990234375 2.87090337075145e-11
23293.9990234375 7.25901893596456e-07
23303.9990234375 2.65753384289034e-11
23313.9990234375 1.77899972922563e-07
23323.9990234375 2.38342463313146e-07
23333.9990234375 9.74691144242384e-08
23343.9990234375 2.24386533118195e-11
23353.9990234375 2.70928491422278e-07
23363.9990234375 1.3539880125005e-07
23373.9990234375 3.78454513950563e-07
23383.9990234375 9.97333997578207e-07
23393.9990234375 1.86815271369673e-07
23403.9990234375 1.72263250769056e-11
23413.9990234375 4.85940678507119e-07
23423.9990234375 2.69380002184922e-07
23433.9990234375 1.64900387917657e-07
23443.9990234375 4.00323032554813e-07
23453.9990234375 6.02519577545532e-07
23463.9990234375 2.41682001456848e-07
23473.9990234375 1.66351355923802e-06
23483.9990234375 1.53665072958296e-11
23493.9990234375 2.48847371082975e-07
23503.9990234375 6.3006917298357e-07
23513.9990234375 4.3344244538874e-07
23523.9990234375 4.89103902288573e-07
23533.9990234375 1.07721330965071e-06
23543.9990234375 1.14423907972142e-07
23553.9990234375 2.45758757075521e-07
23563.9990234375 1.54514778261519e-07
23573.9990234375 7.10554809239968e-08
23583.9990234375 5.33185909336886e-07
23593.9990234375 1.59309897941898e-07
23603.9990234375 3.49192750609388e-07
23613.9990234375 4.99829078117467e-07
23623.9990234375 8.9179232191831e-07
23633.9990234375 2.3105580544446e-07
23643.9990234375 1.87750830727329e-07
23653.9990234375 3.6112351739733e-08
23663.9990234375 2.73306041575579e-07
23673.9990234375 2.26899141904069e-07
23683.9990234375 1.93124147961937e-07
23693.9990234375 1.25282345045323e-07
23703.9990234375 6.20919041525917e-08
23713.9990234375 6.6089837405927e-08
23723.9990234375 1.19265086158019e-07
23733.9990234375 3.39862689192526e-08
23743.9990234375 1.04458753358619e-07
23753.9990234375 1.17630417947456e-07
23763.9990234375 4.7984152949933e-08
23773.9990234375 4.74235772323563e-08
23783.9990234375 5.10291612208357e-08
23793.9990234375 2.01920385267126e-08
23803.9990234375 7.14020206441918e-08
23813.9990234375 1.14524220577514e-07
23823.9990234375 7.21050692456761e-08
23833.9990234375 5.86227815724756e-08
23843.9990234375 5.31443800014555e-08
23853.9990234375 4.52733773192919e-09
23863.9990234375 3.47133996152646e-08
23873.9990234375 3.09829237844961e-08
23883.9990234375 1.00571694150484e-09
23893.9990234375 3.87181193213847e-08
23903.9990234375 1.64502770395224e-08
23913.9990234375 2.68635186262426e-08
23923.9990234375 2.62212481913523e-08
23933.9990234375 1.10679154344211e-08
23943.9990234375 1.27516689645524e-08
23953.9990234375 4.21951839709813e-08
23963.9990234375 1.17374102974911e-08
23973.9990234375 2.68664886249137e-09
23983.9990234375 1.86343577237818e-08
23993.9990234375 2.29336831568329e-08
24003.9990234375 8.13470687838179e-09
24013.9990234375 1.63114741737431e-08
24023.9990234375 1.47809267553295e-08
24033.9990234375 9.58086571514875e-09
24043.9990234375 1.51977645995715e-08
24053.9990234375 2.017103618286e-09
24063.9990234375 5.00550454716179e-09
24073.9990234375 1.03074134346791e-08
24083.9990234375 2.07595310436773e-09
24093.9990234375 6.72764096224821e-09
24103.9990234375 6.59846637665226e-09
24113.9990234375 3.46247441501743e-09
24123.9990234375 5.5512361754682e-09
24133.9990234375 6.40551946907837e-09
24143.9990234375 3.73944430994825e-09
24153.9990234375 1.94613986022022e-09
24163.9990234375 1.98415684159245e-10
24173.9990234375 1.04611525206647e-09
24183.9990234375 4.04270989247215e-11
24193.9990234375 8.0258967069356e-10
24203.9990234375 2.10897086598608e-09
24213.9990234375 3.13399900102312e-10
24223.9990234375 7.45485096736869e-11
24233.9990234375 1.50061448084603e-09
24243.9990234375 2.39558654637299e-10
24253.9990234375 6.89835254742805e-10
24263.9990234375 7.30488244821675e-10
24273.9990234375 3.22346119686992e-10
24283.9990234375 8.32794802752144e-10
24293.9990234375 1.06128634558335e-09
24303.9990234375 1.44544189683599e-10
24313.9990234375 1.05220591679845e-09
24323.9990234375 6.8690808207927e-11
24333.9990234375 2.42501939509657e-10
24343.9990234375 2.25859811892229e-10
24353.9990234375 3.12058799311726e-10
24363.9990234375 1.61974070235856e-10
24373.9990234375 1.92798283670387e-10
24383.9990234375 3.06978676044523e-10
24393.9990234375 2.65000199591692e-10
24403.9990234375 9.62415292044434e-11
24413.9990234375 1.92846141004933e-10
24423.9990234375 1.82122657235415e-10
24433.9990234375 1.36379047104442e-10
24443.9990234375 4.40197693717056e-11
24453.9990234375 1.33134902627444e-10
24463.9990234375 1.96005165667685e-11
24473.9990234375 8.10146167555684e-11
24483.9990234375 8.39343232310909e-11
24493.9990234375 4.02824913237535e-11
24503.9990234375 4.25817169336594e-12
24513.9990234375 4.45119120497606e-11
24523.9990234375 6.23557530085295e-12
24533.9990234375 2.60272006689159e-11
24543.9990234375 1.34563982871242e-11
24553.9990234375 3.85012274920097e-11
24563.9990234375 1.71269783558401e-11
24573.9990234375 3.10629823555495e-11
24583.9990234375 2.64778696665843e-12
24593.9990234375 7.74093558195927e-11
24603.9990234375 1.66402132652806e-16
24613.9990234375 7.06131863037917e-11
24623.9990234375 1.79863360745856e-11
24633.9990234375 2.53375343107137e-11
24643.9990234375 1.4581915221587e-11
24653.9990234375 9.53053118953677e-17
24663.9990234375 1.98349642925505e-11
24673.9990234375 7.60012329355798e-17
24683.9990234375 7.08302442415753e-12
24693.9990234375 8.75744929977327e-12
24703.9990234375 1.93335269247328e-12
24713.9990234375 6.03850941188753e-12
24723.9990234375 8.90526250388654e-12
24733.9990234375 1.90105910037995e-12
24743.9990234375 1.25600759341986e-11
24753.9990234375 2.94083269883493e-17
24763.9990234375 3.73222916959397e-12
24773.9990234375 2.79008438640642e-12
24783.9990234375 5.90481462879834e-12
24793.9990234375 1.70197764313576e-12
24803.9990234375 9.13080840415565e-12
24813.9990234375 1.25574119210575e-13
24823.9990234375 2.14649170322666e-12
24833.9990234375 2.81776453548753e-12
24843.9990234375 1.00546962868191e-12
24853.9990234375 7.87425293375936e-13
24863.9990234375 1.96721170813688e-12
24873.9990234375 2.08762592637768e-12
24883.9990234375 6.86050972251613e-18
24893.9990234375 3.08130135687064e-12
24903.9990234375 1.31497084297577e-12
24913.9990234375 6.83727187546239e-13
24923.9990234375 1.9895857183687e-12
24933.9990234375 1.00174252099654e-12
24943.9990234375 1.20910200365581e-13
24953.9990234375 1.0221199585791e-12
24963.9990234375 8.60289816957978e-13
24973.9990234375 3.43025046209726e-13
24983.9990234375 1.53395374244534e-13
24993.9990234375 3.32002459849131e-13
25003.9990234375 2.31865811812539e-13
25013.9990234375 9.51558550256765e-13
25023.9990234375 1.464284483862e-13
25033.9990234375 3.44751726078534e-13
25043.9990234375 6.43928218983156e-14
25053.9990234375 2.62931049065458e-13
25063.9990234375 5.42374526811661e-13
25073.9990234375 1.61984680880107e-13
25083.9990234375 2.44002861738192e-13
25093.9990234375 9.01710017380685e-14
25103.9990234375 3.90259084393494e-13
25113.9990234375 1.75457257379488e-14
25123.9990234375 1.30409121786042e-13
25133.9990234375 2.48554856774502e-13
25143.9990234375 4.95304318872533e-14
25153.9990234375 2.0872505399729e-13
25163.9990234375 3.43357016112547e-14
25173.9990234375 1.93232974916973e-13
25183.9990234375 3.30156235158044e-14
25193.9990234375 5.39146645087827e-14
25203.9990234375 2.18131808729722e-13
25213.9990234375 1.09154475311889e-13
25223.9990234375 4.49311331779199e-14
25233.9990234375 1.58608783501982e-14
25243.9990234375 1.54020779988308e-13
25253.9990234375 2.2059591255356e-19
25263.9990234375 8.32870371193547e-14
25273.9990234375 3.47396273117537e-14
25283.9990234375 4.15919011872914e-14
25293.9990234375 3.88099113365987e-14
25303.9990234375 4.59937897303702e-14
25313.9990234375 4.02979724919671e-14
25323.9990234375 2.73002321202275e-14
25333.9990234375 7.6302470890272e-14
25343.9990234375 1.02657566774246e-19
25353.9990234375 1.51596778731923e-14
25363.9990234375 4.15992788489249e-14
25373.9990234375 2.74584750606035e-14
25383.9990234375 1.85698154188092e-14
25393.9990234375 7.32093566388262e-15
25403.9990234375 2.63264606966693e-14
25413.9990234375 8.53946166185613e-15
25423.9990234375 2.6711722735212e-14
25433.9990234375 4.60167628871235e-20
25443.9990234375 8.54350180484288e-15
25453.9990234375 1.14524013857126e-14
25463.9990234375 4.07317473416516e-15
25473.9990234375 1.21816478762772e-14
25483.9990234375 7.89945761776699e-16
25493.9990234375 1.09438219255728e-14
25503.9990234375 4.44372659359743e-15
25513.9990234375 2.53181637455159e-16
25523.9990234375 1.98515628156501e-14
25533.9990234375 4.48402850624434e-15
25543.9990234375 3.59203462174715e-15
25553.9990234375 1.28968794767615e-14
25563.9990234375 2.07948020041066e-16
25573.9990234375 1.77827013881194e-15
25583.9990234375 5.21194272531536e-15
25593.9990234375 1.19411542844785e-16
25603.9990234375 4.47588822342177e-15
25613.9990234375 9.45538914937233e-15
25623.9990234375 2.61684515121001e-15
25633.9990234375 1.45267267908996e-15
25643.9990234375 2.85630910522515e-15
25653.9990234375 1.59923681040743e-15
25663.9990234375 3.97775764551951e-16
25673.9990234375 4.82019939481694e-15
25683.9990234375 1.4491745572154e-15
25693.9990234375 5.22333486922023e-16
25703.9990234375 3.16771661054478e-15
25713.9990234375 6.58835139979114e-16
25723.9990234375 9.42820641067798e-16
25733.9990234375 1.51956262692957e-15
25743.9990234375 1.39154513541732e-15
25753.9990234375 2.41538131179347e-15
25763.9990234375 3.00579367293161e-15
25773.9990234375 1.48488147686527e-21
25783.9990234375 8.21908421786863e-16
25793.9990234375 6.03776282352739e-16
25803.9990234375 1.05035025660361e-15
25813.9990234375 2.90962690581974e-16
25823.9990234375 4.0047217331269e-16
25833.9990234375 1.37554436832898e-15
25843.9990234375 4.15455769880542e-16
25853.9990234375 2.78230636416981e-16
25863.9990234375 9.5272124637476e-17
25873.9990234375 3.71027371502982e-16
25883.9990234375 8.80518302368805e-17
25893.9990234375 9.38386116987946e-17
25903.9990234375 2.68593149046525e-16
25913.9990234375 6.58453334293237e-17
25923.9990234375 1.18414647630924e-16
25933.9990234375 2.81004276184455e-17
25943.9990234375 1.04306742058226e-17
25953.9990234375 6.84656320391408e-17
25963.9990234375 4.08976464639296e-17
25973.9990234375 5.74132767715686e-17
25983.9990234375 8.52501590494882e-18
25993.9990234375 2.63196842140977e-21
26003.9990234375 4.61354065035827e-18
