"wave" "response"
5503.49975585938 6.49895519559872e-10
5513.49975585938 1.14405220256482e-09
5523.49975585938 1.60617367098474e-09
5533.49975585938 1.45288933793312e-09
5543.49975585938 1.18580732641764e-09
5553.49975585938 1.87567645716114e-09
5563.49975585938 2.55382899961534e-09
5573.49975585938 1.47346057031479e-09
5583.49975585938 1.0614488233435e-09
5593.49975585938 1.11539635933044e-09
5603.49975585938 7.74297337539215e-10
5613.49975585938 1.50480642397602e-09
5623.49975585938 2.23030685082806e-09
5633.49975585938 2.27424972363628e-09
5643.49975585938 2.92502569038839e-09
5653.49975585938 3.94332200200719e-09
5663.49975585938 5.28520308885904e-09
5673.49975585938 7.17430477459281e-09
5683.49975585938 1.02983819826642e-08
5693.49975585938 2.91162952137104e-09
5703.49975585938 3.21177809370861e-09
5713.49975585938 5.83789978246801e-09
5723.49975585938 3.67273047947577e-09
5733.49975585938 5.37172328582677e-10
5743.49975585938 2.38050629223536e-10
5753.49975585938 1.94365192384441e-09
5763.49975585938 2.2744908268259e-09
5773.49975585938 2.93767576817808e-09
5783.49975585938 3.22265110964096e-09
5793.49975585938 1.2192950592474e-10
5803.49975585938 1.22003134602957e-09
5813.49975585938 4.78155433607097e-09
5823.49975585938 3.8585751865559e-09
5833.49975585938 4.80573976343252e-09
5843.49975585938 3.83989434306724e-09
5853.49975585938 5.60028905578407e-09
5863.49975585938 6.62620848358983e-09
5873.49975585938 5.67783681936875e-09
5883.49975585938 8.46089874916674e-09
5893.49975585938 9.07785649953495e-10
5903.49975585938 2.47039740647209e-09
5913.49975585938 6.33260375728794e-09
5923.49975585938 9.97780143767449e-09
5933.49975585938 1.9225900652229e-08
5943.49975585938 8.65923719045371e-09
5953.49975585938 1.16134270020644e-08
5963.49975585938 6.10278533760211e-09
5973.49975585938 1.11433038712831e-08
5983.49975585938 1.81482730181373e-08
5993.49975585938 1.76500638014673e-08
6003.49975585938 8.06380176896554e-09
6013.49975585938 8.38779853889245e-09
6023.49975585938 8.83568294563531e-09
6033.49975585938 4.94376873035867e-09
6043.49975585938 8.57348276351284e-09
6053.49975585938 7.14523207100545e-09
6063.49975585938 1.08617432168392e-08
6073.49975585938 1.703963940614e-08
6083.49975585938 1.62429431733547e-08
6093.49975585938 1.0643624060948e-08
6103.49975585938 1.7624778070447e-08
6113.49975585938 7.19885917109239e-09
6123.49975585938 1.64292696215993e-08
6133.49975585938 1.5195915236012e-08
6143.49975585938 6.62119206698519e-09
6153.49975585938 1.66331299972283e-08
6163.49975585938 5.61974790319378e-09
6173.49975585938 1.97441209799879e-08
6183.49975585938 6.86886860215106e-09
6193.49975585938 9.18686074530613e-09
6203.49975585938 2.00140285220893e-08
6213.49975585938 1.51634677921672e-08
6223.49975585938 7.8608243775e-09
6233.49975585938 1.46529019365798e-08
6243.49975585938 1.62596391039555e-08
6253.49975585938 1.03819191647964e-08
6263.49975585938 7.4461679384693e-09
6273.49975585938 8.08809198454563e-09
6283.49975585938 1.3772588704863e-08
6293.49975585938 2.05373011906171e-08
6303.49975585938 1.29947296465662e-08
6313.49975585938 1.95131853107412e-08
6323.49975585938 9.70989597404816e-09
6333.49975585938 3.45935816691208e-08
6343.49975585938 1.8009384123124e-08
6353.49975585938 7.12007987634949e-09
6363.49975585938 1.19811045994639e-08
6373.49975585938 1.41402663924575e-08
6383.49975585938 4.73562009506069e-08
6393.49975585938 2.59875216115223e-08
6403.49975585938 4.65260515246422e-08
6413.49975585938 2.64229144221553e-08
6423.49975585938 3.71410428300887e-08
6433.49975585938 2.16773753786897e-08
6443.49975585938 4.02067535750133e-08
6453.49975585938 2.4405617920538e-08
6463.49975585938 2.34845571648049e-08
6473.49975585938 2.86148411591066e-08
6483.49975585938 2.67093197408006e-08
6493.49975585938 2.67752550424235e-08
6503.49975585938 2.30045913640645e-08
6513.49975585938 2.31681917502407e-08
6523.49975585938 1.81356513509759e-08
6533.49975585938 4.43711094993384e-08
6543.49975585938 6.40615697317151e-08
6553.49975585938 4.14601800349738e-08
6563.49975585938 4.35617593477477e-08
6573.49975585938 5.5817580387216e-08
6583.49975585938 5.32550660347734e-08
6593.49975585938 2.66369929181961e-08
6603.49975585938 4.79634374195822e-08
6613.49975585938 7.30859561176031e-08
6623.49975585937 5.14875352502556e-08
6633.49975585937 5.73559888987425e-08
6643.49975585937 7.48152469294712e-08
6653.49975585937 9.53920590346919e-08
6663.49975585937 9.9965830997581e-08
6673.49975585937 6.28435142727188e-08
6683.49975585937 5.50939339220543e-08
6693.49975585937 6.97066837148526e-08
6703.49975585937 8.23290875858805e-08
6713.49975585937 6.44134035338594e-08
6723.49975585937 4.10086357545498e-08
6733.49975585938 4.35865672435695e-08
6743.49975585938 4.54520035944572e-08
6753.49975585938 4.24095136872436e-08
6763.49975585938 5.04250244421307e-08
6773.49975585938 5.75534096215965e-08
6783.49975585938 3.89640433906092e-08
6793.49975585938 5.10784261607636e-08
6803.49975585938 2.95458435164061e-08
6813.49975585938 3.5410654472908e-08
6823.49975585938 2.10126934508774e-08
6833.49975585938 3.94774697504671e-08
6843.49975585938 3.30669370595382e-08
6853.49975585938 3.91482834877037e-08
6863.49975585938 4.1833098771664e-08
6873.49975585938 1.82917539060086e-08
6883.49975585938 3.80889301843126e-08
6893.49975585938 5.06582195318899e-08
6903.49975585938 6.46845843303963e-08
6913.49975585938 6.81558436266793e-08
6923.49975585938 5.86397426090592e-08
6933.49975585938 4.73243342861703e-08
6943.49975585938 7.50940075006401e-08
6953.49975585938 3.4403029639443e-08
6963.49975585938 1.3739125241798e-08
6973.49975585938 7.63121435179917e-08
6983.49975585938 6.9096314348565e-09
6993.49975585938 2.2686672693559e-08
7003.49975585938 4.71052624146227e-08
7013.49975585938 3.01383063565012e-08
7023.49975585938 2.36949187319648e-08
7033.49975585938 3.79953820144701e-08
7043.49975585938 5.33282135217207e-08
7053.49975585938 6.6942270633549e-08
7063.49975585938 5.44569395212999e-08
7073.49975585938 4.6106356983758e-08
7083.49975585938 8.70032476704823e-09
7093.49975585938 2.00042929643004e-08
7103.49975585938 4.58704820625056e-08
7113.49975585938 8.51764400000397e-08
7123.49975585938 6.15757532091209e-08
7133.49975585938 8.46636115963015e-08
7143.49975585938 6.40213184744549e-08
7153.49975585938 5.98486632011496e-08
7163.49975585938 6.19394070195898e-08
7173.49975585938 4.88199110104033e-08
7183.49975585938 6.84541887950552e-08
7193.49975585938 6.05332353877606e-08
7203.49975585938 5.73365137741787e-08
7213.49975585938 5.94716562516958e-08
7223.49975585938 1.13226426214902e-07
7233.49975585938 7.86418455170993e-08
7243.49975585938 6.32424001435054e-08
7253.49975585938 6.75456721787258e-08
7263.49975585938 7.53095088111768e-08
7273.49975585938 1.04683668565475e-07
7283.49975585938 7.81590287701129e-08
7293.49975585938 7.33903588308581e-08
7303.49975585938 9.2540724938538e-08
7313.49975585938 5.49391329663328e-08
7323.49975585938 8.08423196516182e-08
7333.49975585938 9.3332138336073e-08
7343.49975585938 8.37957247599165e-08
7353.49975585938 1.20255787146504e-07
7363.49975585938 5.47946625142627e-08
7373.49975585938 9.91375427499289e-08
7383.49975585938 9.70201487472378e-08
7393.49975585938 1.22895872908324e-07
7403.49975585938 7.52399568388588e-08
7413.49975585938 1.02113604149491e-07
7423.49975585938 1.22819202046451e-07
7433.49975585938 9.28746860323811e-08
7443.49975585938 5.2071571267698e-08
7453.49975585938 1.41325506106488e-07
7463.49975585938 8.91016979442008e-08
7473.49975585938 1.0926920057029e-07
7483.49975585938 9.63692028414386e-08
7493.49975585938 9.70300643397356e-08
7503.49975585938 1.4075862826528e-07
7513.49975585938 2.12016108709594e-08
7523.49975585938 9.18270861122567e-08
7533.49975585938 1.45275372292685e-07
7543.49975585938 1.03602224517809e-07
7553.49975585938 1.45882778078935e-07
7563.49975585938 1.31268121460227e-07
7573.49975585938 7.09051422419381e-08
7583.49975585938 2.09029861467382e-07
7593.49975585938 8.80772210371542e-08
7603.49975585938 1.26375814747967e-07
7613.49975585938 1.2436250077021e-07
7623.49975585938 1.03590132565026e-07
7633.49975585938 9.27377032286338e-08
7643.49975585938 1.86033697930962e-07
7653.49975585938 1.26494219361495e-07
7663.49975585938 1.30129465702316e-07
7673.49975585938 6.35720313932503e-08
7683.49975585938 1.4302087488942e-07
7693.49975585938 1.65207150729432e-07
7703.49975585938 2.01147605125986e-07
7713.49975585938 1.366230683916e-07
7723.49975585938 2.01726083551042e-07
7733.49975585938 1.06115428150984e-07
7743.49975585938 2.02460794680936e-07
7753.49975585938 1.33207170099004e-07
7763.49975585938 1.77891948535303e-07
7773.49975585938 7.9754943235285e-08
7783.49975585938 1.24517151765051e-07
7793.49975585938 6.68650193313061e-08
7803.49975585938 8.74575104453253e-08
7813.49975585938 6.82908164599012e-08
7823.49975585938 1.24692949196467e-07
7833.49975585938 1.22414512004123e-07
7843.49975585938 1.20275328293117e-07
7853.49975585938 1.05626824958487e-07
7863.49975585938 1.51250626274444e-07
7873.49975585937 1.19826828995877e-07
7883.49975585937 1.28541116113342e-07
7893.49975585937 1.03401997693577e-07
7903.49975585937 6.93897987103044e-08
7913.49975585937 1.45512247815245e-07
7923.49975585937 1.24549589579555e-07
7933.49975585937 9.59762893365259e-08
7943.49975585937 1.74358654816979e-07
7953.49975585937 5.37178847048694e-08
7963.49975585937 9.90774911763446e-08
7973.49975585937 1.10639272977449e-07
7983.49975585938 7.69694049046199e-08
7993.49975585938 1.8139784478822e-07
8003.49975585938 4.10211571314763e-07
8013.49975585938 4.22379182016483e-07
8023.49975585938 4.48768435179821e-07
8033.49975585938 3.52945624331914e-07
8043.49975585938 3.69293563327314e-07
8053.49975585938 3.08412266121967e-07
8063.49975585938 3.65087631032635e-07
8073.49975585938 5.01517521227942e-07
8083.49975585938 2.11087066240599e-07
8093.49975585938 2.30640552165495e-07
8103.49975585938 3.56260353702875e-07
8113.49975585938 2.83540048939031e-07
8123.49975585938 1.96131175926486e-07
8133.49975585938 1.60741673048052e-07
8143.49975585938 2.57791056235444e-07
8153.49975585938 1.45671315439261e-07
8163.49975585938 2.21646649430411e-07
8173.49975585938 2.46103178945134e-07
8183.49975585938 1.91667837760437e-07
8193.49975585938 2.49539850475879e-07
8203.49975585938 1.98095806637636e-07
8213.49975585938 3.82019817638151e-07
8223.49975585938 1.57314932852124e-07
8233.49975585938 2.0570740891701e-07
8243.49975585938 2.15692617382773e-07
8253.49975585938 2.28671294060482e-07
8263.49975585938 1.64132231888906e-07
8273.49975585938 3.50273021139388e-07
8283.49975585938 3.21277906258058e-07
8293.49975585938 2.60489217444136e-07
8303.49975585938 1.67453795789678e-07
8313.49975585938 2.28328528111003e-07
8323.49975585938 3.33040422136557e-07
8333.49975585938 1.97699103552104e-07
8343.49975585938 2.51412978970948e-07
8353.49975585938 2.64449762956678e-07
8363.49975585938 2.16648026887656e-07
8373.49975585938 2.77320430845055e-07
8383.49975585938 2.27649091278037e-07
8393.49975585938 3.30871460311345e-07
8403.49975585938 3.44234414060882e-07
8413.49975585938 3.23601623470425e-07
8423.49975585938 3.87866040008986e-07
8433.49975585938 3.77613897658747e-07
8443.49975585938 4.02009709002909e-07
8453.49975585938 4.33628101425352e-07
8463.49975585938 4.29833961462698e-07
8473.49975585938 4.58947937839168e-07
8483.49975585938 4.5156269343345e-07
8493.49975585938 5.06217229641821e-07
8503.49975585938 5.22034999142054e-07
8513.49975585938 5.77781892489152e-07
8523.49975585938 5.48178769946923e-07
8533.49975585938 5.50628867407445e-07
8543.49975585938 5.5801418706903e-07
8553.49975585938 5.54036548311617e-07
8563.49975585938 6.07540440566569e-07
8573.49975585938 5.60051587340827e-07
8583.49975585938 5.87152837869188e-07
8593.49975585938 5.92885286747977e-07
8603.49975585938 5.12772937776825e-07
8613.49975585938 4.71057165335862e-07
8623.49975585938 5.90632272947424e-07
8633.49975585938 5.69137047756745e-07
8643.49975585938 5.69840328182343e-07
8653.49975585938 6.053421694558e-07
8663.49975585938 5.76305833597694e-07
8673.49975585938 6.46495551029195e-07
8683.49975585938 7.08754432465152e-07
8693.49975585938 6.98723112749419e-07
8703.49975585938 6.96245413543817e-07
8713.49975585938 6.41481665207484e-07
8723.49975585938 6.42574909594431e-07
8733.49975585938 6.56358008074773e-07
8743.49975585938 7.02644497984297e-07
8753.49975585938 6.45536481836888e-07
8763.49975585938 6.35740330030021e-07
8773.49975585938 6.20944507086851e-07
8783.49975585938 7.13139161621774e-07
8793.49975585938 7.7341790744258e-07
8803.49975585938 7.24706916548047e-07
8813.49975585938 7.33426339733375e-07
8823.49975585938 8.32919170603412e-07
8833.49975585938 8.38169182928769e-07
8843.49975585938 8.82664997777829e-07
8853.49975585938 9.590824844328e-07
8863.49975585938 9.288651265856e-07
8873.49975585938 9.43481340554895e-07
8883.49975585938 9.44627022194125e-07
8893.49975585938 9.78040734582406e-07
8903.49975585938 9.44005909398869e-07
8913.49975585938 9.38836842318786e-07
8923.49975585938 8.87593838753612e-07
8933.49975585938 8.73284435546588e-07
8943.49975585938 8.74407216784483e-07
8953.49975585938 8.29266401120205e-07
8963.49975585938 8.31243592366081e-07
8973.49975585938 7.78013191729622e-07
8983.49975585938 8.40459211670178e-07
8993.49975585938 7.66207619553458e-07
9003.49975585938 7.02326426863052e-07
9013.49975585938 7.79986141620317e-07
9023.49975585938 6.70891385850294e-07
9033.49975585938 6.53817769034424e-07
9043.49975585938 6.79663371902049e-07
9053.49975585938 6.57055485077186e-07
9063.49975585938 6.43084986047511e-07
9073.49975585938 7.06083749494512e-07
9083.49975585938 6.51876313745013e-07
9093.49975585938 6.23533993229304e-07
9103.49975585938 7.07850557991372e-07
9113.49975585938 5.84670012647078e-07
9123.49975585938 6.01843726123404e-07
9133.49975585938 5.28208392282757e-07
9143.49975585938 5.80152226600656e-07
9153.49975585938 5.72458981436726e-07
9163.49975585938 5.73882724856222e-07
9173.49975585938 6.41859183815957e-07
9183.49975585938 6.88328166704928e-07
9193.49975585938 7.43827795601552e-07
9203.49975585938 7.18036172586993e-07
9213.49975585938 7.71673198726043e-07
9223.49975585938 7.4611211993199e-07
9233.49975585938 7.19292425808999e-07
9243.49975585938 7.02036783085315e-07
9253.49975585938 6.30974696525659e-07
9263.49975585938 6.19767435280847e-07
9273.49975585938 5.83495380335545e-07
9283.49975585938 5.5244505289797e-07
9293.49975585938 4.61245781080323e-07
9303.49975585938 4.55629593854269e-07
9313.49975585938 4.11656121392431e-07
9323.49975585938 3.32144268615721e-07
9333.49975585938 3.67960500193472e-07
9343.49975585938 4.14834307005189e-07
9353.49975585938 3.94509461364303e-07
9363.49975585938 3.67672289000075e-07
9373.49975585938 3.82170010896793e-07
9383.49975585938 3.26098861382705e-07
9393.49975585938 2.73017255805524e-07
9403.49975585938 3.32535365616788e-07
9413.49975585938 3.53047719232536e-07
9423.49975585938 3.32510915727241e-07
9433.49975585938 3.71340401333596e-07
9443.49975585938 3.24268449374438e-07
9453.49975585938 3.34070428317875e-07
9463.49975585938 3.90624629610362e-07
9473.49975585938 3.79848560534306e-07
9483.49975585938 3.4569007256138e-07
9493.49975585938 2.80092447245897e-07
9503.49975585938 2.73701098436524e-07
9513.49975585938 3.94627454175817e-07
9523.49975585938 3.86158130558072e-07
9533.49975585938 4.30071597756775e-07
9543.49975585938 5.77784012715244e-07
9553.49975585938 6.1149869648471e-07
9563.49975585938 7.19595206414152e-07
9573.49975585938 7.21169544934703e-07
9583.49975585938 8.24362989804223e-07
9593.49975585938 6.83817031793015e-07
9603.49975585938 7.08901081662718e-07
9613.49975585938 7.6381378505986e-07
9623.49975585938 7.41700354535272e-07
9633.49975585938 7.75933875392845e-07
9643.49975585938 7.1791754739465e-07
9653.49975585938 6.81112583405386e-07
9663.49975585938 6.10938755494431e-07
9673.49975585938 5.21762893662861e-07
9683.49975585938 4.15595859538701e-07
9693.49975585938 2.78441716054969e-07
9703.49975585938 2.52982804150732e-07
9713.49975585938 2.74301470266967e-07
9723.49975585938 2.64853352714608e-07
9733.49975585938 3.10484460370994e-07
9743.49975585938 2.81439789035213e-07
9753.49975585938 3.28388773231872e-07
9763.49975585938 3.86940413912122e-07
9773.49975585938 4.57903727802312e-07
9783.49975585938 6.48020782048945e-07
9793.49975585938 8.60788418696123e-07
9803.49975585938 1.02375589371471e-06
9813.49975585938 1.12988130822644e-06
9823.49975585938 1.20116229742146e-06
9833.49975585938 1.18968993643284e-06
9843.49975585938 1.13101613915587e-06
9853.49975585938 1.10708602106867e-06
9863.49975585938 1.12101627869e-06
9873.49975585938 1.11827478646374e-06
9883.49975585938 1.14539730769982e-06
9893.49975585938 1.17582297201472e-06
9903.49975585938 1.17850708049198e-06
9913.49975585938 1.12831957069957e-06
9923.49975585938 9.9136499479185e-07
9933.49975585938 8.22216658128513e-07
9943.49975585938 5.59453817129953e-07
9953.49975585938 3.86826036487412e-07
9963.49975585938 2.69169978067356e-07
9973.49975585938 3.06100130992837e-07
9983.49975585938 4.22861060040594e-07
9993.49975585938 3.63133018796913e-07
10003.4997558594 4.39655281502574e-07
10013.4997558594 1.86375472675153e-06
10023.4997558594 8.28451598594529e-07
10033.4997558594 2.51330981866837e-06
10043.4997558594 1.19139072059527e-06
10053.4997558594 8.25533036500243e-07
10063.4997558594 1.44518390549118e-06
10073.4997558594 1.40014670426118e-06
10083.4997558594 9.04308411789476e-07
10093.4997558594 7.24622940961869e-07
10103.4997558594 1.10231588095926e-06
10113.4997558594 1.26277283780282e-06
10123.4997558594 1.28545019880141e-06
10133.4997558594 6.98633701695463e-07
10143.4997558594 1.08370178358506e-06
10153.4997558594 5.11713334478078e-07
10163.4997558594 8.57280563060915e-07
10173.4997558594 1.17451062141282e-06
10183.4997558594 1.21585716429994e-06
10193.4997558594 1.34696644546024e-06
10203.4997558594 1.49109421300202e-06
10213.4997558594 9.83132979354212e-07
10223.4997558594 1.74364379104599e-06
10233.4997558594 1.08024946399915e-06
10243.4997558594 1.39274788933333e-06
10253.4997558594 1.48435271473672e-06
10263.4997558594 7.88008899538522e-07
10273.4997558594 1.02426723930387e-06
10283.4997558594 7.77542822546325e-07
10293.4997558594 8.6479384022608e-07
10303.4997558594 9.63182212813602e-07
10313.4997558594 7.0664047190087e-07
10323.4997558594 1.66043564564424e-06
10333.4997558594 4.03558826774445e-07
10343.4997558594 1.23902366019526e-06
10353.4997558594 1.2975267913271e-06
10363.4997558594 1.9029110218219e-06
10373.4997558594 2.15525920027539e-07
10383.4997558594 1.27011727413944e-06
10393.4997558594 1.76343780607366e-06
10403.4997558594 4.79250769239398e-07
10413.4997558594 9.30197903280179e-07
10423.4997558594 1.19068033281748e-06
10433.4997558594 6.87518786382279e-07
10443.4997558594 1.54739024351449e-06
10453.4997558594 7.92428813356024e-07
10463.4997558594 9.6063022110828e-07
10473.4997558594 5.24193261444449e-07
10483.4997558594 9.63214245418769e-07
10493.4997558594 6.26924066527101e-07
10503.4997558594 2.20949631619012e-07
10513.4997558594 1.03269517602566e-06
10523.4997558594 1.12045443626334e-06
10533.4997558594 1.38819305050391e-06
10543.4997558594 1.69651020904557e-07
10553.4997558594 1.11431716979199e-06
10563.4997558594 1.12173486532372e-06
10573.4997558594 8.82971080874718e-07
10583.4997558594 7.10513058751291e-07
10593.4997558594 5.86519132825063e-07
10603.4997558594 1.29692572806771e-06
10613.4997558594 8.21242486486342e-07
10623.4997558594 1.56045948354822e-06
10633.4997558594 3.11335018876998e-07
10643.4997558594 6.75574225822285e-07
10653.4997558594 3.93692498871195e-07
10663.4997558594 9.06050990639155e-07
10673.4997558594 7.1490311831095e-07
10683.4997558594 1.15064211642546e-06
10693.4997558594 1.26525094161046e-06
10703.4997558594 1.08055323053083e-06
10713.4997558594 6.35604395027582e-07
10723.4997558594 6.17939833052596e-07
10733.4997558594 8.41038304852944e-08
10743.4997558594 1.15907715129875e-06
10753.4997558594 2.06889136460227e-06
10763.4997558594 3.38479454058428e-07
10773.4997558594 1.61394765341672e-06
10783.4997558594 5.6094680006098e-07
10793.4997558594 4.00116101449087e-07
10803.4997558594 7.80937642592778e-07
10813.4997558594 7.47203754281454e-07
10823.4997558594 8.56528807844086e-07
10833.4997558594 4.18393626197717e-07
10843.4997558594 8.24475929280648e-07
10853.4997558594 1.16952539469213e-06
10863.4997558594 3.93080956935026e-07
10873.4997558594 6.12358076293803e-07
10883.4997558594 7.71093871185604e-07
10893.4997558594 9.98409754098588e-07
10903.4997558594 5.72756304983881e-07
10913.4997558594 5.74824737616086e-07
10923.4997558594 1.70508335566319e-06
10933.4997558594 6.37059773796925e-07
10943.4997558594 3.79493262294204e-07
10953.4997558594 6.98553794917695e-07
10963.4997558594 8.23727343017882e-07
10973.4997558594 3.9730609319415e-07
10983.4997558594 3.11550846956977e-07
10993.4997558594 1.22786561997657e-06
11003.4997558594 7.90812485671971e-07
11013.4997558594 5.22855764155097e-07
11023.4997558594 6.38842327931722e-07
11033.4997558594 9.8440714358107e-07
11043.4997558594 5.22544413890503e-07
11053.4997558594 7.3425418663997e-07
11063.4997558594 7.50257214257746e-07
11073.4997558594 4.69044931650726e-07
11083.4997558594 4.40340528076731e-08
11093.4997558594 1.03703171798807e-06
11103.4997558594 6.6754468349823e-07
11113.4997558594 1.38560556016021e-06
11123.4997558594 1.20243314199172e-06
11133.4997558594 6.8429529894482e-07
11143.4997558594 1.36016714059836e-06
11153.4997558594 1.21364499250513e-06
11163.4997558594 5.84280484376563e-07
11173.4997558594 5.47664389807602e-07
11183.4997558594 4.44918055484897e-07
11193.4997558594 5.56201841008928e-08
11203.4997558594 1.02211340215338e-06
11213.4997558594 8.66915192596717e-07
11223.4997558594 1.11575099585503e-06
11233.4997558594 1.28452598887981e-06
11243.4997558594 5.14074541440154e-07
11253.4997558594 1.32315264006974e-06
11263.4997558594 5.56611648404474e-07
11273.4997558594 1.21413233249404e-06
11283.4997558594 6.8764532210451e-07
11293.4997558594 1.30397334429625e-06
11303.4997558594 8.46438717756211e-07
11313.4997558594 2.19319099969904e-07
11323.4997558594 1.50202033771717e-06
11333.4997558594 5.95105842102549e-07
11343.4997558594 7.17029165702839e-07
11353.4997558594 6.10788661776477e-07
11363.4997558594 1.24367533111102e-06
11373.4997558594 9.56900189325929e-07
11383.4997558594 1.03025596809664e-06
11393.4997558594 5.11931211224441e-07
11403.4997558594 4.10248297278488e-07
11413.4997558594 7.15758221024096e-07
11423.4997558594 9.76536405562468e-07
11433.4997558594 1.26920482929057e-06
11443.4997558594 1.09033971751253e-06
11453.4997558594 2.04269221954003e-07
11463.4997558594 1.27405114704667e-06
11473.4997558594 4.13354686724339e-07
11483.4997558594 1.00591395388165e-06
11493.4997558594 8.55621515425819e-07
11503.4997558594 1.338966960339e-06
11513.4997558594 6.4861926094181e-07
11523.4997558594 5.11162828482201e-07
11533.4997558594 1.31409603163164e-06
11543.4997558594 5.74595275861542e-07
11553.4997558594 1.11670266133341e-06
11563.4997558594 1.1227842445267e-06
11573.4997558594 1.26731624591427e-06
11583.4997558594 2.89162382699916e-07
11593.4997558594 4.79348514234657e-07
11603.4997558594 1.13161657149931e-06
11613.4997558594 1.28055136962172e-06
11623.4997558594 9.78900934278651e-07
11633.4997558594 4.39347343791875e-07
11643.4997558594 8.04661982213144e-07
11653.4997558594 1.16341801477887e-06
11663.4997558594 1.0187480076112e-06
11673.4997558594 4.38903438843215e-07
11683.4997558594 1.08408497331368e-06
11693.4997558594 1.1993879935581e-06
11703.4997558594 1.2053640811281e-06
11713.4997558594 8.34438877353091e-07
11723.4997558594 1.75787499942736e-06
11733.4997558594 1.40598479664681e-06
11743.4997558594 3.45986945598427e-07
11753.4997558594 4.39174509912052e-07
11763.4997558594 1.04849645835686e-06
11773.4997558594 7.06765013691067e-07
11783.4997558594 1.55960963699852e-06
11793.4997558594 5.12540846644479e-07
11803.4997558594 1.0517953042796e-06
11813.4997558594 1.32948988730567e-06
11823.4997558594 4.22386548505177e-07
11833.4997558594 7.14476740028799e-07
11843.4997558594 1.38235165011924e-06
11853.4997558594 9.6894376363844e-07
11863.4997558594 5.05520681848638e-07
11873.4997558594 1.26699560137252e-06
11883.4997558594 1.10165772458984e-06
11893.4997558594 5.38639655036386e-07
11903.4997558594 7.65531797087638e-07
11913.4997558594 1.39920731123084e-06
11923.4997558594 1.17239964873004e-06
11933.4997558594 1.18757881978924e-06
11943.4997558594 7.02369777501369e-07
11953.4997558594 1.99611944190768e-06
11963.4997558594 1.33374765659075e-06
11973.4997558594 6.92252282849284e-07
11983.4997558594 8.66912190754342e-07
11993.4997558594 1.00584935027687e-06
12003.4997558594 1.30392771031795e-06
12013.4997558594 9.59232774039948e-07
12023.4997558594 1.05704047106298e-06
12033.4997558594 1.2176540430602e-06
12043.4997558594 1.77002374806097e-06
12053.4997558594 1.25326904998538e-06
12063.4997558594 9.06517686571218e-07
12073.4997558594 1.55958833854884e-06
12083.4997558594 1.34536575492322e-06
12093.4997558594 1.09152017242579e-06
12103.4997558594 1.26187814628565e-06
12113.4997558594 1.99325045828578e-06
12123.4997558594 1.40522232310355e-06
12133.4997558594 1.29008538781012e-06
12143.4997558594 1.02990153787662e-06
12153.4997558594 1.45894678291401e-06
12163.4997558594 1.73035532382047e-06
12173.4997558594 1.56896451416407e-06
12183.4997558594 1.01610890136401e-06
12193.4997558594 1.15865824874341e-06
12203.4997558594 1.23753735702614e-06
12213.4997558594 1.39326793100786e-06
12223.4997558594 1.68632473299825e-06
12233.4997558594 1.22120183986887e-06
12243.4997558594 1.57180870902987e-06
12253.4997558594 1.39420026036862e-06
12263.4997558594 1.32964398654313e-06
12273.4997558594 1.23503633964307e-06
12283.4997558594 6.25571386948428e-07
12293.4997558594 1.52397473603011e-06
12303.4997558594 1.51295038660363e-06
12313.4997558594 8.51485753705596e-07
12323.4997558594 1.6651385685913e-06
12333.4997558594 1.7482803404184e-06
12343.4997558594 1.83450961193321e-06
12353.4997558594 8.91308101965466e-07
12363.4997558594 1.83295317965667e-06
12373.4997558594 1.86253223032411e-06
12383.4997558594 1.29305304756604e-06
12393.4997558594 2.54426399960821e-06
12403.4997558594 1.7032904014116e-06
12413.4997558594 1.97557925562612e-06
12423.4997558594 2.60881316780731e-06
12433.4997558594 2.35657516829168e-06
12443.4997558594 2.05604475047798e-06
12453.4997558594 2.3992374129654e-06
12463.4997558594 2.95594733161224e-06
12473.4997558594 3.1813342748683e-06
12483.4997558594 2.55625177990049e-06
12493.4997558594 3.72035065576992e-06
12503.4997558594 2.98184410816862e-06
12513.4997558594 3.3316537096257e-06
12523.4997558594 4.06050603567821e-06
12533.4997558594 4.8123211185441e-06
12543.4997558594 4.07246640374372e-06
12553.4997558594 4.65914412024125e-06
12563.4997558594 5.14286069437868e-06
12573.4997558594 5.06196381306979e-06
12583.4997558594 5.50955178709315e-06
12593.4997558594 6.12496745367138e-06
12603.4997558594 7.44367031461365e-06
12613.4997558594 6.7207086507343e-06
12623.4997558594 8.07524298423894e-06
12633.4997558594 9.51776550667025e-06
12643.4997558594 1.14027097766193e-05
12653.4997558594 1.19760348450226e-05
12663.4997558594 1.42236363388627e-05
12673.4997558594 1.48701250234442e-05
12683.4997558594 1.89184359626951e-05
12693.4997558594 2.03869597819327e-05
12703.4997558594 2.40816501717646e-05
12713.4997558594 2.85415654544079e-05
12723.4997558594 3.15431037252912e-05
12733.4997558594 3.67873218484716e-05
12743.4997558594 3.92834383864967e-05
12753.4997558594 4.54502823268676e-05
12763.4997558594 5.20217966448736e-05
12773.4997558594 6.05613279546201e-05
12783.4997558594 6.61340248221933e-05
12793.4997558594 7.76097762775648e-05
12803.4997558594 8.62488545226609e-05
12813.4997558594 9.76391360847365e-05
12823.4997558594 0.000109909596484652
12833.4997558594 0.000131168189909488
12843.4997558594 0.000144334740337728
12853.4997558594 0.000163931689093694
12863.4997558594 0.000184320661558435
12873.4997558594 0.000220271232011399
12883.4997558594 0.00025212947745887
12893.4997558594 0.000291451402617242
12903.4997558594 0.000354097010519454
12913.4997558594 0.000403827245655438
12923.4997558594 0.000486661692201252
12933.4997558594 0.000555396397866089
12943.4997558594 0.000672975602138514
12953.4997558594 0.000823952810397164
12963.4997558594 0.00100057079259693
12973.4997558594 0.00121535173432907
12983.4997558594 0.00146920126460384
12993.4997558594 0.00180264271818094
13003.4997558594 0.00218548133565415
13013.4997558594 0.00270055634378081
13023.4997558594 0.00326504378839256
13033.4997558594 0.00400794749338883
13043.4997558594 0.00491572372647036
13053.4997558594 0.00565206113276145
13063.4997558594 0.00704943389089838
13073.4997558594 0.00823826943179944
13083.4997558594 0.00931050956634109
13093.4997558594 0.0105781496234938
13103.4997558594 0.0117642682395526
13113.4997558594 0.0133853552921026
13123.4997558594 0.013958774884478
13133.4997558594 0.0162861535889637
13143.4997558594 0.0180147510748001
13153.4997558594 0.0208005093881656
13163.4997558594 0.0232897607282694
13173.4997558594 0.0267995061541616
13183.4997558594 0.0307205603288576
13193.4997558594 0.0361732210952298
13203.4997558594 0.0409215633848454
13213.4997558594 0.0482273419119016
13223.4997558594 0.0553344996867168
13233.4997558594 0.066886413678717
13243.4997558594 0.0746161928020933
13253.4997558594 0.0891325136516944
13263.4997558594 0.102981424401845
13273.4997558594 0.121107973847777
13283.4997558594 0.143228061042884
13293.4997558594 0.164641756104858
13303.4997558594 0.190702995626909
13313.4997558594 0.214344746822462
13323.4997558594 0.248356245385729
13333.4997558594 0.276914928252945
13343.4997558594 0.306099066530871
13353.4997558594 0.326335388848646
13363.4997558594 0.344506808028913
13373.4997558594 0.368019381019455
13383.4997558594 0.369575449244204
13393.4997558594 0.386385340028097
13403.4997558594 0.386693525350795
13413.4997558594 0.388580052627214
13423.4997558594 0.395418776130224
13433.4997558594 0.389115099745291
13443.4997558594 0.392298285860977
13453.4997558594 0.394799842918977
13463.4997558594 0.394729264590621
13473.4997558594 0.391740519917861
13483.4997558594 0.400853112711206
13493.4997558594 0.39386730460887
13503.4997558594 0.402140266186777
13513.4997558594 0.394273837838045
13523.4997558594 0.399654349836036
13533.4997558594 0.396900549984804
13543.4997558594 0.392572418670108
13553.4997558594 0.40017520560744
13563.4997558594 0.397614470004786
13573.4997558594 0.395511327590521
13583.4997558594 0.396506332572633
13593.4997558594 0.390699370238903
13603.4997558594 0.400334736408979
13613.4997558594 0.399188864972618
13623.4997558594 0.394692303320342
13633.4997558594 0.394619791489149
13643.4997558594 0.39784838966708
13653.4997558594 0.398312554424703
13663.4997558594 0.395719644345343
13673.4997558594 0.400884700613136
13683.4997558594 0.394213904048413
13693.4997558594 0.397364605163812
13703.4997558594 0.398009934367375
13713.4997558594 0.394624027724096
13723.4997558594 0.39547153621221
13733.4997558594 0.397909602287016
13743.4997558594 0.391403780561788
13753.4997558594 0.394493815137505
13763.4997558594 0.38974564544226
13773.4997558594 0.386672383539481
13783.4997558594 0.388653153756109
13793.4997558594 0.385283961868758
13803.4997558594 0.384401100239528
13813.4997558594 0.384362590826562
13823.4997558594 0.380035198583976
13833.4997558594 0.381049863615104
13843.4997558594 0.383281479433455
13853.4997558594 0.376116960653314
13863.4997558594 0.385987636088999
13873.4997558594 0.378940868258798
13883.4997558594 0.37938462771989
13893.4997558594 0.378521662528944
13903.4997558594 0.383133400344217
13913.4997558594 0.377111678098004
13923.4997558594 0.383508450098343
13933.4997558594 0.380336855732936
13943.4997558594 0.381177159807342
13953.4997558594 0.380107264159899
13963.4997558594 0.378546456122218
13973.4997558594 0.380167176288387
13983.4997558594 0.389859948722646
13993.4997558594 0.383938461664191
14003.4997558594 0.383936074138847
14013.4997558594 0.385082272183087
14023.4997558594 0.38656789012129
14033.4997558594 0.389311673330553
14043.4997558594 0.393857183479743
14053.4997558594 0.393534779403791
14063.4997558594 0.39003765885816
14073.4997558594 0.396282640631857
14083.4997558594 0.397238407154101
14093.4997558594 0.39704614471202
14103.4997558594 0.401793480290078
14113.4997558594 0.400191662005861
14123.4997558594 0.40151723418227
14133.4997558594 0.405142701597452
14143.4997558594 0.398410591443768
14153.4997558594 0.407555774610885
14163.4997558594 0.407309398294328
14173.4997558594 0.408510766566205
14183.4997558594 0.41060869028784
14193.4997558594 0.409702569389877
14203.4997558594 0.405691786251974
14213.4997558594 0.414972723312475
14223.4997558594 0.40968294129152
14233.4997558594 0.412954150628176
14243.4997558594 0.412854488453697
14253.4997558594 0.412140482050543
14263.4997558594 0.414868202414396
14273.4997558594 0.411941595005276
14283.4997558594 0.410714510000119
14293.4997558594 0.412874006000474
14303.4997558594 0.41727599488696
14313.4997558594 0.415252886637266
14323.4997558594 0.412156073972468
14333.4997558594 0.412249518634824
14343.4997558594 0.412013436444491
14353.4997558594 0.411559154974383
14363.4997558594 0.410920355632546
14373.4997558594 0.411093217564886
14383.4997558594 0.411350701879343
14393.4997558594 0.410610701080814
14403.4997558594 0.413120581796149
14413.4997558594 0.410799892141872
14423.4997558594 0.410393231667281
14433.4997558594 0.413695523511896
14443.4997558594 0.412082266462209
14453.4997558594 0.413786927406626
14463.4997558594 0.411963665271618
14473.4997558594 0.414890485645715
14483.4997558594 0.416439141026325
14493.4997558594 0.417588216269193
14503.4997558594 0.411813187077865
14513.4997558594 0.417452962545217
14523.4997558594 0.418643940328531
14533.4997558594 0.420141254860901
14543.4997558594 0.419992511923376
14553.4997558594 0.422490766667735
14563.4997558594 0.416407771939692
14573.4997558594 0.420968539942939
14583.4997558594 0.426036064907725
14593.4997558594 0.422826582193504
14603.4997558594 0.422911544459206
14613.4997558594 0.423909289191954
14623.4997558594 0.424247898173079
14633.4997558594 0.423943805318516
14643.4997558594 0.427680649372278
14653.4997558594 0.424212476864221
14663.4997558594 0.42149651877791
14673.4997558594 0.426109150853155
14683.4997558594 0.415954157679202
14693.4997558594 0.412558914925873
14703.4997558594 0.406577724427914
14713.4997558594 0.39730248234367
14723.4997558594 0.384163824625219
14733.4997558594 0.365773412699486
14743.4997558594 0.346018791621412
14753.4997558594 0.319376573396031
14763.4997558594 0.297991375478922
14773.4997558594 0.265926089305538
14783.4997558594 0.236489594574674
14793.4997558594 0.20489677329597
14803.4997558594 0.177654589652011
14813.4997558594 0.152968509137417
14823.4997558594 0.128991753379717
14833.4997558594 0.11087455174334
14843.4997558594 0.0957740632107238
14853.4997558594 0.0813137747392216
14863.4997558594 0.0695173156736428
14873.4997558594 0.0582727399711173
14883.4997558594 0.0534809777034398
14893.4997558594 0.0440266592187137
14903.4997558594 0.0387426806328095
14913.4997558594 0.0336412940693658
14923.4997558594 0.0295908022206062
14933.4997558594 0.0264163585179185
14943.4997558594 0.0228923602836722
14953.4997558594 0.0212921130180683
14963.4997558594 0.0190629326134283
14973.4997558594 0.0171987484798781
14983.4997558594 0.0151503349490189
14993.4997558594 0.0135004584835884
15003.4997558594 0.011443094564149
15013.4997558594 0.00947392606849957
15023.4997558594 0.00790062364615485
15033.4997558594 0.00653407288185462
15043.4997558594 0.00544802550196527
15053.4997558594 0.0045477808732399
15063.4997558594 0.00378209197708372
15073.4997558594 0.00324754454119234
15083.4997558594 0.00274795800379146
15093.4997558594 0.00236039735766621
15103.4997558594 0.00200750775272189
15113.4997558594 0.00171969823631893
15123.4997558594 0.00148611336696312
15133.4997558594 0.00128012551738642
15143.4997558594 0.0011444781172859
15153.4997558594 0.000979653780124165
15163.4997558594 0.000863623069118127
15173.4997558594 0.000754312302985027
15183.4997558594 0.000672368649971684
15193.4997558594 0.000592196132892495
15203.4997558594 0.000519670227052137
15213.4997558594 0.000470662665312303
15223.4997558594 0.000412985167227856
15233.4997558594 0.00037822071827475
15243.4997558594 0.000337142369979873
15253.4997558594 0.000298244046192006
15263.4997558594 0.000271331659857558
15273.4997558594 0.000244054696820954
15283.4997558594 0.000222917594559685
15293.4997558594 0.000198312922453748
15303.4997558594 0.000179976044913744
15313.4997558594 0.000164930208062062
15323.4997558594 0.000148183347742188
15333.4997558594 0.000135347046357312
15343.4997558594 0.000123283821128055
15353.4997558594 0.000110555088069514
15363.4997558594 0.000102487812608854
15373.4997558594 9.36074655488618e-05
15383.4997558594 8.5723510570271e-05
15393.4997558594 7.75903157355953e-05
15403.4997558594 7.15077803140117e-05
15413.4997558594 6.40895163249642e-05
15423.4997558594 5.86792593384852e-05
15433.4997558594 5.49974786473883e-05
15443.4997558594 5.03962023249127e-05
15453.4997558594 4.5027303735749e-05
15463.4997558594 4.16373272828145e-05
15473.4997558594 3.98074805280801e-05
15483.4997558594 3.43526279431462e-05
15493.4997558594 3.28163743685253e-05
15503.4997558594 3.01129729248056e-05
15513.4997558594 2.68312843240358e-05
15523.4997558594 2.5881203178308e-05
15533.4997558594 2.30598378107477e-05
15543.4997558594 2.11297445736959e-05
15553.4997558594 2.194440325022e-05
15563.4997558594 1.86116837485894e-05
15573.4997558594 1.64576442681736e-05
15583.4997558594 1.69225989265619e-05
15593.4997558594 1.57721032578243e-05
15603.4997558594 1.48632455458551e-05
15613.4997558594 1.32720738782648e-05
15623.4997558594 1.20833337072106e-05
15633.4997558594 1.12107471070979e-05
15643.4997558594 1.04065552686578e-05
15653.4997558594 9.9090670214795e-06
15663.4997558594 1.02829205637641e-05
15673.4997558594 1.01224909721421e-05
15683.4997558594 9.0760291626647e-06
15693.4997558594 9.70116307750716e-06
15703.4997558594 7.78979224767257e-06
15713.4997558594 7.47835191835478e-06
15723.4997558594 7.87350159691461e-06
15733.4997558594 7.92138841340973e-06
15743.4997558594 7.48742019941587e-06
15753.4997558594 5.81112803960119e-06
15763.4997558594 5.02720993840731e-06
15773.4997558594 7.58990719784559e-06
15783.4997558594 6.74722570999228e-06
15793.4997558594 6.11352356183624e-06
15803.4997558594 5.53281495275732e-06
15813.4997558594 6.3752178279897e-06
15823.4997558594 5.76822203810085e-06
15833.4997558594 6.76651005545852e-06
15843.4997558594 4.12525847892103e-06
15853.4997558594 3.67074299280407e-06
15863.4997558594 5.29203052576866e-06
15873.4997558594 4.9238455513353e-06
15883.4997558594 3.38914139198007e-06
15893.4997558594 3.53538308415217e-06
15903.4997558594 4.30546730505997e-06
15913.4997558594 5.68963484066369e-06
15923.4997558594 3.82173717566078e-06
15933.4997558594 3.77561972696166e-06
15943.4997558594 4.54662913793329e-06
15953.4997558594 3.89367347282506e-06
15963.4997558594 4.3411851672123e-06
15973.4997558594 3.90586795042395e-06
15983.4997558594 2.83208945327113e-06
15993.4997558594 4.16920216999804e-06
16003.4997558594 3.32888179572008e-06
16013.4997558594 3.26408258876821e-06
16023.4997558594 3.81804560132139e-06
16033.4997558594 4.14856018258107e-06
16043.4997558594 2.55273154608564e-06
16053.4997558594 3.56882008339373e-06
16063.4997558594 1.72474929269242e-06
16073.4997558594 2.76695271503959e-06
16083.4997558594 2.11112192160295e-06
16093.4997558594 4.00090188910196e-06
16103.4997558594 2.32813078583869e-06
16113.4997558594 1.56442106787698e-06
16123.4997558594 2.52569342118954e-06
16133.4997558594 1.74062743648263e-06
16143.4997558594 2.93917146716466e-06
16153.4997558594 2.63986742663509e-06
16163.4997558594 1.86130370600545e-06
16173.4997558594 1.74458954878505e-06
16183.4997558594 2.13765683754467e-06
16193.4997558594 2.06328974771901e-06
16203.4997558594 1.58210512029094e-06
16213.4997558594 6.77294374388114e-07
16223.4997558594 2.17495621333672e-06
16233.4997558594 1.79404614282387e-06
16243.4997558594 2.44473610104117e-06
16253.4997558594 1.46586999132322e-06
16263.4997558594 1.82107644183075e-06
16273.4997558594 6.18051911900776e-07
16283.4997558594 8.9689023738695e-07
16293.4997558594 2.06212081212098e-06
16303.4997558594 1.48718613989304e-06
16313.4997558594 3.01613485443943e-06
16323.4997558594 7.83349000869689e-07
16333.4997558594 3.62830875379592e-06
16343.4997558594 1.04795606856596e-06
16353.4997558594 1.19662650442169e-06
16363.4997558594 2.37998143837015e-06
16373.4997558594 2.33172944364482e-06
16383.4997558594 7.51982840960169e-07
16393.4997558594 1.80722422246825e-06
16403.4997558594 2.42997564293647e-06
16413.4997558594 2.28059843933296e-06
16423.4997558594 2.56109821730884e-06
16433.4997558594 2.17408345459043e-06
16443.4997558594 1.27695305377132e-06
16453.4997558594 2.4652529234941e-07
16463.4997558594 2.83671002905081e-06
16473.4997558594 5.26062377613056e-07
16483.4997558594 3.91577257507026e-06
16493.4997558594 1.26909736208171e-06
16503.4997558594 1.84229352650032e-06
16513.4997558594 1.61785251300735e-06
16523.4997558594 2.81882063693793e-06
16533.4997558594 1.6215987769299e-06
16543.4997558594 2.3954349095244e-06
16553.4997558594 2.851652961405e-06
16563.4997558594 1.15473157151385e-06
16573.4997558594 2.08083158017961e-06
16583.4997558594 2.36154826649033e-06
16593.4997558594 2.93396051735673e-06
16603.4997558594 1.88012291029062e-06
16613.4997558594 1.33647637185007e-06
16623.4997558594 3.48091329924495e-06
16633.4997558594 1.60859884841251e-06
16643.4997558594 3.90930280391201e-06
16653.4997558594 2.0219059999369e-06
16663.4997558594 2.95341290612364e-06
16673.4997558594 1.52005429410319e-06
16683.4997558594 3.47861739087894e-06
16693.4997558594 1.66558445466462e-06
16703.4997558594 1.06152601313614e-06
16713.4997558594 2.51687481011858e-06
16723.4997558594 1.27351290823868e-06
16733.4997558594 2.50112476968089e-06
16743.4997558594 1.5688762682505e-06
16753.4997558594 3.97175133289795e-06
16763.4997558594 1.33383496832211e-06
16773.4997558594 2.62124641333725e-06
16783.4997558594 1.71308777035351e-06
16793.4997558594 2.62779208422091e-06
16803.4997558594 4.50039747004658e-06
16813.4997558594 4.42711438577205e-06
16823.4997558594 1.45162335538163e-06
16833.4997558594 2.94444874748741e-06
16843.4997558594 1.05966488117111e-06
16853.4997558594 1.4000239936131e-06
16863.4997558594 1.0973549552597e-06
16873.4997558594 4.69617870352641e-06
16883.4997558594 2.51980751384714e-06
16893.4997558594 1.82377165019745e-06
16903.4997558594 3.80301304546396e-06
16913.4997558594 3.03102643034225e-06
16923.4997558594 2.25338841420567e-06
16933.4997558594 3.29758767470168e-06
16943.4997558594 1.56623406347147e-06
16953.4997558594 1.60914370034739e-06
16963.4997558594 2.17405919575414e-06
16973.4997558594 2.59741696033537e-06
16983.4997558594 1.82456823766963e-06
16993.4997558594 1.33146267731674e-06
17003.4997558594 5.81604562194172e-06
17013.4997558594 3.87290143261068e-07
17023.4997558594 1.67907320743633e-06
17033.4997558594 3.81485905166005e-06
17043.4997558594 1.62257973915001e-06
17053.4997558594 2.92046883022198e-06
17063.4997558594 2.4202230191022e-06
17073.4997558594 3.55080166528815e-06
17083.4997558594 2.19949792964557e-06
17093.4997558594 1.70212229696788e-06
17103.4997558594 1.0073144311143e-06
17113.4997558594 2.64907387497557e-06
17123.4997558594 4.47411783632902e-06
17133.4997558594 3.68510186753599e-06
17143.4997558594 2.2116043852174e-06
17153.4997558594 2.0364582604026e-06
17163.4997558594 3.81564843253131e-06
17173.4997558594 5.0675789055031e-06
17183.4997558594 3.43243265302902e-06
17193.4997558594 1.29746962424844e-06
17203.4997558594 3.09994162190002e-06
17213.4997558594 2.43942333756763e-06
17223.4997558594 3.07803759270683e-06
17233.4997558594 2.01918503274488e-06
17243.4997558594 1.01496102900791e-06
17253.4997558594 2.51926192485995e-06
17263.4997558594 4.72247786709397e-06
17273.4997558594 3.45059072817198e-06
17283.4997558594 1.78870216616577e-06
17293.4997558594 2.31146600319335e-06
17303.4997558594 2.6395479894227e-06
17313.4997558594 1.47024226849329e-06
17323.4997558594 1.81226510588227e-06
17333.4997558594 2.62558432326469e-06
17343.4997558594 3.60144750907831e-06
17353.4997558594 1.46194920135482e-06
17363.4997558594 2.36909306984063e-06
17373.4997558594 5.22570741290015e-06
17383.4997558594 1.46604800742217e-06
17393.4997558594 4.99373312501042e-06
17403.4997558594 5.81792460572026e-06
17413.4997558594 9.76758031159375e-07
17423.4997558594 2.88989271505589e-06
17433.4997558594 3.30241028017906e-06
17443.4997558594 7.97908675102223e-07
17453.4997558594 1.59886140239146e-06
17463.4997558594 2.05281337442032e-06
17473.4997558594 1.30522235292016e-06
17483.4997558594 1.77634952170641e-06
17493.4997558594 3.01511376115824e-06
17503.4997558594 9.83772793499496e-07
17513.4997558594 3.64023249325303e-06
17523.4997558594 5.04941852584369e-06
17533.4997558594 1.27001444130264e-06
17543.4997558594 1.9669402966635e-06
17553.4997558594 4.81095559880537e-06
17563.4997558594 6.08777969744719e-06
17573.4997558594 3.04379362209595e-06
17583.4997558594 5.30628434556787e-06
17593.4997558594 1.72066966466455e-06
17603.4997558594 4.13694292236802e-06
17613.4997558594 3.21931228710644e-06
17623.4997558594 2.25279591717788e-06
17633.4997558594 3.26377975518798e-06
17643.4997558594 3.30912171757118e-06
17653.4997558594 2.52746876508404e-06
17663.4997558594 2.84374928960189e-06
17673.4997558594 1.55651262355248e-06
17683.4997558594 1.87886986622955e-06
17693.4997558594 1.18465540853768e-06
17703.4997558594 1.91413403488295e-06
17713.4997558594 2.98915865199188e-06
17723.4997558594 5.0523563373421e-06
17733.4997558594 2.67110634886089e-06
17743.4997558594 4.02178361553585e-06
17753.4997558594 7.96371863782385e-07
17763.4997558594 2.95526527758746e-06
17773.4997558594 1.86479910721181e-06
17783.4997558594 3.94146910712955e-06
17793.4997558594 1.8427811987619e-06
17803.4997558594 2.76599731983801e-06
17813.4997558594 2.87805868241967e-06
17823.4997558594 2.31011836891793e-06
17833.4997558594 4.3585439762296e-06
17843.4997558594 1.6237538084487e-06
17853.4997558594 3.97740707420164e-06
17863.4997558594 2.71183496932693e-06
17873.4997558594 3.51237561669423e-06
17883.4997558594 1.12641306686002e-06
17893.4997558594 3.56654205337679e-06
17903.4997558594 2.65677034573152e-06
17913.4997558594 4.51018106273404e-06
17923.4997558594 2.70089002604573e-06
17933.4997558594 2.69824409355795e-06
17943.4997558594 1.91629507538869e-06
17953.4997558594 5.52321365128946e-06
17963.4997558594 3.47274691995853e-06
17973.4997558594 2.85322400126037e-06
17983.4997558594 3.43504529676519e-06
17993.4997558594 3.70280411245468e-06
18003.4997558594 1.95884175244544e-06
18013.4997558594 2.26178433662327e-06
18023.4997558594 1.93808892964973e-06
18033.4997558594 3.67925494492765e-06
18043.4997558594 2.67914790564317e-06
18053.4997558594 2.41664629821812e-06
18063.4997558594 2.79250593642894e-06
18073.4997558594 4.48187476137591e-06
18083.4997558594 3.62225848175923e-06
18093.4997558594 3.49630077081711e-06
18103.4997558594 1.02009918531732e-06
18113.4997558594 3.53306040611941e-06
18123.4997558594 1.14786359686788e-06
18133.4997558594 1.47263802512033e-06
18143.4997558594 2.04362909493937e-06
18153.4997558594 3.00512367796347e-06
18163.4997558594 8.61873516706563e-07
18173.4997558594 9.25951173312295e-07
18183.4997558594 3.0127423045422e-06
18193.4997558594 1.99820139316846e-06
18203.4997558594 2.48022980429e-06
18213.4997558594 1.02423102706694e-06
18223.4997558594 3.75153618492341e-06
18233.4997558594 2.84955890988941e-06
18243.4997558594 3.10301980025121e-06
18253.4997558594 4.36731551347261e-06
18263.4997558594 3.85699410955211e-06
18273.4997558594 2.9970006787777e-06
18283.4997558594 3.41638194072789e-06
18293.4997558594 5.06778599443817e-06
18303.4997558594 4.67171258383656e-06
18313.4997558594 6.72386523102872e-06
18323.4997558594 3.55959372007004e-06
18333.4997558594 4.77342531238485e-11
18343.4997558594 3.62834984164411e-06
18353.4997558594 2.53148906869992e-06
18363.4997558594 3.23966959437952e-06
18373.4997558594 4.8954400672431e-06
18383.4997558594 3.01996108726202e-06
18393.4997558594 2.62538538628519e-06
18403.4997558594 4.8807247488381e-06
18413.4997558594 2.32378519846547e-06
18423.4997558594 3.22550908674317e-06
18433.4997558594 4.26867021600096e-06
18443.4997558594 4.28305821936399e-06
18453.4997558594 4.10757428076868e-06
18463.4997558594 5.79355966314273e-06
18473.4997558594 2.24479323040322e-06
18483.4997558594 4.8739998722197e-06
18493.4997558594 4.76936581848459e-06
18503.4997558594 9.01418422301531e-07
18513.4997558594 6.31733935298109e-06
18523.4997558594 4.03410533176648e-06
18533.4997558594 2.22185532401822e-06
18543.4997558594 7.09196167998167e-06
18553.4997558594 3.01459273186538e-06
18563.4997558594 5.286004971744e-06
18573.4997558594 2.09690305293142e-06
18583.4997558594 4.7008310956697e-06
18593.4997558594 3.70459652033614e-06
18603.4997558594 3.11467577621918e-06
18613.4997558594 2.64461297325082e-06
18623.4997558594 5.31298557129277e-06
18633.4997558594 3.46065003784728e-06
18643.4997558594 2.87295587424651e-06
18653.4997558594 5.68752291301894e-06
18663.4997558594 4.12121024082018e-06
18673.4997558594 2.06042454688882e-06
18683.4997558594 3.26583931472405e-06
18693.4997558594 3.03933327372418e-06
18703.4997558594 4.74139397412351e-06
18713.4997558594 8.78606579189707e-07
18723.4997558594 7.90354101366182e-06
18733.4997558594 3.52925112588999e-06
18743.4997558594 3.24701730478468e-06
18753.4997558594 6.07351228086279e-06
18763.4997558594 2.42941661583263e-06
18773.4997558594 3.22023548805558e-06
18783.4997558594 5.27333066057586e-06
18793.4997558594 5.06859735616013e-06
18803.4997558594 5.18413971216371e-06
18813.4997558594 2.37958606170604e-06
18823.4997558594 2.23537863692006e-06
18833.4997558594 6.17847245689645e-06
18843.4997558594 2.75674183092917e-06
18853.4997558594 5.24164843994999e-06
18863.4997558594 3.95036906030804e-06
18873.4997558594 3.23716552501264e-06
18883.4997558594 2.54948494429132e-06
18893.4997558594 6.65986582440139e-06
18903.4997558594 6.39426039799838e-06
18913.4997558594 6.21353810665156e-06
18923.4997558594 1.59101512487304e-06
18933.4997558594 1.47588513287972e-06
18943.4997558594 1.40701312095063e-06
18953.4997558594 2.90724302456138e-06
18963.4997558594 2.63381208016629e-06
18973.4997558594 2.55153735987809e-06
18983.4997558594 8.03796773835859e-06
18993.4997558594 5.67071441664966e-06
19003.4997558594 1.82901079905489e-06
19013.4997558594 9.91104717102811e-06
19023.4997558594 5.00175108410056e-06
19033.4997558594 7.93044517272874e-06
19043.4997558594 2.022311649881e-06
19053.4997558594 7.87380930109439e-06
19063.4997558594 7.03818122485625e-06
19073.4997558594 7.25861654264481e-06
19083.4997558594 6.97078295531471e-06
19093.4997558594 6.97552348254297e-06
19103.4997558594 6.8085936221761e-06
19113.4997558594 4.42974487523106e-06
19123.4997558594 2.39327837824082e-06
19133.4997558594 4.08729644696236e-06
19143.4997558594 5.43126151731097e-06
19153.4997558594 5.11310427881604e-06
19163.4997558594 5.04162491331909e-06
19173.4997558594 3.18674964121456e-06
19183.4997558594 3.87461879618577e-06
19193.4997558594 4.23202122183521e-06
19203.4997558594 2.24672401818352e-06
19213.4997558594 3.50359624699013e-06
19223.4997558594 4.02523827652572e-06
19233.4997558594 3.88475090441604e-06
19243.4997558594 7.1840339930301e-06
19253.4997558594 6.61310154722297e-06
19263.4997558594 2.63125135096142e-06
19273.4997558594 2.33875626887594e-06
19283.4997558594 1.07722183812022e-05
19293.4997558594 2.84882392132167e-06
19303.4997558594 4.89452879362545e-06
19313.4997558594 7.87977666043876e-06
19323.4997558594 5.03860309454206e-06
19333.4997558594 5.40750358984023e-06
19343.4997558594 4.14264593563318e-06
19353.4997558594 6.1613958812682e-06
19363.4997558594 4.02452971697383e-06
19373.4997558594 8.51815268744328e-06
19383.4997558594 5.91477981712392e-06
19393.4997558594 7.25236224870352e-06
19403.4997558594 1.69202080723882e-06
19413.4997558594 1.00365988709676e-06
19423.4997558594 5.8658339731841e-06
19433.4997558594 5.61857968206688e-06
19443.4997558594 9.05365688092466e-06
19453.4997558594 3.58567534455325e-06
19463.4997558594 3.8229282181919e-06
19473.4997558594 2.07168925057792e-06
19483.4997558594 5.68032388639542e-06
19493.4997558594 6.06486455927287e-06
19503.4997558594 3.84593735807618e-06
19513.4997558594 6.85860050123921e-06
19523.4997558594 4.59410752771094e-06
19533.4997558594 8.23040681339141e-06
19543.4997558594 6.82889385753083e-06
19553.4997558594 3.72550118519475e-06
19563.4997558594 2.63288795578112e-06
19573.4997558594 2.27315502240516e-07
19583.4997558594 4.99480998702299e-06
19593.4997558594 5.36465801506627e-06
19603.4997558594 5.12510859810069e-06
19613.4997558594 3.9854223808636e-06
19623.4997558594 4.2711687349864e-06
19633.4997558594 4.34543357821518e-06
19643.4997558594 4.94510908081684e-06
19653.4997558594 2.46647689209847e-06
19663.4997558594 4.62242134867884e-06
19673.4997558594 4.1466640344817e-06
19683.4997558594 5.9423037749881e-06
19693.4997558594 6.10786684087123e-06
19703.4997558594 6.68155216350121e-06
19713.4997558594 7.13196046194496e-06
19723.4997558594 3.23270885012086e-06
19733.4997558594 7.89521378999365e-06
19743.4997558594 3.3240395671671e-06
19753.4997558594 5.1228141770652e-06
19763.4997558594 5.91360860142352e-06
19773.4997558594 6.61784783291375e-06
19783.4997558594 7.11054603809758e-06
19793.4997558594 7.66486868573057e-06
19803.4997558594 4.08229554705317e-06
19813.4997558594 4.87454097316831e-06
19823.4997558594 4.14851642572206e-06
19833.4997558594 5.13466393277464e-06
19843.4997558594 7.82604867346731e-06
19853.4997558594 8.86600741618282e-06
19863.4997558594 7.59029616497625e-06
19873.4997558594 2.11178666520458e-06
19883.4997558594 6.13309046589433e-06
19893.4997558594 4.55209205820691e-06
19903.4997558594 4.25005823288373e-06
19913.4997558594 7.88440955708102e-06
19923.4997558594 4.64040157931071e-06
19933.4997558594 9.86159871922732e-06
19943.4997558594 3.08162360685624e-06
19953.4997558594 7.40553487078258e-06
19963.4997558594 4.7781453486853e-06
19973.4997558594 7.19825632390938e-06
19983.4997558594 5.39310038716402e-06
19993.4997558594 1.09670831732112e-05
20003.4997558594 5.95681932607507e-06
20013.4997558594 2.54457042857787e-06
20023.4997558594 7.21608039507209e-06
20033.4997558594 5.68125005043567e-06
20043.4997558594 5.83552749313188e-06
20053.4997558594 8.56241104664444e-06
20063.4997558594 7.64155721073299e-06
20073.4997558594 6.72960566314856e-06
20083.4997558594 2.4673771140381e-06
20093.4997558594 2.0351414893609e-06
20103.4997558594 6.99480590782011e-06
20113.4997558594 9.46446839266784e-06
20123.4997558594 6.77085899238188e-06
20133.4997558594 8.8453668893154e-06
20143.4997558594 4.15796816707154e-06
20153.4997558594 5.41019141196724e-06
20163.4997558594 5.42104696460013e-06
20173.4997558594 8.59720784289352e-06
20183.4997558594 4.96803536374582e-06
20193.4997558594 8.84927068605018e-06
20203.4997558594 8.14212873066565e-06
20213.4997558594 7.96054760594427e-06
20223.4997558594 8.27740428454994e-06
20233.4997558594 6.58012775282462e-06
20243.4997558594 6.01740901274996e-06
20253.4997558594 4.08917389634741e-06
20263.4997558594 1.46897105042784e-05
20273.4997558594 1.0200367452014e-05
20283.4997558594 1.30220023381985e-05
20293.4997558594 3.77791166604787e-06
20303.4997558594 4.2561925838722e-06
20313.4997558594 6.64051983264695e-06
20323.4997558594 5.66617385266482e-06
20333.4997558594 3.54145625953978e-06
20343.4997558594 2.84591885498634e-06
20353.4997558594 3.91783555395094e-06
20363.4997558594 1.06063920957008e-06
20373.4997558594 9.35142597440658e-06
20383.4997558594 6.13509971606068e-06
20393.4997558594 6.30936125296765e-06
20403.4997558594 5.30370961883673e-06
20413.4997558594 5.06829108999821e-06
20423.4997558594 6.40422589730416e-06
20433.4997558594 6.17779161803555e-06
20443.4997558594 1.32131548509083e-05
20453.4997558594 4.43435492348961e-06
20463.4997558594 6.75476692195198e-06
20473.4997558594 4.86722588998413e-06
20483.5009765625 1.06896234130108e-05
20493.5009765625 3.45859841556745e-06
20503.5009765625 5.25457530207964e-06
20513.5009765625 1.74078055680736e-06
20523.5009765625 4.05676185692388e-06
20533.5009765625 2.54518365049853e-06
20543.5009765625 3.75101285747352e-06
20553.5009765625 1.0127841220607e-05
20563.5009765625 1.21672583230103e-06
20573.5009765625 9.15068602111477e-06
20583.5009765625 4.69553616526302e-06
20593.5009765625 8.12807645626323e-06
20603.5009765625 9.87490638432362e-06
20613.5009765625 6.648905679361e-06
20623.5009765625 6.22633380113904e-06
20633.5009765625 1.35440408618014e-05
20643.5009765625 7.75727211595342e-06
20653.5009765625 4.76751866000214e-06
20663.5009765625 1.14674619013779e-05
20673.5009765625 4.76999016723313e-06
20683.5009765625 8.21909705760534e-06
20693.5009765625 8.8577554525884e-06
20703.5009765625 8.23314987545518e-06
20713.5009765625 4.70930412061536e-06
20723.5009765625 3.85400512196891e-06
20733.5009765625 3.6135499239155e-06
20743.5009765625 8.55709711284042e-06
20753.5009765625 1.01080868743473e-05
20763.5009765625 8.79930138794417e-06
20773.5009765625 8.32176175759116e-06
20783.5009765625 5.49699916931589e-06
20793.5009765625 7.7798778070199e-06
20803.5009765625 1.75341197047218e-06
20813.5009765625 3.57668281157094e-06
20823.5009765625 4.72424767604831e-06
20833.5009765625 4.93797447296408e-06
20843.5009765625 1.05361256276732e-05
20853.5009765625 1.25489278535577e-05
20863.5009765625 8.72049378476858e-06
20873.5009765625 3.335243004943e-06
20883.5009765625 6.5389883150547e-06
20893.5009765625 8.73264793253538e-06
20903.5009765625 8.52135183521174e-06
20913.5009765625 1.09464826803641e-05
20923.5009765625 7.80101289694279e-06
20933.5009765625 5.53922069029459e-06
20943.5009765625 7.31676326267779e-06
20953.5009765625 3.28120763121376e-06
20963.5009765625 8.12607249759134e-06
20973.5009765625 7.39463133176779e-06
20983.5009765625 7.74667389898486e-06
20993.5009765625 8.53634161686577e-06
21003.5009765625 1.02331225107292e-05
21013.5009765625 4.90559278465122e-06
21023.5009765625 8.41879149391174e-06
21033.5009765625 5.95252327526838e-06
21043.5009765625 7.78822560085702e-06
21053.5009765625 1.07900160036671e-05
21063.5009765625 3.67682652075817e-06
21073.5009765625 1.12193104754321e-05
21083.5009765625 1.09054573448857e-05
21093.5009765625 1.17575387730303e-05
21103.5009765625 3.83931469757289e-06
21113.5009765625 1.12670214533227e-05
21123.5009765625 6.11926407373996e-06
21133.5009765625 6.37583066654037e-06
21143.5009765625 8.460789880498e-06
21153.5009765625 7.18017171635695e-06
21163.5009765625 7.26468014946004e-06
21173.5009765625 7.9826107091091e-06
21183.5009765625 7.03817703904386e-06
21193.5009765625 9.74513337962535e-06
21203.5009765625 2.12241485612829e-06
21213.5009765625 9.02372010992112e-06
21223.5009765625 7.00210055806526e-06
21233.5009765625 1.82234790226106e-06
21243.5009765625 6.78694842874509e-06
21253.5009765625 6.50906180792561e-06
21263.5009765625 7.71930573587978e-06
21273.5009765625 3.78368136503953e-06
21283.5009765625 1.45002056537945e-05
21293.5009765625 8.46338277075517e-06
21303.5009765625 5.46240780939987e-06
21313.5009765625 1.44945062610235e-05
21323.5009765625 7.42703463356861e-06
21333.5009765625 9.66842342535977e-06
21343.5009765625 8.22233079568552e-06
21353.5009765625 1.0525578771352e-05
21363.5009765625 1.02361518330958e-05
21373.5009765625 3.18033346246437e-06
21383.5009765625 7.45743642846622e-06
21393.5009765625 5.46495092631286e-06
21403.5009765625 5.71283596318065e-06
21413.5009765625 9.64656238428598e-06
21423.5009765625 9.72440085734231e-06
21433.5009765625 6.9085886198616e-06
21443.5009765625 7.44760043081357e-06
21453.5009765625 1.34472322992564e-05
21463.5009765625 9.3674945984224e-06
21473.5009765625 8.16400240920483e-06
21483.5009765625 8.15844561605204e-06
21493.5009765625 4.45224269839959e-06
21503.5009765625 7.71680285722187e-06
21513.5009765625 3.58813252493541e-06
21523.5009765625 7.50696405534626e-06
21533.5009765625 1.58556445501294e-05
21543.5009765625 1.67660268861338e-06
21553.5009765625 5.90501087676169e-06
21563.5009765625 4.60014368612451e-06
21573.5009765625 6.27438399706569e-06
21583.5009765625 4.18266505098773e-06
21593.5009765625 7.87565945740496e-06
21603.5009765625 4.53214239944865e-06
21613.5009765625 1.0301440297176e-05
21623.5009765625 6.14501598188091e-06
21633.5009765625 7.99864023489432e-06
21643.5009765625 3.09796458813049e-06
21653.5009765625 7.41207189436664e-06
21663.5009765625 1.70445193214538e-06
21673.5009765625 8.12155556448655e-06
21683.5009765625 1.07427277961439e-05
21693.5009765625 9.52321046325003e-06
21703.5009765625 1.34992795073304e-06
21713.5009765625 2.37338659558132e-06
21723.5009765625 7.47868194341357e-06
21733.5009765625 9.73205140160824e-06
21743.5009765625 9.20626549598343e-06
21753.5009765625 3.66589678482399e-06
21763.5009765625 9.43691515606596e-06
21773.5009765625 5.13155378884023e-06
21783.5009765625 4.56311233366761e-06
21793.5009765625 9.53589398940901e-06
21803.5009765625 2.79261036810653e-06
21813.5009765625 7.7053207264304e-06
21823.5009765625 1.08766281352266e-05
21833.5009765625 7.69402907622233e-06
21843.5009765625 2.35453188595086e-06
21853.5009765625 6.55559861858705e-06
21863.5009765625 4.9785896333548e-06
21873.5009765625 6.01147872030323e-06
21883.5009765625 6.49334008720607e-06
21893.5009765625 7.00926516601662e-06
21903.5009765625 8.35057659898132e-06
21913.5009765625 1.89291206154379e-06
21923.5009765625 5.17316253589701e-06
21933.5009765625 9.04249199558807e-06
21943.5009765625 1.03945208988176e-05
21953.5009765625 4.51909470917248e-06
21963.5009765625 5.59711055602553e-06
21973.5009765625 2.20761527670487e-06
21983.5009765625 6.74128087797755e-06
21993.5009765625 1.19343322022356e-05
22003.5009765625 5.51451259490002e-06
22013.5009765625 8.22015982220669e-06
22023.5009765625 1.07959377927115e-05
22033.5009765625 8.93471403908702e-06
22043.5009765625 8.11822009638179e-06
22053.5009765625 4.55936817397723e-06
22063.5009765625 8.29295279366495e-06
22073.5009765625 3.07994389838091e-06
22083.5009765625 1.17886572083058e-05
22093.5009765625 4.15923625542187e-06
22103.5009765625 7.73199147986725e-06
22113.5009765625 1.16482068244949e-05
22123.5009765625 6.6636988950059e-06
22133.5009765625 8.26137159505227e-06
22143.5009765625 1.3392276333937e-05
22153.5009765625 8.16740388837705e-06
22163.5009765625 7.49135755867781e-06
22173.5009765625 1.10712133202869e-05
22183.5009765625 1.52919460203142e-05
22193.5009765625 2.88199999932199e-06
22203.5009765625 6.68695638466939e-06
22213.5009765625 7.02558998526823e-06
22223.5009765625 7.71198885873243e-06
22233.5009765625 9.98058260690473e-06
22243.5009765625 1.25699283465072e-05
22253.5009765625 3.42568104212782e-06
22263.5009765625 9.08637317345777e-06
22273.5009765625 1.39480915470826e-05
22283.5009765625 1.0125711478113e-05
22293.5009765625 7.22629158635447e-06
22303.5009765625 1.01256994741304e-05
22313.5009765625 1.50966181015371e-05
22323.5009765625 1.05171494370131e-05
22333.5009765625 1.05305362804426e-05
22343.5009765625 1.6320219410456e-06
22353.5009765625 1.27635132685983e-05
22363.5009765625 1.00304336359835e-05
22373.5009765625 3.18891783689339e-06
22383.5009765625 5.66142930019894e-06
22393.5009765625 8.70678593308422e-06
22403.5009765625 6.74895880923931e-06
22413.5009765625 3.14208466587617e-06
22423.5009765625 9.46099439880061e-06
22433.5009765625 1.26337242443228e-05
22443.5009765625 1.02146854985103e-05
22453.5009765625 1.40690828692029e-05
22463.5009765625 2.90709318970115e-06
22473.5009765625 7.44032117615654e-06
22483.5009765625 1.18994736698637e-05
22493.5009765625 7.0723030348447e-06
22503.5009765625 1.30799133970439e-05
22513.5009765625 1.16812548467918e-05
22523.5009765625 2.05501301381319e-05
22533.5009765625 4.52131717499029e-06
22543.5009765625 8.95683605967116e-06
22553.5009765625 1.28602635391247e-06
22563.5009765625 9.66408919199829e-06
22573.5009765625 1.10852751682166e-05
22583.5009765625 2.60044241004518e-06
22593.5009765625 1.44678842086039e-05
22603.5009765625 7.5039982741621e-06
22613.5009765625 8.1975545759201e-06
22623.5009765625 3.72851202290758e-06
22633.5009765625 1.53830762224933e-05
22643.5009765625 5.62537574185397e-06
22653.5009765625 6.19953696523977e-06
22663.5009765625 9.13132579669902e-06
22673.5009765625 8.04327777404347e-06
22683.5009765625 1.06154463552236e-05
22693.5009765625 9.28763204654843e-06
22703.5009765625 1.32883806850202e-05
22713.5009765625 3.80065086461542e-06
22723.5009765625 1.08839310713593e-05
22733.5009765625 1.09572089738302e-05
22743.5009765625 3.88189274013706e-06
22753.5009765625 6.72134379588115e-06
22763.5009765625 7.75554695321319e-06
22773.5009765625 4.7479224057292e-06
22783.5009765625 5.81242327163786e-06
22793.5009765625 5.73260310800851e-06
22803.5009765625 9.10517245913262e-06
22813.5009765625 5.25090914442993e-06
22823.5009765625 3.32156900758732e-06
22833.5009765625 5.90312251037931e-06
22843.5009765625 4.71271116047725e-06
22853.5009765625 1.39613209608208e-06
22863.5009765625 4.682407159178e-06
22873.5009765625 1.37750371853509e-06
22883.5009765625 6.90566716015645e-06
22893.5009765625 4.35564862983652e-06
22903.5009765625 2.17613864380743e-06
22913.5009765625 8.25445154220536e-06
22923.5009765625 9.40198545236286e-06
22933.5009765625 1.64833205639662e-06
22943.5009765625 3.77191226413204e-06
22953.5009765625 5.95667884563113e-06
22963.5009765625 4.61468715169801e-06
22973.5009765625 5.18095148811095e-06
22983.5009765625 3.65958650186994e-06
22993.5009765625 4.69532461431069e-06
23003.5009765625 3.28970238224108e-06
23013.5009765625 1.772619076732e-06
23023.5009765625 1.57150057083211e-06
23033.5009765625 5.10915258378372e-06
23043.5009765625 3.93587689702516e-06
23053.5009765625 2.83909085060499e-06
23063.5009765625 2.87443256987339e-06
23073.5009765625 3.94298792421166e-06
23083.5009765625 2.92524906084797e-06
23093.5009765625 1.95517202943204e-06
23103.5009765625 2.17441875316073e-06
23113.5009765625 3.26094231294842e-06
23123.5009765625 3.04450473281049e-06
23133.5009765625 3.46486495844342e-06
23143.5009765625 3.53469353972978e-06
23153.5009765625 2.6033312152383e-06
23163.5009765625 3.18923976924883e-06
23173.5009765625 4.75783552060431e-06
23183.5009765625 3.0144554608215e-06
23193.5009765625 1.80644590359499e-06
23203.5009765625 8.11144472762074e-07
23213.5009765625 1.37947136447315e-06
23223.5009765625 3.83232737071579e-06
23233.5009765625 2.43116695708692e-06
23243.5009765625 3.39779772921127e-06
23253.5009765625 3.91438300725986e-06
23263.5009765625 2.30984615462336e-06
23273.5009765625 1.97290051314617e-06
23283.5009765625 6.24560948810229e-07
23293.5009765625 1.03285309672689e-06
23303.5009765625 2.1140684331099e-06
23313.5009765625 1.77732781340769e-06
23323.5009765625 1.61957997947245e-06
23333.5009765625 1.42799777603554e-06
23343.5009765625 6.89920556459501e-07
23353.5009765625 2.09348485473865e-06
23363.5009765625 5.90241417457576e-07
23373.5009765625 1.27035329369787e-06
23383.5009765625 1.56965094312794e-06
23393.5009765625 1.62217685012215e-06
23403.5009765625 1.2739921433836e-06
23413.5009765625 9.18546192290782e-07
23423.5009765625 1.41275757275762e-06
23433.5009765625 2.70801169957092e-07
23443.5009765625 8.0511024423444e-07
23453.5009765625 1.38950197996333e-06
23463.5009765625 1.33337487098272e-06
23473.5009765625 8.65726480737565e-07
23483.5009765625 1.22184810360041e-06
23493.5009765625 1.24786640081601e-06
23503.5009765625 1.74277913609791e-06
23513.5009765625 1.14775799015199e-06
23523.5009765625 4.68159075693919e-07
23533.5009765625 1.33165161640802e-06
23543.5009765625 5.14036669372832e-07
23553.5009765625 4.66825653652272e-07
23563.5009765625 1.46850619133476e-06
23573.5009765625 6.56669781834976e-07
23583.5009765625 7.70383749835455e-07
23593.5009765625 4.71166897865225e-07
23603.5009765625 1.25407626315858e-06
23613.5009765625 1.18670404043373e-06
23623.5009765625 6.86746068142746e-07
23633.5009765625 6.68482226559905e-07
23643.5009765625 1.06862132500461e-06
23653.5009765625 7.14095411084428e-07
23663.5009765625 5.51076663351382e-07
23673.5009765625 2.8445942884479e-07
23683.5009765625 2.12596598629985e-08
23693.5009765625 5.1335701342901e-07
23703.5009765625 5.91547466400494e-07
23713.5009765625 3.92393508750517e-07
23723.5009765625 4.04645229866221e-07
23733.5009765625 3.03701519392226e-07
23743.5009765625 1.92358648902435e-07
23753.5009765625 4.01291891922217e-08
23763.5009765625 2.04209448914046e-07
23773.5009765625 2.36376724323703e-07
23783.5009765625 2.62677873532776e-07
23793.5009765625 1.37193779484868e-07
23803.5009765625 1.79775635951801e-07
23813.5009765625 1.70995972914623e-07
23823.5009765625 2.61433622800617e-07
23833.5009765625 8.73449071359285e-08
23843.5009765625 8.57157603633483e-08
23853.5009765625 1.31026810232952e-07
23863.5009765625 1.28567077996341e-07
23873.5009765625 5.91349733437282e-08
23883.5009765625 1.47820981460297e-07
23893.5009765625 8.33591256916667e-08
23903.5009765625 9.66350810049608e-08
23913.5009765625 8.67036825142621e-08
23923.5009765625 2.57304472913114e-08
23933.5009765625 1.42698115692952e-08
23943.5009765625 6.00971841755187e-08
23953.5009765625 9.88746096024239e-08
23963.5009765625 2.06812905507258e-08
23973.5009765625 1.8389992734892e-08
23983.5009765625 4.63448042188683e-08
23993.5009765625 3.42898799042379e-08
24003.5009765625 2.05797435872472e-08
24013.5009765625 4.74279093129162e-08
24023.5009765625 2.5302208322324e-08
24033.5009765625 4.17938747757968e-08
24043.5009765625 1.3616137216611e-08
24053.5009765625 1.90859638294529e-08
24063.5009765625 2.47263387965185e-08
24073.5009765625 2.26924699582293e-08
24083.5009765625 5.49105032568893e-09
24093.5009765625 1.36666243474125e-08
24103.5009765625 1.29977828965613e-08
24113.5009765625 1.13085377752526e-08
24123.5009765625 6.17719500198459e-09
24133.5009765625 5.28400797022608e-09
24143.5009765625 6.79333888360957e-09
24153.5009765625 7.74279289834525e-09
24163.5009765625 6.35871446910749e-09
24173.5009765625 6.50306987120295e-09
24183.5009765625 2.06915311618479e-09
24193.5009765625 6.55794371713872e-09
24203.5009765625 1.67083344978185e-09
24213.5009765625 3.21293816409369e-09
24223.5009765625 3.68322585766571e-09
24233.5009765625 2.7441969238645e-09
24243.5009765625 1.95946593722531e-09
24253.5009765625 2.00804562218223e-09
24263.5009765625 8.73963309443678e-10
24273.5009765625 9.7185175415688e-10
24283.5009765625 1.58645999103839e-09
24293.5009765625 7.26955501114454e-10
24303.5009765625 1.79744366919763e-09
24313.5009765625 8.97478952069643e-10
24323.5009765625 6.47335855018945e-10
24333.5009765625 6.08437870457744e-10
24343.5009765625 6.81345831494735e-10
24353.5009765625 7.0754379611047e-10
24363.5009765625 6.48196209288457e-10
24373.5009765625 6.40349571300196e-10
24383.5009765625 6.98997251960314e-10
24393.5009765625 4.67612308868193e-10
24403.5009765625 1.98999150790164e-10
24413.5009765625 4.79150980037348e-10
24423.5009765625 4.79712702579729e-10
24433.5009765625 3.05554611878665e-10
24443.5009765625 2.90428744820917e-10
24453.5009765625 2.57009255590934e-10
24463.5009765625 3.51443719973574e-11
24473.5009765625 2.57181869773896e-10
24483.5009765625 1.24410047509205e-10
24493.5009765625 1.10086075936709e-10
24503.5009765625 1.43371510020774e-10
24513.5009765625 1.57957409612283e-10
24523.5009765625 5.26206898188273e-11
24533.5009765625 1.63373487082656e-10
24543.5009765625 8.42686407039646e-11
24553.5009765625 1.26179097015805e-10
24563.5009765625 1.18632832503432e-10
24573.5009765625 3.52519745992925e-12
24583.5009765625 4.17225101212253e-11
24593.5009765625 8.00894996162179e-11
24603.5009765625 4.12438850539688e-11
24613.5009765625 7.50125153162592e-11
24623.5009765625 3.22868065130732e-11
24633.5009765625 6.59996802407939e-11
24643.5009765625 2.5543473879398e-11
24653.5009765625 4.09528544239638e-11
24663.5009765625 1.48447692641916e-11
24673.5009765625 2.32385886987681e-11
24683.5009765625 3.41180325286818e-11
24693.5009765625 1.19787329413665e-11
24703.5009765625 9.70483828422628e-12
24713.5009765625 2.3788121379581e-11
24723.5009765625 2.03518255077252e-11
24733.5009765625 9.76321403894505e-12
24743.5009765625 1.24518879643735e-11
24753.5009765625 6.18870875550371e-12
24763.5009765625 4.19674786717958e-12
24773.5009765625 1.18102897085548e-11
24783.5009765625 3.22746552919802e-12
24793.5009765625 9.42035586366222e-12
24803.5009765625 6.16028174401844e-12
24813.5009765625 1.11501236728707e-11
24823.5009765625 1.23043800911782e-12
24833.5009765625 4.16009260487416e-12
24843.5009765625 3.02337952240274e-12
24853.5009765625 3.20000834813906e-12
24863.5009765625 4.98288612175012e-12
24873.5009765625 4.03343463840583e-12
24883.5009765625 3.69544597674733e-12
24893.5009765625 2.23529612333605e-12
24903.5009765625 1.13565553295649e-12
24913.5009765625 2.44676448362696e-12
24923.5009765625 5.44765322883694e-13
24933.5009765625 1.89644518960079e-12
24943.5009765625 2.05602296442007e-12
24953.5009765625 1.09624768454572e-12
24963.5009765625 1.19709117887966e-12
24973.5009765625 1.79647781645347e-12
24983.5009765625 1.17279675069051e-12
24993.5009765625 8.76590554558094e-13
25003.5009765625 2.05037345281518e-12
25013.5009765625 5.58327254003211e-13
25023.5009765625 7.47198359429989e-13
25033.5009765625 1.02758732457113e-12
25043.5009765625 4.40901844694502e-13
25053.5009765625 1.1536527036813e-12
25063.5009765625 4.877858050461e-13
25073.5009765625 5.89189761195472e-13
25083.5009765625 7.29532946277774e-13
25093.5009765625 6.29127101102533e-13
25103.5009765625 3.79944909177858e-13
25113.5009765625 9.33064840409499e-13
25123.5009765625 3.47408070436867e-13
25133.5009765625 4.41270691939197e-13
25143.5009765625 1.95122400897223e-13
25153.5009765625 4.46036110103833e-13
25163.5009765625 2.26715549741688e-13
25173.5009765625 3.30616839199285e-13
25183.5009765625 2.70868222956891e-13
25193.5009765625 2.90746533271452e-13
25203.5009765625 2.2133936791444e-13
25213.5009765625 1.22704207781195e-13
25223.5009765625 6.05292750054641e-14
25233.5009765625 1.63487166355845e-13
25243.5009765625 2.50462600400602e-13
25253.5009765625 1.0423925339915e-13
25263.5009765625 1.26606659851975e-13
25273.5009765625 1.51477743253938e-13
25283.5009765625 2.94012571116001e-13
25293.5009765625 3.17279820566391e-14
25303.5009765625 1.49527121998025e-13
25313.5009765625 1.15673831817251e-13
25323.5009765625 1.3110141614261e-13
25333.5009765625 2.2765682333017e-14
25343.5009765625 1.37262533342969e-13
25353.5009765625 3.37771044080507e-14
25363.5009765625 1.48365861448368e-13
25373.5009765625 6.46620589125679e-14
25383.5009765625 5.4570464483594e-14
25393.5009765625 1.19081135391274e-13
25403.5009765625 5.88647186810447e-14
25413.5009765625 7.10671264092249e-14
25423.5009765625 6.13513459923056e-14
25433.5009765625 3.59901411376813e-14
25443.5009765625 4.09023189971607e-14
25453.5009765625 4.84750623611101e-15
25463.5009765625 4.73062378554337e-14
25473.5009765625 2.4876682802958e-14
25483.5009765625 1.7524057595652e-14
25493.5009765625 1.10312310112505e-14
25503.5009765625 2.73824389203089e-14
25513.5009765625 2.43058931453807e-14
25523.5009765625 2.33376988759387e-14
25533.5009765625 3.37309669753033e-14
25543.5009765625 1.83311537145969e-14
25553.5009765625 1.17089766740803e-14
25563.5009765625 2.35912170941645e-14
25573.5009765625 1.27106009997824e-14
25583.5009765625 1.79028021905693e-14
25593.5009765625 1.45055474215181e-14
25603.5009765625 1.05309575555441e-14
25613.5009765625 4.31110253925235e-15
25623.5009765625 5.31365661415862e-15
25633.5009765625 3.74769333609374e-15
25643.5009765625 1.53749763610325e-14
25653.5009765625 8.87126674410534e-15
25663.5009765625 8.1654384683379e-15
25673.5009765625 5.63462275730568e-15
25683.5009765625 7.50537708811337e-15
25693.5009765625 1.9011623930041e-15
25703.5009765625 5.31536675638185e-15
25713.5009765625 3.75056288779157e-15
25723.5009765625 3.66554278575377e-15
25733.5009765625 1.05350916285749e-15
25743.5009765625 2.8929519212113e-15
25753.5009765625 1.58094289561014e-15
25763.5009765625 3.35938679415806e-15
25773.5009765625 2.70394245444414e-15
25783.5009765625 3.05858421361257e-15
25793.5009765625 1.25008655984534e-15
25803.5009765625 3.38872436220997e-15
25813.5009765625 4.92776036785812e-16
25823.5009765625 8.22789215179225e-16
25833.5009765625 9.95545712336719e-16
25843.5009765625 1.74655453960037e-15
25853.5009765625 7.97410029212553e-16
25863.5009765625 1.23255955433808e-15
25873.5009765625 1.52446579346557e-15
25883.5009765625 5.23385184185629e-16
25893.5009765625 7.96463001638445e-16
25903.5009765625 4.62210940323586e-16
25913.5009765625 1.57160070057714e-16
25923.5009765625 7.41437251596619e-16
25933.5009765625 8.04631435567964e-16
25943.5009765625 5.80874810699707e-16
25953.5009765625 9.69149035388492e-16
25963.5009765625 9.51331449056471e-17
25973.5009765625 4.12050507065558e-16
25983.5009765625 2.86691875428921e-16
25993.5009765625 3.89133323086799e-16
26003.5009765625 3.09736553540116e-16
