"wave" "response"
20004.66386 1.37474647963039e-10
20020.74478 1.13159409250976e-10
20036.8257 9.77194512180441e-11
20052.90662 9.71372161384163e-11
20068.98754 8.53300622290211e-11
20085.06846 5.68307638353123e-11
20101.14938 4.78555648079154e-11
20117.2303 5.91118831848709e-11
20133.31122 5.35831802661025e-11
20149.39214 3.23172771899091e-11
20165.47306 2.79459818975028e-11
20181.55398 3.59702669960751e-11
20197.6349 3.3067012178854e-11
20213.71582 2.33533364318927e-11
20229.79674 1.92568844639248e-11
20245.87766 1.75277578298258e-11
20261.95858 1.79653623429167e-11
20278.03949 1.98521065797204e-11
20294.12041 7.44646445495557e-12
20310.20133 2.29459600728566e-12
20326.28225 3.33920796534401e-12
20342.36317 1.15569921314521e-11
20358.44409 2.29885600057215e-12
20374.52501 6.07313224022457e-13
20390.60593 9.0605746597505e-13
20406.68685 5.55349217202875e-12
20422.76777 5.91375360360813e-12
20438.84869 2.69008024859083e-12
20454.92961 2.85665206087571e-12
20471.01053 5.00387448083671e-12
20487.09145 7.90082633579698e-12
20503.17237 9.32656905238002e-12
20519.25329 2.08343468284778e-12
20535.33421 6.07760133491362e-13
20551.41513 9.96956846746519e-13
20567.49605 6.15865233428458e-12
20583.57697 1.25511776582044e-12
20599.65788 1.61630903342696e-14
20615.7388 3.71380617180835e-14
20631.81972 3.26477588129783e-12
20647.90064 6.45009332508322e-12
20663.98156 1.47798124942743e-12
20680.06248 1.39711491058439e-12
20696.1434 5.34769526367166e-12
20712.22432 1.84812019117125e-11
20728.30524 1.6595568676468e-11
20744.38616 7.68147252626182e-12
20760.46708 3.33982824437827e-12
20776.548 3.20666581038331e-12
20792.62892 1.01356879203965e-11
20808.70984 2.08512866721153e-11
20824.79076 2.97678666046265e-13
20840.87168 2.18308170204137e-14
20856.9526 1.88075137996995e-12
20873.03352 8.52480886308762e-11
20889.11444 1.22716213018494e-12
20905.19536 1.93599326649086e-14
20921.27627 1.05208257474099e-12
20937.35719 7.62159980609343e-11
20953.43811 5.89248687336833e-11
20969.51903 3.87861362076855e-11
20985.59995 3.5521752922186e-11
21001.68087 4.45306165197752e-11
21017.76179 7.5329581622452e-11
21033.84271 1.99842983457695e-10
21049.92363 8.48741631800708e-11
21066.00455 9.13879174143036e-12
21082.08547 7.51502575119399e-12
21098.16639 8.79983686816795e-11
21114.24731 3.41431474674882e-10
21130.32823 4.98112685188817e-12
21146.40915 2.53224088238454e-13
21162.49007 1.57741408602239e-11
21178.57099 1.05742963697591e-09
21194.65191 2.09065225832949e-10
21210.73283 9.3378898020548e-11
21226.81375 1.21170678709866e-10
21242.89466 2.37420929690969e-10
21258.97558 4.42024387087607e-10
21275.0565 6.05545843359053e-10
21291.13742 9.9673684378761e-11
21307.21834 1.74387606626217e-12
21323.29926 5.15550186356521e-13
21339.38018 3.28663213782478e-11
21355.4611 6.53580889534987e-10
21371.54202 9.29631843215208e-12
21387.62294 1.47940854428773e-13
21403.70386 5.99110854900153e-12
21419.78478 3.80597592235714e-10
21435.8657 1.26934146579543e-10
21451.94662 3.34626841049067e-11
21468.02754 3.51046972155484e-11
21484.10846 1.11464336852081e-10
21500.18938 4.59308091895164e-10
21516.2703 4.24763649696121e-10
21532.35122 3.41821329743746e-10
21548.43214 1.15398642763493e-10
21564.51305 5.23438252971762e-11
21580.59397 1.18407943688471e-10
21596.67489 4.91041718760469e-10
21612.75581 7.23050317216762e-11
21628.83673 1.19867884359352e-12
21644.91765 6.64125795236272e-13
21660.99857 4.13208461780256e-11
21677.07949 8.00580875637483e-10
21693.16041 6.93673626530304e-11
21709.24133 1.64660413023578e-11
21725.32225 4.99819407194936e-11
21741.40317 3.4783629980421e-10
21757.48409 8.211051330643e-10
21773.56501 6.29926614362649e-10
21789.64593 4.39123360937965e-10
21805.72685 3.36494924770953e-10
21821.80777 2.96082232110856e-10
21837.88869 5.0184763966545e-10
21853.96961 1.1929823306691e-09
21870.05053 2.20316292503419e-10
21886.13145 5.50471662403839e-11
21902.21236 6.19609389456054e-11
21918.29328 3.1097344352409e-10
21934.3742 1.56566321145581e-09
21950.45512 2.95113593025801e-10
21966.53604 1.28696886983774e-10
21982.61696 2.55384175118374e-10
21998.69788 9.34166545022711e-10
22014.7788 1.62245990500745e-09
22030.85972 1.07477953992763e-09
22046.94064 8.76324477401897e-10
22063.02156 1.03350152045499e-09
22079.10248 1.2269149561317e-09
22095.1834 1.73268460546411e-09
22111.26432 2.88592000139868e-09
22127.34524 1.33385564900217e-09
22143.42616 4.13205078389026e-10
22159.50708 2.81831722547047e-10
22175.588 1.06879190927865e-09
22191.66892 1.00683991544782e-08
22207.74984 6.21721501122233e-10
22223.83075 1.40482281172159e-11
22239.91167 1.26341211358353e-11
22255.99259 7.3789197135595e-10
22272.07351 2.31592783865355e-08
22288.15443 5.4563653597118e-09
22304.23535 1.92439662255804e-09
22320.31627 2.72011675868437e-09
22336.39719 7.05897902815456e-09
22352.47811 1.78010431211531e-08
22368.55903 2.20150760630195e-08
22384.63995 2.83453868143773e-08
22400.72087 7.58784746112056e-09
22416.80179 2.84350995648706e-09
22432.88271 3.68214072649325e-09
22448.96363 1.54362708239919e-08
22465.04455 6.47460816855141e-08
22481.12547 1.3520234811165e-09
22497.20639 3.11306603868837e-11
22513.28731 1.39047576581771e-10
22529.36823 8.00395567971564e-09
22545.44914 6.78262095054967e-08
22561.53006 1.51220811169879e-09
22577.61098 3.81455101036727e-11
22593.6919 3.51123634599903e-10
22609.77282 1.5746112638717e-08
22625.85374 1.7754989214851e-07
22641.93466 1.66327140652203e-07
22658.01558 1.58840851419612e-07
22674.0965 9.89043399200114e-08
22690.17742 7.68882068566496e-08
22706.25834 8.8184519638504e-08
22722.33926 1.70337694979675e-07
22738.42018 5.55528123864456e-07
22754.5011 5.76366721063297e-08
22770.58202 9.70699696819982e-09
22786.66294 9.3377812160413e-09
22802.74386 6.38043855347687e-08
22818.82478 8.66726627257778e-07
22834.9057 1.44542614038967e-07
22850.98662 5.15909580054959e-08
22867.06753 4.87412232537936e-08
22883.14845 1.33294441237961e-07
22899.22937 7.88779471514378e-07
22915.31029 5.61917875597131e-07
22931.39121 4.4680847414549e-07
22947.47213 4.06136888212337e-07
22963.55305 4.28988839757708e-07
22979.63397 4.6378988469749e-07
22995.71489 7.259924166704e-07
23011.79581 1.26316235800857e-06
23027.87673 7.73478278463241e-07
23043.95765 2.16412431454252e-07
23060.03857 1.29255913837072e-07
23076.11949 2.51107728507454e-07
23092.20041 8.58472265452647e-07
23108.28133 3.88384353770985e-06
23124.36225 1.7740857050449e-06
23140.44317 1.18212854480589e-06
23156.52409 1.84659254106966e-06
23172.60501 4.35375179374727e-06
23188.68592 1.48808154667828e-05
23204.76684 1.29551617830582e-05
23220.84776 1.21576976274013e-05
23236.92868 1.43773303201525e-05
23253.0096 2.01731184138969e-05
23269.09052 2.81290633023078e-05
23285.17144 3.64831074367334e-05
23301.25236 4.69385351247937e-05
23317.33328 5.23135317628172e-05
23333.4142 4.63258293850225e-05
23349.49512 4.4002438957419e-05
23365.57604 5.68652653491853e-05
23381.65696 8.48790566063827e-05
23397.73788 0.000128118292726834
23413.8188 9.30576007485673e-05
23429.89972 8.09839218103817e-05
23445.98064 8.66706985145394e-05
23462.06156 0.000114799437005896
23478.14248 0.000174970729502793
23494.2234 0.000173154480490715
23510.30431 0.000166082376568508
23526.38523 0.000169628479667854
23542.46615 0.000207127439406763
23558.54707 0.000256635220004044
23574.62799 0.000317629689577468
23590.70891 0.000371565264208729
23606.78983 0.000437137039042711
23622.87075 0.00050894289577438
23638.95167 0.000594153013234078
23655.03259 0.000705716665902902
23671.11351 0.000900811180522304
23687.19443 0.00115046525860735
23703.27535 0.00141428211503883
23719.35627 0.00167111393979449
23735.43719 0.00197145013524317
23751.51811 0.00244408684935774
23767.59903 0.00305922651058442
23783.67995 0.00380908857380159
23799.76087 0.00459375142934466
23815.84179 0.00553951191798817
23831.92271 0.0067065040002077
23848.00362 0.00819367888723192
23864.08454 0.0100051308135671
23880.16546 0.0120868164753567
23896.24638 0.0144884894423251
23912.3273 0.0173697796345266
23928.40822 0.0205194971412023
23944.48914 0.0242210254242141
23960.57006 0.0285269959274649
23976.65098 0.0330983324719549
23992.7319 0.0384220791661166
24008.81282 0.0443131920751252
24024.89374 0.0505816914925778
24040.97466 0.0577548264403987
24057.05558 0.0656005261916821
24073.1365 0.0742774018849362
24089.21742 0.0841111367040893
24105.29834 0.0943929578422508
24121.37926 0.105747099927966
24137.46018 0.118373660438887
24153.5411 0.131118090472404
24169.62201 0.145206941776745
24185.70293 0.160068521285615
24201.78385 0.174190019832379
24217.86477 0.189766467464547
24233.94569 0.204889358798738
24250.02661 0.218979676611175
24266.10753 0.234242884404545
24282.18845 0.248100671092836
24298.26937 0.261478338422646
24314.35029 0.276146074289009
24330.43121 0.288759401287013
24346.51213 0.301643139067528
24362.59305 0.315812569423116
24378.67397 0.326892412064882
24394.75489 0.338647166870457
24410.83581 0.3509224185421
24426.91673 0.359398499742635
24442.99765 0.368335671044878
24459.07857 0.37673859815342
24475.15949 0.381796009201866
24491.2404 0.386985229650532
24507.32132 0.391183064589144
24523.40224 0.393560315379487
24539.48316 0.395970066063852
24555.56408 0.397777220823305
24571.645 0.398885765632812
24587.72592 0.400006227256473
24603.80684 0.400866140859696
24619.88776 0.401478185062852
24635.96868 0.402090541135828
24652.0496 0.402638836948981
24668.13052 0.403150530470329
24684.21144 0.403699214120559
24700.29236 0.404231450947318
24716.37328 0.40484509676951
24732.4542 0.405564396607933
24748.53512 0.406453037282304
24764.61604 0.406935749614899
24780.69696 0.407403602433553
24796.77788 0.407927074463187
24812.85879 0.408166874889957
24828.93971 0.408296840019789
24845.02063 0.408664469028248
24861.10155 0.409017406140554
24877.18247 0.409411197658073
24893.26339 0.409649407979673
24909.34431 0.409950034573515
24925.42523 0.410213141825973
24941.50615 0.410403722714644
24957.58707 0.410583409214636
24973.66799 0.410754227583348
24989.74891 0.410805455804683
24997.78162 0.402876683368232
25011.29393 0.402888358595694
25024.80624 0.402807735653804
25038.31856 0.402721856250557
25051.83087 0.402612740993363
25065.34319 0.402453685508849
25078.8555 0.402263895901565
25092.36782 0.402033954531363
25105.88013 0.401807439515095
25119.39244 0.401573339760056
25132.90476 0.401341557596802
25146.41707 0.401098278203806
25159.92939 0.400877581594589
25173.4417 0.400685654818672
25186.95402 0.400510450042723
25200.46633 0.400358930636958
25213.97865 0.400275004619401
25227.49096 0.400200114877594
25241.00327 0.400151643093649
25254.51559 0.400210843253741
25268.0279 0.400243540591788
25281.54022 0.400357479688612
25295.05253 0.400485100607342
25308.56485 0.400644137550549
25322.07716 0.400803397030041
25335.58948 0.401100710895351
25349.10179 0.401390103246054
25362.6141 0.401502130486984
25376.12642 0.401887804605491
25389.63873 0.402105231520291
25403.15105 0.40228366872101
25416.66336 0.402288582820005
25430.17568 0.402185949084653
25443.68799 0.40232062465632
25457.2003 0.40234883483578
25470.71262 0.402092576557024
25484.22493 0.401883527954176
25497.73725 0.401717192771969
25511.24956 0.401268654466087
25524.76188 0.400763656967794
25538.27419 0.400553536441824
25551.78651 0.400187404768377
25565.29882 0.399627576717453
25578.81113 0.399085603995968
25592.32345 0.39841084268337
25605.83576 0.397291967720023
25619.34808 0.396510532930225
25632.86039 0.396040810095912
25646.37271 0.395560642736662
25659.88502 0.395573195483695
25673.39733 0.395125656834619
25686.90965 0.394485644747012
25700.42196 0.393941182435495
25713.93428 0.394691083134711
25727.44659 0.394033977293617
25740.95891 0.394107972394181
25754.47122 0.39463324562439
25767.98354 0.394413423542247
25781.49585 0.394928760365943
25795.00816 0.395499457910594
25808.52048 0.395670030690963
25822.03279 0.396641295323617
25835.54511 0.396834314651562
25849.05742 0.398395255922784
25862.56974 0.399568372830425
25876.08205 0.400467050000333
25889.59437 0.401997142866264
25903.10668 0.403511751712926
25916.61899 0.404786645356797
25930.13131 0.405798386322874
25943.64362 0.405135623329362
25957.15594 0.40716271005441
25970.66825 0.409820973817701
25984.18057 0.411730832848344
25997.69288 0.412937838309899
26011.20519 0.413455378022889
26024.71751 0.414101642575744
26038.22982 0.414469652754403
26051.74214 0.414308727043344
26065.25445 0.415437079674234
26078.76677 0.415875574870691
26092.27908 0.41605549469342
26105.7914 0.41639267346563
26119.30371 0.416478267095204
26132.81602 0.41602500586878
26146.32834 0.415921309579091
26159.84065 0.415170351178874
26173.35297 0.414960307297351
26186.86528 0.416012849337812
26200.3776 0.414926568707182
26213.88991 0.415366984916955
26227.40222 0.415536908912031
26240.91454 0.415172618255472
26254.42685 0.41450347259113
26267.93917 0.413515370628515
26281.45148 0.413884582606204
26294.9638 0.412908292770686
26308.47611 0.412210021155688
26321.98843 0.412931669381703
26335.50074 0.412371331710199
26349.01305 0.412778855495061
26362.52537 0.412847500493093
26376.03768 0.412726203544493
26389.55 0.412660678493396
26403.06231 0.412616168403825
26416.57463 0.412505660750808
26430.08694 0.412651638315223
26443.59925 0.412753745441044
26457.11157 0.412619215090731
26470.62388 0.413198402661869
26484.1362 0.41353207837851
26497.64851 0.413817503951407
26511.16083 0.413474128137865
26524.67314 0.413431703882893
26538.18546 0.414420755644047
26551.69777 0.414447913620505
26565.21008 0.414899702689254
26578.7224 0.415223058555523
26592.23471 0.414992431301853
26605.74703 0.415031936222889
26619.25934 0.414618223901964
26632.77166 0.414697396905237
26646.28397 0.413652021545883
26659.79629 0.413634205675093
26673.3086 0.413774925928446
26686.82091 0.414935810165771
26700.33323 0.413378141233756
26713.84554 0.414187626751034
26727.35786 0.414711835400513
26740.87017 0.414514110274107
26754.38249 0.413813569324731
26767.8948 0.413346336356921
26781.40711 0.413618038328664
26794.91943 0.413391448881014
26808.43174 0.414040500947676
26821.94406 0.413717075055502
26835.45637 0.41281952044666
26848.96869 0.412861094709108
26862.481 0.412642360241281
26875.99332 0.41305496183394
26889.50563 0.412907121907187
26903.01794 0.412928788365982
26916.53026 0.412681192464628
26930.04257 0.411423261090945
26943.55489 0.411265081942991
26957.0672 0.411631825631372
26970.57952 0.412075082137968
26984.09183 0.412223616440947
26997.60414 0.41254910889219
27011.11646 0.412534373311316
27024.62877 0.412927648394976
27038.14109 0.41349513338825
27051.6534 0.413874122129412
27065.16572 0.414221298736671
27078.67803 0.414289973648647
27092.19035 0.414216260282775
27105.70266 0.414126247819349
27119.21497 0.415079865610468
27132.72729 0.415964331799032
27146.2396 0.41592152792274
27159.75192 0.416188726096749
27173.26423 0.416264537938741
27186.77655 0.416500756902778
27200.28886 0.415501861192434
27213.80117 0.416343136605959
27227.31349 0.417564701981518
27240.8258 0.416318655608569
27254.33812 0.41681440603501
27267.85043 0.417524702660034
27281.36275 0.417674089893927
27294.87506 0.417661567990223
27308.38738 0.41755436770648
27321.89969 0.417453895498723
27335.412 0.416908477928996
27348.92432 0.415984085221892
27362.43663 0.416346180064652
27375.94895 0.416018651113028
27389.46126 0.414863246980399
27402.97358 0.414546911862537
27416.48589 0.415149692790349
27429.99821 0.415547131812113
27443.51052 0.415256220658919
27457.02283 0.414609679967552
27470.53515 0.414367666499541
27484.04746 0.414108618788077
27497.55978 0.413923518905313
27511.07209 0.413173942890495
27524.58441 0.412359305958262
27538.09672 0.411274126407196
27551.60903 0.40968042995236
27565.12135 0.409609813006497
27578.63366 0.409651276557159
27592.14598 0.409390457276852
27605.65829 0.409323043267493
27619.17061 0.408090748933258
27632.68292 0.408024011986521
27646.19524 0.408513477609845
27659.70755 0.408716461788605
27673.21986 0.40819305633345
27686.73218 0.408621303074462
27700.24449 0.408791186738501
27713.75681 0.408722575102764
27727.26912 0.409434897095345
27740.78144 0.4100942214518
27754.29375 0.410302674858212
27767.80606 0.410403601816542
27781.31838 0.411042041384372
27794.83069 0.41202442453811
27808.34301 0.412124448185584
27821.85532 0.412679092039122
27835.36764 0.413408355872335
27848.87995 0.414068336319228
27862.39227 0.413792372610576
27875.90458 0.414355034256318
27889.41689 0.415388158127977
27902.92921 0.416073336186951
27916.44152 0.416374024146283
27929.95384 0.416964011535906
27943.46615 0.417433221339524
27956.97847 0.417711292658573
27970.49078 0.41827463369309
27984.00309 0.419013914126126
27997.51541 0.419422129569518
28011.02772 0.419540782234704
28024.54004 0.419439120554359
28038.05235 0.419840855769122
28051.56467 0.419998646782188
28065.07698 0.420391746542117
28078.5893 0.42060899213378
28092.10161 0.420640784829644
28105.61392 0.420452216810099
28119.12624 0.4205715434414
28132.63855 0.420618592225215
28146.15087 0.42029477774147
28159.66318 0.420197727552235
28173.1755 0.420250589275476
28186.68781 0.420421576945284
28200.20013 0.42000816952744
28213.71244 0.419999442325413
28227.22475 0.419984660372038
28240.73707 0.419882555595626
28254.24938 0.419729104443765
28267.7617 0.41955454492096
28281.27401 0.419428102686555
28294.78633 0.419341015806287
28308.29864 0.41917108937502
28321.81095 0.418948941113189
28335.32327 0.418699592505198
28348.83558 0.418517204219023
28362.3479 0.418269179169714
28375.86021 0.417746898366703
28389.37253 0.417668804037589
28402.88484 0.417729403916357
28416.39716 0.417948141920961
28429.90947 0.417866759177667
28443.42178 0.417801370777228
28456.9341 0.417737928220286
28470.44641 0.417647758182049
28483.95873 0.417546002850257
28497.47104 0.417480080484774
28510.98336 0.417271951241837
28524.49567 0.416949350822779
28538.00798 0.416550320397591
28551.5203 0.416252813289364
28565.03261 0.4160013137521
28578.54493 0.415702897672315
28592.05724 0.415364989758092
28605.56956 0.414809027414926
28619.08187 0.414422247511562
28632.59419 0.414230791566436
28646.1065 0.414316081506023
28659.61881 0.414256192455219
28673.13113 0.414021481590593
28686.64344 0.413837851158884
28700.15576 0.41358701020537
28713.66807 0.41334469926425
28727.18039 0.413179816936427
28740.6927 0.413015536917906
28754.20501 0.412805745973087
28767.71733 0.412561150781277
28781.22964 0.412329281473367
28794.74196 0.412096400562237
28808.25427 0.411848706461051
28821.76659 0.411607107097932
28835.2789 0.411314027771066
28848.79122 0.411019135231575
28862.30353 0.410235375552049
28875.81584 0.409940411999898
28889.32816 0.409663802123099
28902.84047 0.40939364531488
28916.35279 0.409221324391915
28929.8651 0.409485579028421
28943.37742 0.40932443881561
28956.88973 0.409143879141267
28970.40205 0.40897511342556
28983.91436 0.408805336077835
28997.42667 0.408561674434541
29010.93899 0.408265163495671
29024.4513 0.40804235305242
29037.96362 0.407766677883426
29051.47593 0.407472449149553
29064.98825 0.4072097763785
29078.50056 0.406948783727217
29092.01287 0.406666602030576
29105.52519 0.406144319326161
29119.0375 0.405701042545131
29132.54982 0.405458721347647
29146.06213 0.405248408289447
29159.57445 0.40503525896012
29173.08676 0.40479712581606
29186.59908 0.404549493962486
29200.11139 0.404327806844203
29213.6237 0.403902439957333
29227.13602 0.403464120144116
29240.64833 0.403053963613111
29254.16065 0.402650748900295
29267.67296 0.402573865396288
29281.18528 0.402222930308204
29294.69759 0.40178726513841
29308.2099 0.401253869445651
29321.72222 0.400674160216712
29335.23453 0.400089496709486
29348.74685 0.39946336288952
29362.25916 0.39884739774641
29375.77148 0.397958357996994
29389.28379 0.397161867002187
29402.79611 0.396551969760089
29416.30842 0.395977478783017
29429.82073 0.395363885957106
29443.33305 0.395253395929729
29456.84536 0.394683054414789
29470.35768 0.394090449904785
29483.86999 0.393548527980867
29497.38231 0.392956111990656
29510.89462 0.392632965509436
29524.40694 0.39187045955927
29537.91925 0.391121613948053
29551.43156 0.390398425887252
29564.94388 0.389690513652007
29578.45619 0.388983181611243
29591.96851 0.388266687151067
29605.48082 0.387576834989142
29618.99314 0.386877452570936
29632.50545 0.386206483151526
29646.01776 0.385550921393915
29659.53008 0.384939318515051
29673.04239 0.384344580541497
29686.55471 0.383732130954735
29700.06702 0.383129776934035
29713.57934 0.382585020761954
29727.09165 0.382095383316009
29740.60397 0.381623244580005
29754.11628 0.381550955923468
29767.62859 0.381628826195187
29781.14091 0.381205818432032
29794.65322 0.38080378545159
29808.16554 0.380303881014055
29821.67785 0.379753387052854
29835.19017 0.379235343457528
29848.70248 0.378727429509448
29862.21479 0.378195421626554
29875.72711 0.377698581489024
29889.23942 0.377583387377152
29902.75174 0.377202064219028
29916.26405 0.376922813708237
29929.77637 0.376669614772436
29943.28868 0.376424397415886
29956.801 0.376172336758382
29970.31331 0.375900199420803
29983.82562 0.375644615650086
29997.33794 0.375419522718425
30010.85025 0.374985538677479
30024.36257 0.374824077734838
30037.87488 0.37428818982176
30051.3872 0.373746584666855
30064.89951 0.373395566742033
30078.41182 0.373045051758865
30091.92414 0.372451768616979
30105.43645 0.371977852922523
30118.94877 0.371657165954434
30132.46108 0.371308286278122
30145.9734 0.3709370535782
30159.48571 0.370534803991201
30172.99803 0.370114006637023
30186.51034 0.369677828887223
30200.02265 0.369238401541017
30213.53497 0.368570332648102
30227.04728 0.367881293001682
30240.5596 0.367174868680858
30254.07191 0.366442907463339
30267.58423 0.365651274978296
30281.09654 0.364846454752833
30294.60886 0.364028401381485
30308.12117 0.363415224457999
30321.63348 0.362920067326574
30335.1458 0.362411018848542
30348.65811 0.361884202360959
30362.17043 0.361418564642641
30375.68274 0.361187396909985
30389.19506 0.360589464843954
30402.70737 0.360044168649272
30416.21968 0.359685496787449
30429.732 0.359327286374636
30443.24431 0.358935300585747
30456.75663 0.358550388979305
30470.26894 0.358153312005783
30483.78126 0.357914151253083
30497.29357 0.357757038227192
30510.80589 0.357266738912503
30524.3182 0.356746315546551
30537.83051 0.356235050666291
30551.34283 0.355716958498231
30564.85514 0.355238580418587
30578.36746 0.354759200634318
30591.87977 0.354279085991049
30605.39209 0.353977271199492
30618.9044 0.353946696448097
30632.41671 0.353936648824145
30645.92903 0.353946332027642
30659.44134 0.354362965243831
30672.95366 0.354411040609067
30686.46597 0.354730016670145
30699.97829 0.354946035940025
30713.4906 0.354799774183775
30727.00292 0.354641199007597
30740.51523 0.354527253916438
30754.02754 0.35442919223606
30767.53986 0.354350153790376
30781.05217 0.35427918320295
30794.56449 0.354234456262276
30808.0768 0.354398637792495
30821.58912 0.354742599121715
30835.10143 0.355097184214047
30848.61374 0.355473693889541
30862.12606 0.355858146427064
30875.63837 0.356277641585356
30889.15069 0.356688216649343
30902.663 0.357151242360555
30916.17532 0.357714887361536
30929.68763 0.358273109552525
30943.19995 0.359230169399161
30956.71226 0.359797099330575
30970.22457 0.360364108808657
30983.73689 0.360939071101646
30997.2492 0.361510662486092
31010.76152 0.361943804927181
31024.27383 0.362324768682897
31037.78615 0.362707496917355
31051.29846 0.36306779972524
31064.81078 0.363446716983834
31078.32309 0.363835939914726
31091.8354 0.36421610707523
31105.34772 0.364610660503988
31118.86003 0.365097845182953
31132.37235 0.365578377510902
31145.88466 0.366047686521747
31159.39698 0.36651145838528
31172.90929 0.366987614972583
31186.4216 0.367450219825257
31199.93392 0.367905724310401
31213.44623 0.369080698050506
31226.95855 0.369821209356119
31240.47086 0.370550957982618
31253.98318 0.371286564952796
31267.49549 0.372005914153854
31281.00781 0.372733197196277
31294.52012 0.373446312204398
31308.03243 0.374075062510812
31321.54475 0.374631134827126
31335.05706 0.375185793950121
31348.56938 0.375719351181196
31362.08169 0.376267569446091
31375.59401 0.37680961321854
31389.10632 0.377349631661764
31402.61863 0.377910843796854
31416.13095 0.378597175007961
31429.64326 0.379264659531594
31443.15558 0.379939800026319
31456.66789 0.380587225135333
31470.18021 0.381268944188326
31483.69252 0.382397318012854
31497.20484 0.383086406120567
31510.71715 0.383743570375009
31524.22946 0.384413012308518
31537.74178 0.385077781820891
31551.25409 0.385757702119221
31564.76641 0.386427825196305
31578.27872 0.387118597782679
31591.79104 0.38779007005858
31605.30335 0.388460678734736
31618.81566 0.389091330854649
31632.32798 0.389734974903489
31645.84029 0.390366277315492
31659.35261 0.391013068087452
31672.86492 0.391660547910054
31686.37724 0.392316148728456
31699.88955 0.392962737691126
31713.40187 0.393885027271455
31726.91418 0.39510895794391
31740.42649 0.396137495314014
31753.93881 0.397032123268262
31767.45112 0.397937848203958
31780.96344 0.398842346799512
31794.47575 0.39974889230288
31807.98807 0.400577487396119
31821.50038 0.401347857413742
31835.0127 0.402125778399766
31848.52501 0.402891740482883
31862.03732 0.403646735079818
31875.54964 0.404384290568743
31889.06195 0.405136531076193
31902.57427 0.40588062529012
31916.08658 0.40663901356506
31929.5989 0.407386712576578
31943.11121 0.408143866042556
31956.62352 0.408864553177824
31970.13584 0.409595091978683
31983.64815 0.410785492747907
31997.16047 0.411511216147833
32010.67278 0.412171740743473
32024.1851 0.412821956463965
32037.69741 0.41347986438333
32051.20973 0.414123322189483
32064.72204 0.414736746114866
32078.23435 0.415362551164102
32091.74667 0.415973152129374
32105.25898 0.416574175585911
32118.7713 0.417168849918198
32132.28361 0.417274631921201
32145.79593 0.417858032077336
32159.30824 0.418439196923958
32172.82055 0.419016324078281
32186.33287 0.419565877428618
32199.84518 0.420142273500507
32213.3575 0.420982802598799
32226.86981 0.421993254035122
32240.38213 0.422660305193596
32253.89444 0.423347343719018
32267.40676 0.424024264669547
32280.91907 0.424701747722086
32294.43138 0.425370080324347
32307.9437 0.425917777103464
32321.45601 0.426374961363523
32334.96833 0.426823388534992
32348.48064 0.427288269556958
32361.99296 0.427742035127658
32375.50527 0.428200017237559
32389.01759 0.428649694437144
32402.5299 0.429120194412649
32416.04221 0.42953788658099
32429.55453 0.429954208536005
32443.06684 0.43051102064779
32456.57916 0.431294975394906
32470.09147 0.431712721129059
32483.60379 0.432146504832035
32497.1161 0.432595216174021
32510.62841 0.433144836030209
32524.14073 0.433731144206096
32537.65304 0.434301755017585
32551.16536 0.434893339493996
32564.67767 0.435476255996914
32578.18999 0.436087025011653
32591.7023 0.436692759396729
32605.21462 0.43728194607484
32618.72693 0.437816034400369
32632.23924 0.438381144455571
32645.75156 0.438960655563967
32659.26387 0.43952851744584
32672.77619 0.44023665526175
32686.2885 0.441180614515793
32699.80082 0.441769744157943
32713.31313 0.442224313843032
32726.82544 0.442703343732186
32740.33776 0.443180622021007
32753.85007 0.443672126544778
32767.36239 0.444155986497011
32780.8747 0.444630863927222
32794.38702 0.445084934704719
32807.89933 0.44556360868251
32821.41165 0.446059913503574
32834.92396 0.446544857958889
32848.43627 0.447056201347082
32861.94859 0.447561612396407
32875.4609 0.448061686878176
32888.97322 0.448524561402679
32902.48553 0.449524089676889
32915.99785 0.449990592935108
32929.51016 0.450474525313828
32943.02247 0.450963215903595
32956.53479 0.451452423847578
32970.0471 0.451945441665956
32983.55942 0.452410540821355
32997.07173 0.45289448495841
33010.58405 0.453262287038381
33024.09636 0.453608544085325
33037.60868 0.453944810895876
33051.12099 0.454301983970878
33064.6333 0.454666675446583
33078.14562 0.455018563795078
33091.65793 0.455371868276991
33105.17025 0.455700319472038
33118.68256 0.456465072979399
33132.19488 0.456816248359006
33145.70719 0.457114103050803
33159.21951 0.457410844250494
33172.73182 0.457734041989814
33186.24413 0.458051593878051
33199.75645 0.458369039421135
33213.26876 0.458647731801943
33226.78108 0.458898452341582
33240.29339 0.459172021968026
33253.80571 0.459448658202472
33267.31802 0.459752359693078
33280.83033 0.460055929469219
33294.34265 0.460378743008132
33307.85496 0.460374724434077
33321.36728 0.46011284634401
33334.87959 0.459862329435385
33348.39191 0.460059791775853
33361.90422 0.459900260791277
33375.41654 0.459641401750603
33388.92885 0.45941620006092
33402.44116 0.458988218252509
33415.95348 0.457568023883259
33429.46579 0.456141054856193
33442.97811 0.454695444898576
33456.49042 0.453265948957187
33470.00274 0.451829282468932
33483.51505 0.450417447682354
33497.02736 0.448999557160817
33510.53968 0.445982197761698
33524.05199 0.442526834073934
33537.56431 0.439062498100882
33551.07662 0.435592234628301
33564.58894 0.432099439000508
33578.10125 0.428606922433391
33591.61357 0.425089992619287
33605.12588 0.423132515017979
33618.63819 0.423712649883396
33632.15051 0.424282470761566
33645.66282 0.424870331194269
33659.17514 0.425445978669451
33672.68745 0.426027026438702
33686.19977 0.426591146817054
33699.71208 0.427158125937205
33713.22439 0.431235007425433
33726.73671 0.435710896943034
33740.24902 0.440545796121777
33753.76134 0.444701905028383
33767.27365 0.448885469163752
33780.78597 0.453059456238301
33794.29828 0.457233822142296
33807.8106 0.459768320837033
33821.32291 0.461091228310166
33834.83522 0.462416667912613
33848.34754 0.463723688036764
33861.85985 0.465041292706026
33875.37217 0.466336585496001
33888.88448 0.467620607592344
33902.3968 0.468631184619727
33915.90911 0.468375956655883
33929.42143 0.468115351384962
33942.93374 0.467808361841107
33956.44605 0.467501359638491
33969.95837 0.467175441621431
33983.47068 0.466827033545088
33996.983 0.466473994440835
34010.49531 0.4660550170244
34024.00763 0.465636375327028
34037.51994 0.465188964010292
34051.03225 0.464724302465131
34064.54457 0.464253034547509
34078.05688 0.463770830496916
34091.5692 0.46337173914186
34105.08151 0.463403882437025
34118.59383 0.4631169637175
34132.10614 0.462815404644532
34145.61846 0.462501221648614
34159.13077 0.462655955022053
34172.64308 0.462367316214676
34186.1554 0.462045511602982
34199.66771 0.461709879748279
34213.18003 0.461757868705134
34226.69234 0.461813018299522
34240.20466 0.46187649824039
34253.71697 0.46196015891193
34267.22928 0.462025526847423
34280.7416 0.462102225244785
34294.25391 0.462180689449793
34307.76623 0.462182467673557
34321.27854 0.462130311265965
34334.79086 0.462073287532501
34348.30317 0.462035503306222
34361.81549 0.461966645817546
34375.3278 0.461889247927331
34388.84011 0.46181581592921
34402.35243 0.461708287347815
34415.86474 0.461450132441819
34429.37706 0.461185201060807
34442.88937 0.461488786206939
34456.40169 0.461262879404826
34469.914 0.461044463414198
34483.42631 0.461025498503828
34496.93863 0.461159572812035
34510.45094 0.461187540563237
34523.96326 0.461274527644231
34537.47557 0.461362924064557
34550.98789 0.461464291358782
34564.5002 0.461559231335474
34578.01252 0.46168635214437
34591.52483 0.461824499685765
34605.03714 0.462122974697425
34618.54946 0.462676318191253
34632.06177 0.463217374614941
34645.57409 0.463777061912639
34659.0864 0.464328909989687
34672.59872 0.464884826357532
34686.11103 0.465444585666523
34699.62335 0.466000690737761
34713.13566 0.466260619950531
34726.64797 0.466508564069068
34740.16029 0.466775378744245
34753.6726 0.467043253048256
34767.18492 0.467693311445014
34780.69723 0.468122719063902
34794.20955 0.468613949916801
34807.72186 0.469376216199908
34821.23417 0.469968315910628
34834.74649 0.470554994350108
34848.2588 0.471152991448978
34861.77112 0.47173891483354
34875.28343 0.472335740427296
34888.79575 0.4729317027786
34902.30806 0.473533921004183
34915.82038 0.474258603878163
34929.33269 0.474965173047779
34942.845 0.475672083881005
34956.35732 0.476372691617686
34969.86963 0.477058304852747
34983.38195 0.477751037263284
34996.89426 0.478421684324124
35010.40658 0.479035684411442
35023.91889 0.479627322279138
35037.4312 0.480204660945223
35050.94352 0.480785128516924
35064.45583 0.481348482455579
35077.96815 0.482361820028035
35091.48046 0.483031024749038
35104.99278 0.483852463107992
35118.50509 0.484713573278452
35132.01741 0.485307176885525
35145.52972 0.485944722011984
35159.04203 0.486588104929412
35172.55435 0.487169081005152
35186.06666 0.487720119788959
35199.57898 0.488253062309541
35213.09129 0.48872276658925
35226.60361 0.48918765658988
35240.11592 0.489620569488506
35253.62824 0.490058350496351
35267.14055 0.490488487136078
35280.65286 0.490907349887344
35294.16518 0.491331689438817
35307.67749 0.49169962961853
35321.18981 0.492046127911998
35334.70212 0.492390373053236
35348.21444 0.493199243317095
35361.72675 0.493637574991295
35375.23906 0.493953359304437
35388.75138 0.494275955839869
35402.26369 0.494575588164795
35415.77601 0.494734631533289
35429.28832 0.495422542102145
35442.80064 0.495631083364899
35456.31295 0.495803000486544
35469.82527 0.495977299849531
35483.33758 0.496136476117777
35496.84989 0.496304408667772
35510.36221 0.496448549631586
35523.87452 0.497121177299254
35537.38684 0.497248386708338
35550.89915 0.497358805216566
35564.41147 0.49748467494583
35577.92378 0.497624032969969
35591.43609 0.49776087257283
35604.94841 0.497932415171332
35618.46072 0.498142498041745
35631.97304 0.498363577698841
35645.48535 0.498597480842741
35658.99767 0.498819941857976
35672.50998 0.49905208537365
35686.0223 0.499628885818363
35699.53461 0.500096595667865
35713.04692 0.500289973504829
35726.55924 0.500475344162884
35740.07155 0.500668956127437
35753.58387 0.500865203818598
35767.09618 0.501051729372893
35780.6085 0.50181889905106
35794.12081 0.50202111318667
35807.63312 0.50218890066475
35821.14544 0.502340878228505
35834.65775 0.502492186919123
35848.17007 0.503143080272111
35861.68238 0.503431131055704
35875.1947 0.503609498286922
35888.70701 0.503801107235237
35902.21933 0.503967235757117
35915.73164 0.504073301283703
35929.24395 0.504183031021211
35942.75627 0.504278681344438
35956.26858 0.504398355561687
35969.7809 0.504525263410746
35983.29321 0.504644342390338
35996.80553 0.504775822909049
36010.31784 0.504916235404103
36023.83016 0.505070657212787
36037.34247 0.505649247228028
36050.85478 0.50592134607577
36064.3671 0.5060404619956
36077.87941 0.5061521446806
36091.39173 0.506260506847583
36104.90404 0.506383202327678
36118.41636 0.506461931379184
36131.92867 0.506533964575259
36145.44098 0.506611636600502
36158.9533 0.506679035951216
36172.46561 0.506747023985857
36185.97793 0.506802229673968
36199.49024 0.507382001816162
36213.00256 0.507452212306087
36226.51487 0.507486727696326
36240.02719 0.507528937109226
36253.5395 0.507581861411739
36267.05181 0.507619084356529
36280.56413 0.507664291763518
36294.07644 0.507706267721871
36307.58876 0.507765093430687
36321.10107 0.50786076104097
36334.61339 0.507941643970009
36348.1257 0.508017131473392
36361.63801 0.508113797870365
36375.15033 0.508208734940689
36388.66264 0.50830452607051
36402.17496 0.508412407498365
36415.68727 0.508563896949969
36429.19959 0.508716063442454
36442.7119 0.508859890842967
36456.22422 0.50899195430945
36469.73653 0.509123224429179
36483.24884 0.509240350635601
36496.76116 0.509766565991107
36510.27347 0.510158501095593
36523.78579 0.510359270343856
36537.2981 0.510567966025481
36550.81042 0.510783333528338
36564.32273 0.510981505908048
36577.83504 0.511179911400384
36591.34736 0.511364878585677
36604.85967 0.511511127869307
36618.37199 0.511616260463041
36631.8843 0.511712483709016
36645.39662 0.511818109414929
36658.90893 0.511941879691102
36672.42125 0.5120591133562
36685.93356 0.512181007360599
36699.44587 0.512839479090219
36712.95819 0.513038367715433
36726.4705 0.513210363550152
36739.98282 0.513371613209177
36753.49513 0.513517521974016
36767.00745 0.513676901189202
36780.51976 0.51384128772475
36794.03208 0.514011261297222
36807.54439 0.514187864845835
36821.0567 0.514345689812309
36834.56902 0.514509762620895
36848.08133 0.514681163340355
36861.59365 0.514827508736647
36875.10596 0.514975361536945
36888.61828 0.515118387490167
36902.13059 0.51522323915336
36915.6429 0.515227904727956
36929.15522 0.515241067685349
36942.66753 0.515854834673786
36956.17985 0.51588328040554
36969.69216 0.515896812825567
36983.20448 0.515906714262737
36996.71679 0.51592528895602
37010.22911 0.51592525354447
37023.74142 0.515917987989981
37037.25373 0.51591754462326
37050.76605 0.515907777023582
37064.27836 0.51590602668605
37077.79068 0.515915408742084
37091.30299 0.515918896641958
37104.81531 0.515953763842971
37118.32762 0.516030716693082
37131.83993 0.516100215664009
37145.35225 0.516175015553716
37158.86456 0.516239784056048
37172.37688 0.516295450621581
37185.88919 0.516356018920694
37199.40151 0.516411557078927
37212.91382 0.516476086022125
37226.42614 0.516557870012897
37239.93845 0.516637133009572
37253.45076 0.516723506828097
37266.96308 0.516814603577625
37280.47539 0.516889781080016
37293.98771 0.516963125321552
37307.50002 0.517039182181382
37321.01234 0.517112081541238
37334.52465 0.51719588882506
37348.03696 0.517280673660359
37361.54928 0.517964799760832
37375.06159 0.518071049950873
37388.57391 0.518178798465567
37402.08622 0.51839128346177
37415.59854 0.518890958227169
37429.11085 0.518926656923214
37442.62317 0.518951824014343
37456.13548 0.518981666232805
37469.64779 0.519008631414816
37483.16011 0.51904257914384
37496.67242 0.519090003114056
37510.18474 0.519129548651431
37523.69705 0.519176834773978
37537.20937 0.519240242382405
37550.72168 0.519298164101783
37564.234 0.51935843457
37577.74631 0.519423165746088
37591.25862 0.519480859765961
37604.77094 0.519539443185378
37618.28325 0.519593531218785
37631.79557 0.519641507925581
37645.30788 0.519705881512974
37658.8202 0.519780987654242
37672.33251 0.519856583300144
37685.84482 0.519946009019677
37699.35714 0.520035914676814
37712.86945 0.520105161720521
37726.38177 0.520179455813529
37739.89408 0.520255121475849
37753.4064 0.520321817704384
37766.91871 0.520809768460956
37780.43103 0.521063666763028
37793.94334 0.521125714389526
37807.45565 0.521242029945555
37820.96797 0.521395445486541
37834.48028 0.52154476190938
37847.9926 0.521706240935188
37861.50491 0.521866775817918
37875.01723 0.522014866802938
37888.52954 0.522164726517081
37902.04185 0.52228291837624
37915.55417 0.522265710187746
37929.06648 0.522256444335792
37942.5788 0.522244359917116
37956.09111 0.522231180387804
37969.60343 0.522230652428369
37983.11574 0.522217473055981
37996.62806 0.522197275034415
38010.14037 0.522300778745122
38023.65268 0.522414246770169
38037.165 0.522511680341469
38050.67731 0.522623033096793
38064.18963 0.522721323060826
38077.70194 0.522815302730015
38091.21426 0.52291387553625
38104.72657 0.522966461425578
38118.23889 0.522965858946394
38131.7512 0.522975529779342
38145.26351 0.522976127171346
38158.77583 0.522973166493807
38172.28814 0.523105159259954
38185.80046 0.523545729293373
38199.31277 0.523511087847605
38212.82509 0.523485098974836
38226.3374 0.523450835850574
38239.84971 0.523410405900253
38253.36203 0.523369980172848
38266.87434 0.523315907517464
38280.38666 0.52325570096708
38293.89897 0.52320642951545
38307.41129 0.523147464039964
38320.9236 0.523071472471693
38334.43592 0.522993846238165
38347.94823 0.52289537598059
38361.46054 0.522791198291992
38374.97286 0.522704312703705
38388.48517 0.52308989979586
38401.99749 0.523060284988482
38415.5098 0.522953106180908
38429.02212 0.522837174471573
38442.53443 0.522715507835393
38456.04674 0.522595471530645
38469.55906 0.522460534489175
38483.07137 0.522317120319131
38496.58369 0.522177676825133
38510.096 0.522027411243792
38523.60832 0.521863810413739
38537.12063 0.521701608046834
38550.63295 0.521536461294908
38564.14526 0.521365009552916
38577.65757 0.521665517876442
38591.16989 0.521643742467218
38604.6822 0.521467189919079
38618.19452 0.521308770575603
38631.70683 0.521149300267529
38645.21915 0.520979690107977
38658.73146 0.520819079886916
38672.24377 0.520652277413125
38685.75609 0.520478161993564
38699.2684 0.520311788527031
38712.78072 0.520132517286022
38726.29303 0.519943207665884
38739.80535 0.519757636180843
38753.31766 0.519580490305109
38766.82998 0.519402606795494
38780.34229 0.51923314910281
38793.8546 0.519072201528293
38807.36692 0.518905616365622
38820.87923 0.518748824426459
38834.39155 0.518603713491293
38847.90386 0.518453835110815
38861.41618 0.518321033952456
38874.92849 0.518202581764489
38888.44081 0.518078590594452
38901.95312 0.517960257577401
38915.46543 0.517850527597105
38928.97775 0.517744829545605
38942.49006 0.51764248141869
38956.00238 0.517552767194057
38969.51469 0.517465266184054
38983.02701 0.517976685668759
38996.53932 0.517914197800873
39010.05163 0.517854696414633
39023.56395 0.517804085880382
39037.07626 0.517777621743324
39050.58858 0.51775364444493
39064.10089 0.517733931953396
39077.61321 0.517731165038726
39091.12552 0.517734871054622
39104.63784 0.517744132691798
39118.15015 0.51777742499475
39131.66246 0.517831768254693
39145.17478 0.518187255617669
39158.68709 0.518534511840603
39172.19941 0.518617655967442
39185.71172 0.518686043589629
39199.22404 0.518758949030624
39212.73635 0.518842778427008
39226.24866 0.518922927113715
39239.76098 0.519007227020327
39253.27329 0.519097948830186
39266.78561 0.519179547350463
39280.29792 0.519249105704588
39293.81024 0.519322429145441
39307.32255 0.5193824688465
39320.83487 0.519412250171407
39334.34718 0.519429537586594
39347.85949 0.519406501845956
39361.37181 0.519333430991661
39374.88412 0.519517707855968
39388.39644 0.519677209944751
39401.90875 0.519492017862032
39415.42107 0.51932213605686
39428.93338 0.519102082440312
39442.44569 0.518807498125118
39455.95801 0.518437326327059
39469.47032 0.517982326017697
39482.98264 0.517414553908934
39496.49495 0.516744531622151
39510.00727 0.515910085382104
39523.51958 0.514926880394725
39537.0319 0.513805944391533
39550.54421 0.512552608824003
39564.05652 0.511155025987335
39577.56884 0.50958041137903
39591.08115 0.507829886009612
39604.59347 0.505894708263419
39618.10578 0.50375868856772
39631.6181 0.501422946550557
39645.13041 0.498876773747023
39658.64273 0.496103216787853
39672.15504 0.493101707942954
39685.66735 0.489878347612839
39699.17967 0.486903231178951
39712.69198 0.483202551461503
39726.2043 0.479177891331102
39739.71661 0.474888653350846
39753.22893 0.470324324264814
39766.74124 0.465496849476251
39780.25355 0.460930110061802
39793.76587 0.455549205232955
39807.27818 0.44989383138749
39820.7905 0.443986396990326
39834.30281 0.43778052777842
39847.81513 0.431277846319191
39861.32744 0.42453760860906
39874.83976 0.417543302965309
39888.35207 0.410309241873293
39901.86438 0.402863551379687
39915.3767 0.395220919441514
39928.88901 0.387373789208291
39942.40133 0.379352031159397
39955.91364 0.371140888497522
39969.42596 0.362769319282504
39982.93827 0.354276637191128
39996.45058 0.345688997091216
40009.9629 0.337002795977725
40023.47521 0.328234900248979
40036.98753 0.319428261835802
40050.49984 0.310597408631948
40064.01216 0.301688798233938
40077.52447 0.2928158668661
40091.03679 0.283978155469417
40104.5491 0.275187052945436
40118.06141 0.266488030911014
40131.57373 0.257886050873391
40145.08604 0.249371783970326
40158.59836 0.24093483932037
40172.11067 0.232628209160749
40185.62299 0.224592022433811
40199.1353 0.216644994196046
40212.64761 0.208956085368338
40226.15993 0.201197121695259
40239.67224 0.193593850177417
40253.18456 0.186164965972864
40266.69687 0.178940717950313
40280.20919 0.171876657173313
40293.7215 0.165007514499268
40307.23382 0.15835509303175
40320.74613 0.151897016253718
40334.25844 0.145615241370297
40347.77076 0.139537802210281
40361.28307 0.133674658298355
40374.79539 0.127962544141185
40388.3077 0.122454025925851
40401.82002 0.117153574695778
40415.33233 0.11204455992841
40428.84465 0.10710680621627
40442.35696 0.102372302558779
40455.86927 0.0978219134494646
40469.38159 0.0934086400126297
40482.8939 0.0891891675757233
40496.40622 0.0851385712272928
40509.91853 0.0812234349492347
40523.43085 0.0774549318321215
40536.94316 0.0738689673795321
40550.45547 0.0704168321057067
40563.96779 0.0670831048892726
40577.4801 0.0639157654327552
40590.99242 0.060878179260233
40604.50473 0.0579845517890286
40618.01705 0.0552217737725447
40631.52936 0.05257790480656
40645.04168 0.0500186981156305
40658.55399 0.0475690041328898
40672.0663 0.0452526132178316
40685.57862 0.0430327387756194
40699.09093 0.0408967604296549
40712.60325 0.0388720121621221
40726.11556 0.0369905922824563
40739.62788 0.0351449965239225
40753.14019 0.0333807330909843
40766.6525 0.0317148879607808
40780.16482 0.0301197265583532
40793.67713 0.0285818340590444
40807.18945 0.0271386977281237
40820.70176 0.0257718339698886
40834.21408 0.0244373934063284
40847.72639 0.0231838271839851
40861.23871 0.0220033238535364
40874.75102 0.0208711282099597
40888.26333 0.0197724597973513
40901.77565 0.0187670018031878
40915.28796 0.0177973960323266
40928.80028 0.0168541226867669
40942.31259 0.0159712266691902
40955.82491 0.0151509196443088
40969.33722 0.0143572312870908
40982.84953 0.013590817148313
40996.36185 0.0129024517764715
41009.87416 0.0122286945385711
41023.38648 0.0115734573203357
41036.89879 0.0109672189286676
41050.41111 0.0104123104607512
41063.92342 0.00984768882342248
41077.43574 0.00931671615537182
41090.94805 0.00883606325941978
41104.46036 0.00837092264538025
41117.97268 0.00791379904155532
41131.48499 0.0074953296058672
41144.99731 0.00712167875741384
41158.50962 0.00672856908518287
41172.02194 0.00636641835552967
41185.53425 0.00604252640455836
41199.04657 0.00573334104828478
41212.55888 0.00540502532889019
41226.07119 0.00512923240620356
41239.58351 0.0048698346662897
41253.09582 0.00460232816308175
41266.60814 0.00434949084681543
41280.12045 0.00413550245076746
41293.63277 0.00392704371685613
41307.14508 0.0037009484653687
41320.65739 0.0035142547479707
41334.16971 0.00333847750020771
41347.68202 0.00315690387301061
41361.19434 0.00297468381921945
41374.70665 0.00284263823052358
41388.21897 0.00269034248061251
41401.73128 0.00253612949823856
41415.2436 0.00240416387865205
41428.75591 0.00229707218131788
41442.26822 0.00216185788384006
41455.78054 0.00203647318248907
41469.29285 0.00194597618402681
41482.80517 0.00185286039468022
41496.31748 0.00174506766022375
41509.8298 0.00165242334719535
41523.34211 0.00158820213980163
41536.85442 0.0014916548769602
41550.36674 0.00140746960776951
41563.87905 0.00134441583986036
41577.39137 0.00128998884637964
41590.90368 0.00119755103382571
41604.416 0.0011431613006179
41617.92831 0.00110035538560455
41631.44063 0.00104297475256913
41644.95294 0.000968524222229874
41658.46525 0.000930589787526301
41671.97757 0.00089068931899367
41685.48988 0.000829978064079209
41699.0022 0.000782965341907688
41712.51451 0.000759574039363284
41726.02683 0.000723370860037373
41739.53914 0.000664405393818994
41753.05146 0.000639776876289647
41766.56377 0.000616014315678039
41780.07608 0.000576500939297961
41793.5884 0.00052982303541179
41807.10071 0.000527160825298354
41820.61303 0.000497897674831332
41834.12534 0.000459629769641009
41847.63766 0.000432370205239264
41861.14997 0.000437401543346202
41874.66228 0.00039990095498674
41888.1746 0.000368453348640612
41901.68691 0.000354557033848287
41915.19923 0.000346435733422217
41928.71154 0.000306177891678
41942.22386 0.000291496600414787
41955.73617 0.000292894440664478
41969.24849 0.000276603647765587
41982.7608 0.000242009077240261
41996.27311 0.000230756849198483
42009.78543 0.000229956750516643
42023.29774 0.000200152660762055
42036.81006 0.000179922323027896
42050.32237 0.000183635454337748
42063.83469 0.000185239328264002
42077.347 0.00014733665102435
42090.85931 0.000140552370331273
42104.37163 0.000145003914658295
42117.88394 0.000134978554602582
42131.39626 9.90230045416335e-05
42144.90857 0.000111806110305895
42158.42089 0.000118006113920804
42171.9332 9.86864094671762e-05
42185.44552 7.84623032249929e-05
42198.95783 9.2331014861081e-05
42212.47014 8.53214328785703e-05
42225.98246 6.7505672978506e-05
42239.49477 5.68108474701218e-05
42253.00709 7.27689303091382e-05
42266.5194 5.91989848569438e-05
42280.03172 4.62887770761616e-05
42293.54403 4.55551479798019e-05
42307.05634 5.91775511540467e-05
42320.56866 4.64347315051772e-05
42334.08097 4.2962607395573e-05
42347.59329 4.69580795445785e-05
42361.1056 5.14953753620693e-05
42374.61792 3.8269569923361e-05
42388.13023 3.57919080767349e-05
42401.64255 3.92064838030516e-05
42415.15486 3.824419703282e-05
42428.66717 3.09811344273903e-05
42442.17949 3.33163455592369e-05
42455.6918 3.6420696144896e-05
42469.20412 3.06725628893826e-05
42482.71643 2.52040744300891e-05
42496.22875 3.28877290726123e-05
42509.74106 3.65827456031447e-05
42523.25338 2.72712321398948e-05
42536.76569 2.50129659429657e-05
42550.278 3.0290492869804e-05
42563.79032 3.17203824122766e-05
42577.30263 2.69180852279218e-05
42590.81495 2.72905956725988e-05
42604.32726 3.03972191628306e-05
42617.83958 2.59481666446973e-05
42631.35189 1.70206437136329e-05
42644.8642 1.9505915641576e-05
42658.37652 2.58087429437879e-05
42671.88883 2.5338716175355e-05
42685.40115 2.23662557806074e-05
42698.91346 2.62654597147598e-05
42712.42578 2.79180784456292e-05
42725.93809 2.31930565501393e-05
42739.45041 2.25118997608372e-05
42752.96272 2.90727751657204e-05
42766.47503 2.89665157426718e-05
42779.98735 2.38126518824669e-05
42793.49966 2.36973388636862e-05
42807.01198 2.99544304249094e-05
42820.52429 2.86761201507149e-05
42834.03661 2.58443773467502e-05
42847.54892 2.97685375713831e-05
42861.06123 3.39587550111002e-05
42874.57355 2.68093145552709e-05
42888.08586 2.23371301987281e-05
42901.59818 2.58331241516987e-05
42915.11049 2.98416240098722e-05
42928.62281 2.5018971164461e-05
42942.13512 2.41069777571475e-05
42955.64744 3.0434624605582e-05
42969.15975 3.05096182597705e-05
42982.67206 2.30193537642167e-05
42996.18438 2.2470400877695e-05
43009.69669 2.91349419509507e-05
43023.20901 2.87382674818074e-05
43036.72132 2.24986093065569e-05
43050.23364 2.34255933045082e-05
43063.74595 2.9545214639492e-05
43077.25826 2.71946887570386e-05
43090.77058 2.25222711919756e-05
43104.28289 2.32718252379315e-05
43117.79521 2.59342353352752e-05
43131.30752 1.92732895136549e-05
43144.81984 1.548474561954e-05
43158.33215 1.77829345903602e-05
43171.84447 2.35213318312354e-05
43185.35678 1.95433118510189e-05
43198.86909 2.02588222825692e-05
43212.38141 2.37621403430521e-05
43225.89372 2.54868409965161e-05
43239.40604 1.66548004068601e-05
43252.91835 1.57654103033771e-05
43266.43067 1.8564398103315e-05
43279.94298 2.13609861972704e-05
43293.4553 1.6090752628479e-05
43306.96761 1.89000302462622e-05
43320.47992 2.22475728063122e-05
43333.99224 2.21977692857329e-05
43347.50455 1.49077267816057e-05
43361.01687 1.76358714259121e-05
43374.52918 2.12838110691908e-05
43388.0415 2.16618096772704e-05
43401.55381 1.5300259808021e-05
43415.06612 1.85298587804194e-05
43428.57844 2.10687486113133e-05
43442.09075 1.93135458888722e-05
43455.60307 1.30175544474945e-05
43469.11538 1.64308814419611e-05
43482.6277 1.94945545473466e-05
43496.14001 1.83132781947926e-05
43509.65233 1.49078838426635e-05
43523.16464 1.86525825510115e-05
43536.67695 2.1696307627344e-05
43550.18927 1.86459698875697e-05
43563.70158 1.61569006850004e-05
43577.2139 1.93732560423524e-05
43590.72621 2.24631907155761e-05
43604.23853 1.82370828475379e-05
43617.75084 1.79208288501051e-05
43631.26315 2.00558638567759e-05
43644.77547 1.99772918495398e-05
43658.28778 1.23617890243974e-05
43671.8001 1.34242962896551e-05
43685.31241 1.7085179122097e-05
43698.82473 2.06913438108501e-05
43712.33704 1.2175426568735e-05
43725.84936 1.29172960329552e-05
43739.36167 1.5956452793816e-05
43752.87398 1.91063583124887e-05
43766.3863 1.09914716186243e-05
43779.89861 1.15210821452308e-05
43793.41093 1.48775919734963e-05
43806.92324 2.05196978465277e-05
43820.43556 1.24038233393705e-05
43833.94787 1.28254796857434e-05
43847.46018 1.68976182832944e-05
43860.9725 1.68154787641725e-05
43874.48481 9.27373247208464e-06
43887.99713 9.78793674245125e-06
43901.50944 1.8959999907216e-05
43915.02176 1.64026613889284e-05
43928.53407 9.35204711453405e-06
43942.04639 8.90303961189826e-06
43955.5587 1.71177947934979e-05
43969.07101 1.38160565582743e-05
43982.58333 1.01321227937114e-05
43996.09564 8.71799103186453e-06
44009.60796 1.61578580681998e-05
44023.12027 1.20552745883626e-05
44036.63259 7.35834630247971e-06
44050.1449 5.32063354695902e-06
44063.65722 1.32414334299851e-05
44077.16953 9.84964969653951e-06
44090.68184 7.42732448436113e-06
44104.19416 7.31275738901624e-06
44117.70647 1.10291500505313e-05
44131.21879 9.22619000713734e-06
44144.7311 5.7683016978293e-06
44158.24342 9.30107235602208e-06
44171.75573 1.47000777411447e-05
44185.26804 8.77526637755937e-06
44198.78036 2.11709043315344e-06
44212.29267 5.15865344257257e-06
44225.80499 1.04487244073501e-05
44239.3173 1.81266155305295e-05
44252.82962 1.12160680906104e-05
44266.34193 1.3799508739636e-05
44279.85425 1.70609126917876e-05
44293.36656 1.57549335581366e-05
44306.87887 2.76113084275189e-06
44320.39119 3.5403907301444e-06
44333.9035 1.27362123486397e-05
44347.41582 1.32073787970195e-05
44360.92813 5.88489628939555e-06
44374.44045 4.99884427371896e-06
44387.95276 1.54560902450491e-05
44401.46507 1.16630097134317e-05
44414.97739 7.45795670486103e-06
44428.4897 5.44400262414168e-06
44442.00202 1.2117428962371e-05
44455.51433 1.34435860194797e-05
44469.02665 9.2289911045833e-06
44482.53896 6.15630685956448e-06
44496.05128 1.32101739906276e-05
44509.56359 1.57545968893207e-05
44523.0759 1.03827975743454e-05
44536.58822 8.94860806385006e-06
44550.10053 1.26560706282545e-05
44563.61285 1.65598429555595e-05
44577.12516 8.98296879223454e-06
44590.63748 1.00692299386453e-05
44604.14979 1.39263102659228e-05
44617.66211 2.21849180809854e-05
44631.17442 8.59235093334585e-06
44644.68673 7.7805154476131e-06
44658.19905 1.06856805170801e-05
44671.71136 1.54726957527759e-05
44685.22368 8.14304709673472e-06
44698.73599 5.96666642157316e-06
44712.24831 1.18096145455953e-05
44725.76062 1.62125557476053e-05
44739.27293 1.18981708777778e-05
44752.78525 5.53661488919645e-06
44766.29756 1.18657887112887e-05
44779.80988 1.61815731518974e-05
44793.32219 1.44267132397724e-05
44806.83451 7.25740461851304e-06
44820.34682 1.10415172746218e-05
44833.85914 1.848221734199e-05
44847.37145 1.65836083937453e-05
44860.88376 1.07363071375493e-05
44874.39608 1.1335239823155e-05
44887.90839 2.3467149204176e-05
44901.42071 2.05614609104672e-05
44914.93302 1.74833560480926e-05
44928.44534 1.57683068834983e-05
44941.95765 2.46252910818106e-05
44955.46996 2.33413655196391e-05
44968.98228 1.88259689839222e-05
44982.49459 1.77767901847416e-05
44996.00691 2.37677967424834e-05
45009.51922 2.69031165031562e-05
45023.03154 1.84016565618467e-05
45036.54385 1.74484498264415e-05
45050.05617 2.00055139149754e-05
45063.56848 3.09310876056997e-05
45077.08079 1.81293065882552e-05
45090.59311 1.68301256300107e-05
45104.10542 2.03035887476086e-05
45117.61774 2.51426861816392e-05
45131.13005 1.90343834274246e-05
45144.64237 1.35388000179081e-05
45158.15468 1.87502292253849e-05
45171.66699 2.29395008036625e-05
45185.17931 2.23330439567628e-05
45198.69162 1.41203568431633e-05
45212.20394 1.88631220843803e-05
45225.71625 2.59595572247429e-05
45239.22857 2.70614718933667e-05
45252.74088 1.60670425300887e-05
45266.2532 1.43346772906511e-05
45279.76551 2.36393040973893e-05
45293.27782 2.07322228816087e-05
45306.79014 1.81315077400829e-05
45320.30245 1.52516870807141e-05
45333.81477 2.51380100272797e-05
45347.32708 2.8124094828603e-05
45360.8394 2.3754910760783e-05
45374.35171 1.76477324917115e-05
45387.86403 2.11644369969042e-05
45401.37634 2.94618224572648e-05
45414.88865 2.43527959782799e-05
45428.40097 2.16956438141254e-05
45441.91328 2.18571214488589e-05
45455.4256 3.11741922465737e-05
45468.93791 2.60775164571223e-05
45482.45023 2.06033066364066e-05
45495.96254 1.87544964064386e-05
45509.47485 2.32769731793504e-05
45522.98717 2.5459207659716e-05
45536.49948 1.81855102890086e-05
45550.0118 2.06786682190399e-05
45563.52411 2.56630180800112e-05
45577.03643 3.44776490755512e-05
45590.54874 2.56904953747704e-05
45604.06106 2.30612636557637e-05
45617.57337 2.8230337493664e-05
45631.08568 3.12652626415672e-05
45644.598 2.51267918259551e-05
45658.11031 1.63693796069512e-05
45671.62263 2.28113496809386e-05
45685.13494 2.92711802887458e-05
45698.64726 3.34286448363441e-05
45712.15957 2.55336122238956e-05
45725.67188 2.60312073234114e-05
45739.1842 3.91508347302108e-05
45752.69651 3.46535737547173e-05
45766.20883 2.65412275760303e-05
45779.72114 1.83474073411068e-05
45793.23346 2.63271983299603e-05
45806.74577 3.09765652918549e-05
45820.25809 2.99176269600754e-05
45833.7704 2.58287591196954e-05
45847.28271 2.79501150095094e-05
45860.79503 3.97955521478127e-05
45874.30734 3.01409695151538e-05
45887.81966 2.45388342824903e-05
45901.33197 2.01836150501994e-05
45914.84429 2.84977939903732e-05
45928.3566 3.04474380007294e-05
45941.86891 2.49634218804327e-05
45955.38123 2.49152142869662e-05
45968.89354 2.82616408329249e-05
45982.40586 3.70720446717109e-05
45995.91817 2.71727962699334e-05
46009.43049 2.33664165033159e-05
46022.9428 2.36144155445817e-05
46036.45512 2.90523790169239e-05
46049.96743 2.75583819559429e-05
46063.47974 1.8894825451959e-05
46076.99206 2.10219262447387e-05
46090.50437 2.4822701664659e-05
46104.01669 3.13951283592273e-05
46117.529 2.29537060552825e-05
46131.04132 2.12540632469663e-05
46144.55363 2.83525417203643e-05
46158.06595 3.29232691663102e-05
46171.57826 3.19777116406872e-05
46185.09057 2.4151975452136e-05
46198.60289 2.76327503015421e-05
46212.1152 3.23117612855598e-05
46225.62752 3.15302099750603e-05
46239.13983 2.48246685786161e-05
46252.65215 2.14636284615156e-05
46266.16446 2.93635065454117e-05
46279.67677 2.95195040823382e-05
46293.18909 2.55432909087783e-05
46306.7014 1.85813315804709e-05
46320.21372 2.11425117335006e-05
46333.72603 2.90449748393909e-05
46347.23835 2.16944030980152e-05
46360.75066 1.34420511629005e-05
46374.26298 1.03429126162734e-05
46387.77529 1.49774709682324e-05
46401.2876 1.74886698105639e-05
46414.79992 1.30576969452366e-05
46428.31223 1.38513034540617e-05
46441.82455 1.78405045882112e-05
46455.33686 2.90753973874752e-05
46468.84918 2.25054345420158e-05
46482.36149 1.96310292393977e-05
46495.8738 2.11118418141618e-05
46509.38612 2.63129746720239e-05
46522.89843 2.84226999867819e-05
46536.41075 1.83826604782398e-05
46549.92306 1.69948848575021e-05
46563.43538 2.0308645193273e-05
46576.94769 2.49181753898025e-05
46590.46001 1.47824688311969e-05
46603.97232 8.68206707548033e-06
46617.48463 1.37113794792077e-05
46630.99695 2.12739999889748e-05
46644.50926 2.65226144172248e-05
46658.02158 1.47894894183322e-05
46671.53389 1.39567395752714e-05
46685.04621 2.35270790981753e-05
46698.55852 2.68847002144893e-05
46712.07083 2.16052594947111e-05
46725.58315 1.34193268660327e-05
46739.09546 1.69429862196192e-05
46752.60778 2.39023417881493e-05
46766.12009 2.19760904515101e-05
46779.63241 1.53971632141492e-05
46793.14472 1.02058008292741e-05
46806.65704 1.730650718829e-05
46820.16935 2.05627100389355e-05
46833.68166 1.81926011510407e-05
46847.19398 1.44940074049672e-05
46860.70629 1.50613747486634e-05
46874.21861 2.52376550778132e-05
46887.73092 2.13670008444295e-05
46901.24324 1.69109824198428e-05
46914.75555 1.38392061070086e-05
46928.26787 1.74429977666909e-05
46941.78018 2.65677300226272e-05
46955.29249 1.77305654556291e-05
46968.80481 1.52889298057746e-05
46982.31712 1.58304614436028e-05
46995.82944 2.41235883612406e-05
47009.34175 2.41259173968262e-05
47022.85407 1.666499032162e-05
47036.36638 1.63155751904773e-05
47049.87869 1.78459870174578e-05
47063.39101 2.21536409801975e-05
47076.90332 1.6481782565394e-05
47090.41564 1.08911072010088e-05
47103.92795 1.36308382644473e-05
47117.44027 1.60534941147336e-05
47130.95258 1.90326875301906e-05
47144.4649 7.84485353761266e-06
47157.97721 6.49250024270803e-06
47171.48952 1.35861347268562e-05
47185.00184 2.2302679495363e-05
47198.51415 2.18772638608674e-05
47212.02647 1.13909495138921e-05
47225.53878 1.15884655188733e-05
47239.0511 2.32974388000474e-05
47252.56341 2.46686366968408e-05
47266.07572 1.9218730282274e-05
47279.58804 1.31863416223017e-05
47293.10035 1.62714621206097e-05
47306.61267 2.53673517554403e-05
47320.12498 1.92638633061534e-05
47333.6373 1.3012228479512e-05
47347.14961 9.14852537029719e-06
47360.66193 1.66078554421814e-05
47374.17424 2.76192734522542e-05
47387.68655 2.19869177239699e-05
47401.19887 1.77795858884892e-05
47414.71118 1.6305382096724e-05
47428.2235 2.56297369250475e-05
47441.73581 2.398738488865e-05
47455.24813 1.55295593698406e-05
47468.76044 1.34172736044408e-05
47482.27276 1.43722629085593e-05
47495.78507 2.17687713462695e-05
47509.29738 1.45562499172411e-05
47522.8097 8.93721298121165e-06
47536.32201 9.54153179467411e-06
47549.83433 1.24433000572255e-05
47563.34664 2.29818131951999e-05
47576.85896 1.39870556090259e-05
47590.37127 1.13795607550987e-05
47603.88358 1.57729427994699e-05
47617.3959 2.33024012439941e-05
47630.90821 2.8346264292074e-05
47644.42053 1.5693335323548e-05
47657.93284 1.36026440806487e-05
47671.44516 1.81205627974437e-05
47684.95747 2.0418574105666e-05
47698.46979 1.33885232710932e-05
47711.9821 4.82642011776716e-06
47725.49441 4.83125632710601e-06
47739.00673 1.60246943289966e-05
47752.51904 1.97335691427064e-05
47766.03136 1.59302275184399e-05
47779.54367 1.00060227414958e-05
47793.05599 1.23609514398962e-05
47806.5683 2.21317549699444e-05
47820.08061 1.53383937241928e-05
47833.59293 6.77157454708479e-06
47847.10524 4.13225305318677e-06
47860.61756 6.145402972524e-06
47874.12987 1.92202320850814e-05
47887.64219 1.51464033994215e-05
47901.1545 1.04976795532673e-05
47914.66682 8.20053458591514e-06
47928.17913 1.13140306958309e-05
47941.69144 1.84697213950274e-05
47955.20376 1.06107370716819e-05
47968.71607 6.68437787100965e-06
47982.22839 4.25854228813052e-06
47995.7407 8.90558766157005e-06
48009.25302 1.28321362176246e-05
48022.76533 7.82451087251616e-06
48036.27764 7.69676540187925e-06
48049.78996 9.68419041928921e-06
48063.30227 1.62095563181999e-05
48076.81459 1.45718966977289e-05
48090.3269 8.7298368111375e-06
48103.83922 8.43490376256037e-06
48117.35153 1.17740873457972e-05
48130.86385 1.70596697009347e-05
48144.37616 1.2909959092504e-05
48157.88847 7.87270429600257e-06
48171.40079 8.77196905480521e-06
48184.9131 1.54599793271989e-05
48198.42542 1.81262308106286e-05
48211.93773 9.74854366457153e-06
48225.45005 4.02798196371021e-06
48238.96236 5.36961627183274e-06
48252.47468 1.55678738145579e-05
48265.98699 1.7239638061274e-05
48279.4993 7.79474521874294e-06
48293.01162 4.85479177771959e-06
48306.52393 5.85103682467267e-06
48320.03625 1.33372930269573e-05
48333.54856 1.1407055717684e-05
48347.06088 6.25594741651487e-06
48360.57319 4.44272323066372e-06
48374.0855 6.29427693619209e-06
48387.59782 1.82384399945859e-05
48401.11013 1.5348214472013e-05
48414.62245 1.05426646558524e-05
48428.13476 6.31924395560894e-06
48441.64708 9.89905243189423e-06
48455.15939 1.82908698155814e-05
48468.67171 9.83891160437544e-06
48482.18402 7.88187001087149e-06
48495.69633 7.77907784750426e-06
48509.20865 1.21622845929154e-05
48522.72096 2.32883569058155e-05
48536.23328 1.45211822722676e-05
48549.74559 1.10373743887062e-05
48563.25791 1.04621351778748e-05
48576.77022 1.39555758319401e-05
48590.28253 2.64281312771908e-05
48603.79485 1.43891675775058e-05
48617.30716 1.11922746209424e-05
48630.81948 1.44920427439731e-05
48644.33179 1.89985269494569e-05
48657.84411 2.68754406497312e-05
48671.35642 8.95244278894275e-06
48684.86874 6.31873717928497e-06
48698.38105 9.17035146550313e-06
48711.89336 1.5988108921013e-05
48725.40568 2.38896232465384e-05
48738.91799 1.76356994626871e-05
48752.43031 1.40343976577238e-05
48765.94262 2.17719666701878e-05
48779.45494 2.84689815958558e-05
48792.96725 2.93719262195726e-05
48806.47956 1.61866405199342e-05
48819.99188 1.02645847662347e-05
48833.50419 1.54619581569268e-05
48847.01651 2.14010985069291e-05
48860.52882 1.91591432246583e-05
48874.04114 1.05645787885212e-05
48887.55345 5.81632266789111e-06
48901.06577 1.23867898763645e-05
48914.57808 2.21198487158885e-05
48928.09039 1.94194310371997e-05
48941.60271 1.32950014248077e-05
48955.11502 7.9933212617793e-06
48968.62734 1.17579542740112e-05
48982.13965 2.1163928760367e-05
48995.65197 1.59382593910252e-05
49009.16428 1.40199175676844e-05
49022.6766 1.38963324363097e-05
49036.18891 1.97348939784709e-05
49049.70122 3.66660036518493e-05
49063.21354 2.27001556919902e-05
49076.72585 1.63427510151433e-05
49090.23817 1.35602807809262e-05
49103.75048 1.60002317781232e-05
49117.2628 2.65267615019453e-05
49130.77511 1.56750627981956e-05
49144.28742 1.11100451878866e-05
49157.79974 1.13890310999408e-05
49171.31205 1.37580833725676e-05
49184.82437 2.05502269731699e-05
49198.33668 1.39042297714671e-05
49211.849 1.0487003124974e-05
49225.36131 1.23835619327312e-05
49238.87363 1.90489275619914e-05
49252.38594 2.382235644592e-05
49265.89825 1.99584901870279e-05
49279.41057 1.22335462304492e-05
49292.92288 1.39549190606101e-05
49306.4352 2.64468100595572e-05
49319.94751 2.96370391715675e-05
49333.45983 2.2564044295482e-05
49346.97214 1.3612758982813e-05
49360.48445 1.37231991244462e-05
49373.99677 2.07362050861104e-05
49387.50908 2.22540491681453e-05
49401.0214 1.99625061925289e-05
49414.53371 1.22799023957502e-05
49428.04603 1.10092846418863e-05
49441.55834 1.90463480346731e-05
49455.07066 2.61677667485387e-05
49468.58297 2.34239037401685e-05
49482.09528 1.40654142376302e-05
49495.6076 1.15561102025995e-05
49509.11991 1.61974886638093e-05
49522.63223 2.34162991437563e-05
49536.14454 1.87612086958579e-05
49549.65686 1.48918713094586e-05
49563.16917 1.14037147185196e-05
49576.68148 1.58111798308344e-05
49590.1938 2.81251816396723e-05
49603.70611 1.94345154622132e-05
49617.21843 1.70811551271456e-05
49630.73074 1.66799765841228e-05
49644.24306 1.9067168920231e-05
49657.75537 2.6969547463989e-05
49671.26769 1.77178082867921e-05
49684.78 1.10280026246332e-05
49698.29231 1.07052721260467e-05
49711.80463 1.32058440736111e-05
49725.31694 2.10021436424343e-05
49738.82926 1.84171805964357e-05
49752.34157 1.20350522501737e-05
49765.85389 1.24477041658897e-05
49779.3662 1.51094734465539e-05
49792.87852 1.96792908300731e-05
49806.39083 2.15478165928934e-05
49819.90314 1.2139657629424e-05
49833.41546 1.0889432373887e-05
49846.92777 1.59398792418493e-05
49860.44009 2.29083763190214e-05
49873.9524 2.85585312491125e-05
49887.46472 1.5550094645051e-05
49900.97703 1.11536281811025e-05
49914.48934 1.60774470822329e-05
49928.00166 2.33370596965409e-05
49941.51397 2.4721410264012e-05
49955.02629 2.03791786542648e-05
49968.5386 1.49089920937635e-05
49982.05092 1.71100834017068e-05
49995.56323 2.3415627459193e-05
50009.07555 2.08161830563564e-05
50022.58786 1.83303819482099e-05
50036.10017 1.38298887148475e-05
50049.61249 1.39535187362244e-05
50063.1248 2.13044252481049e-05
50076.63712 2.1752671157022e-05
50090.14943 1.81144471583284e-05
50103.66175 1.33596173357131e-05
50117.17406 1.01645563860176e-05
50130.68637 1.63236713788889e-05
50144.19869 2.31063883973561e-05
50157.711 2.05022254619678e-05
50171.22332 1.94809841773269e-05
50184.73563 1.93065510513195e-05
50198.24795 2.25792086527486e-05
50211.76026 3.07722946427116e-05
50225.27258 2.2363389999903e-05
50238.78489 1.75831007724882e-05
50252.2972 1.69808559031968e-05
50265.80952 1.74468219316647e-05
50279.32183 2.18320387440632e-05
50292.83415 1.94856884486624e-05
50306.34646 1.29744596574615e-05
50319.85878 1.2253955204828e-05
50333.37109 1.3976135271186e-05
50346.88341 1.73475388760663e-05
50360.39572 2.39530692611042e-05
50373.90803 1.23235955925497e-05
50387.42035 8.87140934381145e-06
50400.93266 1.16120584118805e-05
50414.44498 1.69449104420013e-05
50427.95729 2.14074616563116e-05
50441.46961 1.58974625439915e-05
50454.98192 1.11554434560505e-05
50468.49423 1.35908358308542e-05
50482.00655 2.10699328508329e-05
50495.51886 2.23940237175125e-05
50509.03118 2.06781714472161e-05
50522.54349 1.23967985676733e-05
50536.05581 1.08125549697126e-05
50549.56812 1.71070081186934e-05
50563.08044 2.21857537506938e-05
50576.59275 2.194134035705e-05
50590.10506 1.68550324579434e-05
50603.61738 1.16765672307388e-05
50617.12969 1.44143009539925e-05
50630.64201 2.02838650987953e-05
50644.15432 1.69049944634213e-05
50657.66664 1.28679433347838e-05
50671.17895 7.44975688281162e-06
50684.69126 6.90116228397934e-06
50698.20358 1.36363036618462e-05
50711.71589 1.99671897390757e-05
50725.22821 1.68922156399931e-05
50738.74052 1.36479812134485e-05
50752.25284 1.15176262200013e-05
50765.76515 1.50750636910187e-05
50779.27747 2.3379412226395e-05
50792.78978 1.61119165485822e-05
50806.30209 1.28901327319527e-05
50819.81441 1.25108970025069e-05
50833.32672 1.36673497786907e-05
50846.83904 1.90209853688139e-05
50860.35135 1.85046676552536e-05
50873.86367 1.33870107177294e-05
50887.37598 1.26934838517289e-05
50900.88829 1.43898023233871e-05
50914.40061 1.88680491848805e-05
50927.91292 2.55464569096377e-05
50941.42524 1.56221135039113e-05
50954.93755 1.12134606441239e-05
50968.44987 1.33726902391314e-05
50981.96218 1.69457750769999e-05
50995.4745 2.16884346552266e-05
