"wave" "response"
5502.00012207031 9.54064043254525e-11
5512.00012207031 3.47426319166296e-11
5522.00012207031 7.26225575819228e-13
5532.00012207031 8.30493814555679e-13
5542.00012207031 8.85157785423266e-13
5552.00012207031 9.10908828278883e-13
5562.00012207031 9.37063817876383e-13
5572.00012207031 9.70672847942448e-13
5582.00012207031 9.72318425734079e-13
5592.00012207031 9.7530517931021e-13
5602.00012207031 1.13817671668503e-12
5612.00012207031 1.29815784601947e-12
5622.00012207031 1.38718851104927e-12
5632.00012207031 1.49317588791714e-12
5642.00012207031 1.67382303414597e-12
5652.00012207031 7.60102955833841e-11
5662.00012207031 8.58082703135582e-10
5672.00012207031 8.14524114411316e-10
5682.00012207031 7.03945219760401e-11
5692.00012207031 7.05653426868754e-11
5702.00012207031 4.10024323400208e-10
5712.00012207031 7.36748353833261e-11
5722.00012207031 3.33244649662268e-10
5732.00012207031 3.87284360201986e-10
5742.00012207031 8.14036064421183e-12
5752.00012207031 1.53185283910202e-11
5762.00012207031 2.88017664653823e-12
5772.00012207031 6.1912989118101e-11
5782.00012207031 3.12165883234132e-10
5792.00012207031 3.19282955662728e-12
5802.00012207031 3.42677919879331e-12
5812.00012207031 3.75706737710149e-12
5822.00012207031 4.16830808149707e-12
5832.00012207031 4.63672348772585e-12
5842.00012207031 5.17710828511675e-12
5852.00012207031 8.74393067504652e-12
5862.00012207031 6.39364910690069e-12
5872.00012207031 6.93269484234245e-12
5882.00012207031 7.37640608882863e-12
5892.00012207031 7.74051158970242e-12
5902.00012207031 3.72132719200997e-10
5912.00012207031 8.36852056153393e-12
5922.00012207031 9.03706111606157e-10
5932.00012207031 6.53466608803305e-10
5942.00012207031 9.18683922170873e-12
5952.00012207031 5.55350100810235e-09
5962.00012207031 6.0263851245993e-10
5972.00012207031 2.02390482736254e-09
5982.00012207031 1.52855786000625e-09
5992.00012207031 9.92519025802641e-12
6002.00012207031 6.9284147494887e-09
6012.00012207031 1.02619454482436e-11
6022.00012207031 1.23276841572525e-09
6032.00012207031 1.06958536766761e-11
6042.00012207031 6.73653135886295e-09
6052.00012207031 1.10531232010041e-09
6062.00012207031 1.12833898070105e-11
6072.00012207031 2.5468085190835e-09
6082.00012207031 3.11665498259981e-09
6092.00012207031 2.40141106243406e-09
6102.00012207031 1.23430723392877e-09
6112.00012207031 3.25935229764229e-09
6122.00012207031 4.61613263367544e-09
6132.00012207031 5.47814416913423e-09
6142.00012207031 7.60544670529681e-09
6152.00012207031 7.4665883525251e-09
6162.00012207031 9.29753978713467e-09
6172.00012207031 4.0252125444961e-09
6182.00012207031 3.19836212666976e-09
6192.00012207031 1.7174564797937e-09
6202.00012207031 2.58560664503325e-09
6212.00012207031 1.5957463753221e-09
6222.00012207031 1.39233521052879e-11
6232.00012207031 5.14757879128378e-09
6242.00012207031 2.76655203371177e-09
6252.00012207031 3.74221077571965e-09
6262.00012207031 1.64632415291556e-09
6272.00012207031 2.22015013806778e-10
6282.00012207031 5.38996118998711e-10
6292.00012207031 6.11338860488966e-09
6302.00012207031 9.89324733151124e-09
6312.00012207031 7.41100788580816e-09
6322.00012207031 1.97177510927342e-09
6332.00012207031 1.08987018266306e-08
6342.00012207031 9.47187575739983e-09
6352.00012207031 7.69475036296259e-09
6362.00012207031 2.56855760314034e-08
6372.00012207031 8.63606932716127e-09
6382.00012207031 2.56272241254535e-08
6392.00012207031 2.18803593608923e-08
6402.00012207031 1.4402755775648e-08
6412.00012207031 1.92814041921219e-08
6422.00012207031 6.40377060594048e-09
6432.00012207031 1.58415365677537e-09
6442.00012207031 1.39673625599465e-08
6452.00012207031 2.01517228688936e-08
6462.00012207031 1.75953343739473e-08
6472.00012207031 1.21855681919548e-08
6482.00012207031 1.42924957308222e-08
6492.00012207031 1.86906415392204e-08
6502.00012207031 1.99277657378533e-08
6512.00012207031 8.20016411636355e-09
6522.00012207031 1.09976574487753e-08
6532.00012207031 6.48267295313098e-09
6542.00012207031 6.86982974732453e-09
6552.00012207031 1.88517971932187e-08
6562.00012207031 1.88463855395136e-08
6572.00012207031 1.08577946581024e-08
6582.00012207031 8.61051534871658e-09
6592.00012207031 1.03883167581015e-08
6602.00012207031 2.23212761346484e-08
6612.00012207031 3.06181445233109e-08
6622.00012207031 1.73516952639635e-08
6632.00012207031 1.62682574170073e-08
6642.00012207031 3.87399782574808e-08
6652.00012207031 2.81691104715753e-08
6662.00012207031 3.18966129860954e-08
6672.00012207031 3.33307449780355e-08
6682.00012207031 3.46976439642204e-08
6692.00012207031 3.31624578133784e-08
6702.00012207031 1.93353623914704e-08
6712.00012207031 1.27346190192289e-08
6722.00012207031 8.55403942574089e-09
6732.00012207031 2.13051559750087e-08
6742.00012207031 2.31278890967269e-08
6752.00012207031 2.1119056206236e-08
6762.00012207031 2.98730021764171e-08
6772.00012207031 2.18123499723266e-08
6782.00012207031 2.07858401578201e-08
6792.00012207031 1.15047413543096e-08
6802.00012207031 9.84405058796264e-09
6812.00012207031 8.8529358974809e-09
6822.00012207031 6.97667338359953e-09
6832.00012207031 1.18404428708828e-08
6842.00012207031 3.16727908886835e-08
6852.00012207031 4.59168390486052e-08
6862.00012207031 1.20936492867298e-08
6872.00012207031 5.53030764223129e-09
6882.00012207031 2.16380517742727e-09
6892.00012207031 2.73584834926092e-08
6902.00012207031 1.91822270586969e-08
6912.00012207031 1.63105769262196e-08
6922.00012207031 1.67852591237092e-08
6932.00012207031 3.88474683241018e-08
6942.00012207031 3.6094272190582e-08
6952.00012207031 1.1605543634232e-08
6962.00012207031 9.75417775601179e-09
6972.00012207031 1.59991353555087e-08
6982.00012207031 2.38776296966243e-08
6992.00012207031 1.08408304237453e-08
7002.00012207031 2.54506530070234e-08
7012.00012207031 9.96942128363145e-09
7022.00012207031 2.03458785652014e-08
7032.00012207031 7.30392360348799e-09
7042.00012207031 2.27476621526172e-08
7052.00012207031 4.36012009449247e-08
7062.00012207031 2.4897807266237e-08
7072.00012207031 4.27619481443978e-08
7082.00012207031 1.30939590148017e-08
7092.00012207031 2.25553972630653e-08
7102.00012207031 2.82722067138925e-08
7112.00012207031 2.33416772823253e-09
7122.00012207031 1.41831567089727e-08
7132.00012207031 1.62417345743423e-08
7142.00012207031 1.39581250903228e-08
7152.00012207031 1.04142550458725e-08
7162.00012207031 1.59859624926912e-08
7172.00012207031 2.79156583826324e-08
7182.00012207031 2.38195139005749e-08
7192.00012207031 4.23335248533767e-08
7202.00012207031 2.38236343316952e-08
7212.00012207031 1.7304903199525e-08
7222.00012207031 1.94130092372079e-08
7232.00012207031 1.82064978584154e-08
7242.00012207031 1.63108325408578e-08
7252.00012207031 2.43458511098498e-08
7262.00012207031 2.35330604414594e-11
7272.00012207031 1.60686041585482e-08
7282.00012207031 1.67533261004761e-08
7292.00012207031 2.5650389615051e-08
7302.00012207031 3.22013710584069e-08
7312.00012207031 3.15780806700044e-08
7322.00012207031 1.14399484486294e-08
7332.00012207031 2.04752342671496e-08
7342.00012207031 9.71607368594811e-09
7352.00012207031 1.38223179927362e-08
7362.00012207031 9.29824075801389e-09
7372.00012207031 1.56869011568062e-09
7382.00012207031 2.32784717644695e-09
7392.00012207031 1.68849537578959e-08
7402.00012207031 3.47537381745643e-08
7412.00012207031 1.07174653685035e-08
7422.00012207031 3.48614343730539e-08
7432.00012207031 8.60123082671121e-09
7442.00012207031 1.33829662163881e-08
7452.00012207031 1.38748548488957e-08
7462.00012207031 1.42046113055028e-08
7472.00012207031 1.83178088752499e-08
7482.00012207031 4.09372037322278e-09
7492.00012207031 1.31280041418754e-08
7502.00012207031 1.87797291481329e-08
7512.00012207031 3.62572283207314e-08
7522.00012207031 1.45633493256668e-08
7532.00012207031 2.26845011433363e-08
7542.00012207031 8.56119910696294e-09
7552.00012207031 2.60428988765304e-08
7562.00012207031 2.09356592352226e-08
7572.00012207031 2.060322156033e-08
7582.00012207031 1.81276629899685e-08
7592.00012207031 1.58848334557266e-08
7602.00012207031 1.13837298112994e-08
7612.00012207031 4.47221348346506e-09
7622.00012207031 1.10683331485478e-08
7632.00012207031 3.53870762564283e-08
7642.00012207031 1.2190421577168e-08
7652.00012207031 1.93304563515737e-08
7662.00012207031 2.587667557518e-08
7672.00012207031 3.37408152931065e-08
7682.00012207031 1.10433942659303e-08
7692.00012207031 9.61688606351755e-09
7702.00012207031 2.67205017504555e-11
7712.00012207031 2.67741555878834e-11
7722.00012207031 8.97288575059318e-09
7732.00012207031 1.47470503706951e-08
7742.00012207031 9.50813015757168e-09
7752.00012207031 1.327527884685e-09
7762.00012207031 4.18194302765237e-09
7772.00012207031 1.26889950141424e-08
7782.00012207031 8.15194194988541e-09
7792.00012207031 9.3090207444578e-09
7802.00012207031 2.28333946095144e-08
7812.00012207031 3.91364806503266e-09
7822.00012207031 2.84877875564067e-09
7832.00012207031 1.20146520201433e-08
7842.00012207031 2.61684886644913e-08
7852.00012207031 1.07193577502379e-08
7862.00012207031 5.07751854982978e-09
7872.00012207031 2.86229073797171e-08
7882.00012207031 2.7387439550751e-08
7892.00012207031 1.01808280354782e-08
7902.00012207031 4.8254040335282e-09
7912.00012207031 2.84438666758594e-08
7922.00012207031 4.54795720453917e-08
7932.00012207031 8.80833043373091e-10
7942.00012207031 3.08174277716409e-09
7952.00012207031 1.692531055266e-09
7962.00012207031 3.52732414682949e-08
7972.00012207031 6.88588159230052e-08
7982.00012207031 2.80739070516029e-08
7992.00012207031 3.29034792613096e-08
8002.00012207031 2.94303904201735e-08
8012.00012207031 2.57022507666128e-08
8022.00012207031 3.38461375656742e-08
8032.00012207031 3.48118136934534e-08
8042.00012207031 3.40383303857481e-08
8052.00012207031 1.35568481080489e-08
8062.00012207031 1.20074612430423e-08
8072.00012207031 6.50458917117462e-09
8082.00012207031 3.96699114862735e-09
8092.00012207031 4.14788448569065e-08
8102.00012207031 2.87103224394845e-08
8112.00012207031 3.79711243612394e-08
8122.00012207031 2.38087943690901e-08
8132.00012207031 4.05857020874475e-08
8142.00012207031 2.03351592958296e-08
8152.00012207031 2.332963320377e-08
8162.00012207031 3.43505683401984e-08
8172.00012207031 5.51813068417131e-08
8182.00012207031 2.45213618549575e-08
8192.00012207031 2.27446268927512e-08
8202.00012207031 2.51393646558431e-08
8212.00012207031 1.58156959156749e-08
8222.00012207031 9.6612083946865e-09
8232.00012207031 2.69996569869464e-09
8242.00012207031 3.22260675927069e-09
8252.00012207031 3.58275144923817e-08
8262.00012207031 1.83693559290088e-08
8272.00012207031 6.80547481824438e-10
8282.00012207031 1.75065647512117e-08
8292.00012207031 3.65199328756171e-08
8302.00012207031 1.97568735731673e-08
8312.00012207031 2.74634401003638e-09
8322.00012207031 7.30180629525416e-09
8332.00012207031 2.87258650483196e-08
8342.00012207031 3.16402590983579e-08
8352.00012207031 4.39266384094241e-08
8362.00012207031 6.38719130606718e-08
8372.00012207031 5.62975096037437e-08
8382.00012207031 4.88670067043648e-08
8392.00012207031 6.09345859588314e-08
8402.00012207031 5.34696877914597e-08
8412.00012207031 3.45932484741269e-08
8422.00012207031 7.14007122363846e-08
8432.00012207031 8.82062701132852e-08
8442.00012207031 1.32163917935686e-07
8452.00012207031 1.78745654340406e-07
8462.00012207031 1.97917583077072e-07
8472.00012207031 2.38175606106577e-07
8482.00012207031 2.33743249725152e-07
8492.00012207031 2.27827622178936e-07
8502.00012207031 1.57275230979737e-07
8512.00012207031 8.17405020670335e-08
8522.00012207031 6.28476315894175e-08
8532.00012207031 2.45600326140782e-08
8542.00012207031 1.70817019416139e-08
8552.00012207031 2.66407936505417e-08
8562.00012207031 1.89877503972169e-08
8572.00012207031 4.98004847261251e-09
8582.00012207031 5.35825265254089e-08
8592.00012207031 3.73223121352388e-08
8602.00012207031 4.59606477317507e-09
8612.00012207031 1.32508323821231e-08
8622.00012207031 1.97938365388173e-08
8632.00012207031 7.30243150527029e-09
8642.00012207031 2.1985135795497e-09
8652.00012207031 1.0601585026851e-09
8662.00012207031 3.05186350503991e-11
8672.00012207031 3.04996531867583e-11
8682.00012207031 3.0511086489252e-11
8692.00012207031 3.0786309198845e-08
8702.00012207031 1.64962181999634e-08
8712.00012207031 3.6626972657177e-09
8722.00012207031 3.10644653437165e-09
8732.00012207031 2.0354288910598e-08
8742.00012207031 1.06195193827096e-08
8752.00012207031 1.7056592522698e-08
8762.00012207031 1.2848125862354e-07
8772.00012207031 6.42828291976221e-08
8782.00012207031 2.81717062660568e-08
8792.00012207031 1.51968439819316e-08
8802.00012207031 3.09866725586058e-11
8812.00012207031 1.48570753335162e-07
8822.00012207031 1.7900949547544e-07
8832.00012207031 5.34259131365972e-08
8842.00012207031 8.77723858181409e-09
8852.00012207031 2.13244908368555e-08
8862.00012207031 1.64948087049725e-07
8872.00012207031 4.20049957883022e-07
8882.00012207031 1.80486176667979e-07
8892.00012207031 3.90940327846018e-07
8902.00012207031 2.09993109241727e-07
8912.00012207031 6.11765372311964e-08
8922.00012207031 3.29637350042856e-08
8932.00012207031 4.24075624969579e-07
8942.00012207031 5.04421806899137e-07
8952.00012207031 3.520660389929e-07
8962.00012207031 1.8280725321436e-07
8972.00012207031 5.6630313506046e-08
8982.00012207031 5.66026714197173e-08
8992.00012207031 2.56748942624965e-08
9002.00012207031 3.15775048032337e-11
9012.00012207031 9.91502513278584e-08
9022.00012207031 5.35492007634057e-08
9032.00012207031 3.91155552157577e-08
9042.00012207031 2.12268893684094e-07
9052.00012207031 4.04440908806922e-07
9062.00012207031 2.15505262945583e-07
9072.00012207031 2.68378851118694e-07
9082.00012207031 1.29245434721199e-07
9092.00012207031 9.3963026373701e-08
9102.00012207031 5.06294464057407e-08
9112.00012207031 3.19596371617574e-11
9122.00012207031 2.34606520586074e-07
9132.00012207031 2.53884637938193e-07
9142.00012207031 1.59922329125893e-07
9152.00012207031 4.91403663255731e-08
9162.00012207031 3.20568940243799e-11
9172.00012207031 1.76303354947257e-07
9182.00012207031 1.20655215265807e-07
9192.00012207031 1.39145395297528e-08
9202.00012207031 3.2139887052446e-11
9212.00012207031 1.36425515076705e-07
9222.00012207031 2.73119416937156e-07
9232.00012207031 1.0706325701109e-07
9242.00012207031 1.91969225016146e-07
9252.00012207031 1.02234862432728e-07
9262.00012207031 2.01417780686867e-08
9272.00012207031 1.6701947208474e-07
9282.00012207031 8.32061185667316e-08
9292.00012207031 3.21264773588769e-11
9302.00012207031 6.46112791170371e-08
9312.00012207031 8.08657484578371e-08
9322.00012207031 2.4113378504588e-07
9332.00012207031 1.73555624257446e-07
9342.00012207031 3.89316228331621e-08
9352.00012207031 2.17701030279949e-07
9362.00012207031 2.13211745853635e-07
9372.00012207031 3.73125848050932e-07
9382.00012207031 6.30057598934955e-07
9392.00012207031 9.96261126252272e-07
9402.00012207031 1.09388659494491e-06
9412.00012207031 1.21961018750341e-06
9422.00012207031 1.60433480163868e-06
9432.00012207031 1.36206350299251e-06
9442.00012207031 1.20739054572404e-06
9452.00012207031 9.39508624402009e-07
9462.00012207031 6.99822862849646e-07
9472.00012207031 6.01192056627763e-07
9482.00012207031 3.66464357949681e-07
9492.00012207031 4.88015098203566e-07
9502.00012207031 5.15957112333459e-07
9512.00012207031 2.38777849845811e-07
9522.00012207031 1.01089096373585e-07
9532.00012207031 1.91851031948893e-07
9542.00012207031 1.98940083976117e-07
9552.00012207031 9.86950953247139e-08
9562.00012207031 2.24823492692145e-07
9572.00012207031 3.78705085540071e-07
9582.00012207031 2.19328884249646e-07
9592.00012207031 7.47648261587715e-08
9602.00012207031 9.74477599054158e-08
9612.00012207031 1.27242171319695e-07
9622.00012207031 4.56379264414055e-08
9632.00012207031 1.52547152009561e-07
9642.00012207031 1.11362389245433e-07
9652.00012207031 2.14301985555073e-07
9662.00012207031 1.06154095000271e-07
9672.00012207031 1.29879965223566e-07
9682.00012207031 2.44137451079871e-07
9692.00012207031 1.57575915021715e-07
9702.00012207031 3.43378384673941e-08
9712.00012207031 3.23365325535903e-11
9722.00012207031 1.26762176725485e-07
9732.00012207031 6.79039251610658e-08
9742.00012207031 8.99611992807073e-08
9752.00012207031 1.35454803098707e-07
9762.00012207031 1.2411443785346e-07
9772.00012207031 1.46831563021266e-07
9782.00012207031 1.28650885724785e-07
9792.00012207031 2.06562775636752e-07
9802.00012207031 1.99646969339749e-07
9812.00012207031 3.88360321449808e-07
9822.00012207031 2.16948971543022e-07
9832.00012207031 2.83967250701418e-07
9842.00012207031 5.84687547062213e-07
9852.00012207031 9.35754735025445e-07
9862.00012207031 1.10598369070495e-06
9872.00012207031 1.07175516129665e-06
9882.00012207031 7.59115962882694e-07
9892.00012207031 6.66250865684125e-07
9902.00012207031 7.36302008969407e-07
9912.00012207031 5.44480396662286e-07
9922.00012207031 2.72626379525349e-07
9932.00012207031 1.35786861596291e-07
9942.00012207031 1.39908587153813e-07
9952.00012207031 5.50742120819051e-08
9962.00012207031 1.96373963378518e-07
9972.00012207031 6.45955641653438e-07
9982.00012207031 8.6701683979826e-07
9992.00012207031 6.76268451826874e-07
10002.0001220703 5.43987773797272e-07
10012.0001220703 7.05550230831307e-07
10022.0001220703 8.04156720666175e-07
10032.0001220703 4.44207032472583e-07
10042.0001220703 6.74471916363261e-07
10052.0001220703 6.09024214865707e-07
10062.0001220703 3.57010595444455e-07
10072.0001220703 4.64103820990751e-07
10082.0001220703 4.60956644658474e-07
10092.0001220703 5.36735592281781e-07
10102.0001220703 6.88590498012242e-07
10112.0001220703 4.65132395167073e-07
10122.0001220703 6.69949971640296e-07
10132.0001220703 9.71147164816306e-07
10142.0001220703 7.06288899794121e-07
10152.0001220703 9.19052252386745e-07
10162.0001220703 1.01691351975053e-06
10172.0001220703 8.577927907978e-07
10182.0001220703 8.23571766638178e-07
10192.0001220703 1.23201873123161e-06
10202.0001220703 7.34508562352973e-07
10212.0001220703 6.27757694470586e-07
10222.0001220703 1.03629000078554e-06
10232.0001220703 5.73998842174352e-07
10241.9995117187 9.10607987715564e-07
10251.9995117188 9.51971902144479e-07
10261.9995117187 4.22074535236111e-07
10271.9995117188 1.25372034249204e-06
10281.9995117187 4.28699218838748e-07
10291.9995117188 5.50172777815691e-07
10301.9995117187 7.16419897139741e-07
10311.9995117188 6.32197523980517e-07
10321.9995117187 2.14632274832181e-07
10331.9995117188 4.03113188999255e-07
10341.9995117188 4.83424210822305e-07
10351.9995117188 2.11781631213394e-07
10361.9995117188 3.18049470007882e-07
10371.9995117188 6.6890485987616e-07
10381.9995117188 2.78558130348182e-07
10391.9995117188 3.42965281065705e-07
10401.9995117188 5.06842807562379e-07
10411.9995117188 6.32631855517889e-07
10421.9995117188 5.50987852345004e-07
10431.9995117188 1.9701250241788e-07
10441.9995117188 4.02073327726115e-07
10451.9995117188 2.17798510544068e-07
10461.9995117188 4.43498021492013e-07
10471.9995117188 4.18912905551675e-07
10481.9995117188 6.23630053389384e-07
10491.9995117188 5.99351040923321e-07
10501.9995117188 9.57143929615749e-07
10511.9995117188 1.10541008210017e-06
10521.9995117188 9.27066356226856e-07
10531.9995117188 7.09469117283239e-07
10541.9995117188 6.57215981110544e-07
10551.9995117188 4.27089157583831e-07
10561.9995117188 5.52908148854862e-07
10571.9995117188 9.96086409287289e-07
10581.9995117188 7.74673857525996e-07
10591.9995117188 7.18117305482423e-07
10601.9995117188 1.08567929633222e-06
10611.9995117188 1.17620483775726e-06
10621.9995117188 7.87229402781092e-07
10631.9995117188 1.13380111543783e-06
10641.9995117188 1.16272606886402e-06
10651.9995117188 1.64357234086095e-06
10661.9995117188 1.10920650991224e-06
10671.9995117188 1.49703261516652e-06
10681.9995117188 1.43604579073682e-06
10691.9995117188 1.44565745656952e-06
10701.9995117188 1.05981647337433e-06
10711.9995117188 1.09608594370986e-06
10721.9995117188 1.11172858225011e-06
10731.9995117188 1.35063356913221e-06
10741.9995117188 1.29544511305464e-06
10751.9995117188 4.61672583088318e-07
10761.9995117188 1.14687328527614e-06
10771.9995117188 1.07612064112105e-06
10781.9995117188 1.08400192799435e-06
10791.9995117188 5.05035246708844e-07
10801.9995117188 8.11070317666132e-07
10811.9995117188 7.41793307724445e-07
10821.9995117188 3.77892539323309e-07
10831.9995117188 6.38795389551905e-07
10841.9995117188 9.39331619391004e-07
10851.9995117188 8.4720961891027e-07
10861.9995117188 6.85157891291832e-07
10871.9995117188 7.89343688501581e-07
10881.9995117188 5.54155351338801e-07
10891.9995117188 6.98427555348135e-07
10901.9995117188 5.09404922691794e-07
10911.9995117188 7.09322522400383e-07
10921.9995117188 5.31700319883513e-07
10931.9995117188 3.78456397452645e-07
10941.9995117188 5.25892610792695e-07
10951.9995117188 3.43039255754473e-07
10961.9995117188 5.8408565399295e-07
10971.9995117188 7.53381680125035e-07
10981.9995117188 5.85430521055512e-07
10991.9995117188 1.35965718588977e-07
11001.9995117188 5.76538265020596e-07
11011.9995117188 2.08140555247525e-07
11021.9995117188 4.36459830638047e-07
11031.9995117188 3.65509401921477e-07
11041.9995117188 5.82869545075932e-07
11051.9995117188 2.17312222168788e-07
11061.9995117188 6.82412177666452e-07
11071.9995117188 9.6079489842711e-07
11081.9995117188 7.63254499640604e-07
11091.9995117188 2.263621202209e-07
11101.9995117188 3.45587586669748e-07
11111.9995117188 5.21929209222549e-07
11121.9995117188 8.77917398871263e-07
11131.9995117188 6.18548220698371e-07
11141.9995117188 7.11015797459209e-07
11151.9995117188 6.76905676142827e-07
11161.9995117188 1.16197520037825e-06
11171.9995117188 1.5975138184164e-06
11181.9995117188 6.84545050878222e-07
11191.9995117188 1.22725654404563e-06
11201.9995117188 1.09535311377587e-06
11211.9995117188 1.22568818997246e-06
11221.9995117188 1.45210233178844e-06
11231.9995117188 1.34010361894479e-06
11241.9995117188 1.55370218186705e-06
11251.9995117188 1.07548385838631e-06
11261.9995117188 1.25801968208575e-06
11271.9995117188 7.25014439685868e-07
11281.9995117188 1.27189531378997e-06
11291.9995117188 8.1528206273691e-07
11301.9995117188 6.40038634505541e-07
11311.9995117188 8.07480797402027e-07
11321.9995117188 6.75244486786245e-07
11331.9995117188 6.47397599802808e-07
11341.9995117188 7.09745358281472e-07
11351.9995117188 7.42398000011119e-07
11361.9995117188 3.6036660967454e-07
11371.9995117187 2.02928872317216e-07
11381.9995117188 4.83544838059395e-07
11391.9995117187 4.55044129086922e-07
11401.9995117188 4.93834966402845e-07
11411.9995117187 4.92507598786955e-07
11421.9995117188 4.67956047392025e-07
11431.9995117187 5.56105081441858e-07
11441.9995117188 2.08656206790835e-07
11451.9995117187 4.19324422973065e-07
11461.9995117188 2.87230180765273e-07
11471.9995117187 4.79560059445794e-07
11481.9995117188 3.52299739881191e-07
11491.9995117187 2.12014343225663e-07
11501.9995117188 5.24071909694452e-07
11511.9995117187 2.82140377601066e-07
11521.9995117188 8.39935893330153e-08
11531.9995117187 5.22571547348029e-07
11541.9995117188 1.67625565876676e-07
11551.9995117187 2.06526246194321e-07
11561.9995117188 6.08438213942092e-07
11571.9995117187 2.29447389709347e-07
11581.9995117188 1.20517597951735e-07
11591.9995117188 2.22786620351712e-07
11601.9995117188 1.78867665746355e-07
11611.9995117188 7.35015760951588e-08
11621.9995117188 3.95112652697731e-07
11631.9995117188 2.70089719632059e-07
11641.9995117188 3.26522443690882e-07
11651.9995117188 3.65970496633015e-07
11661.9995117188 7.79224579657191e-08
11671.9995117188 6.46537589495224e-08
11681.9995117188 5.32713860019862e-07
11691.9995117188 5.50273865001557e-07
11701.9995117188 2.43527091825866e-07
11711.9995117188 2.60668217044384e-07
11721.9995117188 4.33644695956644e-07
11731.9995117188 1.56757535744773e-07
11741.9995117188 7.1203689177683e-07
11751.9995117188 4.43866424035576e-07
11761.9995117188 6.07369347726113e-07
11771.9995117188 3.93277423705566e-07
11781.9995117188 3.2590277663967e-07
11791.9995117188 4.51667153852398e-07
11801.9995117188 4.64756108450711e-07
11811.9995117188 4.6866602002501e-07
11821.9995117188 3.01792278337929e-07
11831.9995117188 4.26195371611121e-07
11841.9995117188 3.03265477531686e-07
11851.9995117188 2.91121941314502e-07
11861.9995117188 6.07395164145798e-08
11871.9995117188 4.18746038010913e-07
11881.9995117188 2.89808465124101e-07
11891.9995117188 3.43229608100547e-07
11901.9995117188 2.31974709342574e-07
11911.9995117188 5.56264459481976e-08
11921.9995117188 5.30735170289584e-07
11931.9995117188 5.30824255210138e-08
11941.9995117188 1.70013594158221e-07
11951.9995117188 5.12305812865334e-07
11961.9995117188 1.43384762386915e-07
11971.9995117188 1.64648743585801e-07
11981.9995117188 4.04721457574329e-07
11991.9995117188 2.00090871443774e-07
12001.9995117188 2.5520713127624e-07
12011.9995117188 2.15747688221114e-07
12021.9995117188 3.17262448225633e-07
12031.9995117188 1.12523437216985e-07
12041.9995117188 2.12521678390636e-07
12051.9995117188 1.53625129706715e-07
12061.9995117188 5.6728575057359e-07
12071.9995117188 1.79185967934645e-07
12081.9995117188 2.28553944018019e-07
12091.9995117188 2.42636745355971e-07
12101.9995117188 2.94722009174283e-07
12111.9995117188 3.16561878123799e-07
12121.9995117188 2.37069385987665e-07
12131.9995117188 5.59293449785446e-08
12141.9995117188 2.65747807204556e-07
12151.9995117188 1.17622578553662e-07
12161.9995117188 3.44446245780454e-07
12171.9995117188 1.06909868913747e-07
12181.9995117188 3.043873932789e-07
12191.9995117188 1.43616816062707e-07
12201.9995117188 1.51212673922409e-07
12211.9995117188 2.13524129844824e-07
12221.9995117188 9.77293937792747e-08
12231.9995117188 3.70021159238561e-07
12241.9995117188 1.99455019408816e-07
12251.9995117188 6.90838299983717e-08
12261.9995117188 6.96696154554083e-07
12271.9995117188 3.21174198475283e-07
12281.9995117188 2.18590336214804e-07
12291.9995117188 5.81513603553888e-07
12301.9995117188 1.54910511849486e-07
12311.9995117188 2.39057071268683e-07
12321.9995117188 4.86149546672363e-07
12331.9995117188 1.10305615438315e-07
12341.9995117188 3.07000123301483e-07
12351.9995117188 3.9443102556309e-07
12361.9995117188 1.66965200546126e-07
12371.9995117188 1.63478091022055e-07
12381.9995117188 2.91914248146745e-07
12391.9995117188 2.25309805340163e-07
12401.9995117188 2.11974158359717e-07
12411.9995117188 3.66183689590462e-07
12421.9995117188 2.11256150871673e-07
12431.9995117188 2.18329140378719e-07
12441.9995117188 3.86074809167186e-07
12451.9995117188 1.70057527096476e-07
12461.9995117188 4.82936045095816e-07
12471.9995117188 1.83903948990183e-07
12481.9995117188 1.88581389261396e-07
12491.9995117188 2.75831482266583e-07
12501.9995117188 3.8009654234193e-07
12511.9995117188 6.60841118882945e-07
12521.9995117188 1.10548096208098e-07
12531.9995117188 5.23258391898876e-07
12541.9995117188 5.50821188301193e-07
12551.9995117188 1.25512513808331e-07
12561.9995117188 1.64443453178714e-07
12571.9995117188 4.56716720311701e-07
12581.9995117188 3.54218836681781e-07
12591.9995117188 2.78241909527793e-07
12601.9995117188 2.80085536517431e-07
12611.9995117188 2.04021792405383e-07
12621.9995117187 2.19600531700652e-07
12631.9995117188 1.48501683094668e-07
12641.9995117187 4.33135912360526e-07
12651.9995117188 2.66462267441159e-07
12661.9995117187 1.10627446976332e-07
12671.9995117188 1.50008654762517e-07
12681.9995117187 5.985960616665e-07
12691.9995117188 3.00217985931208e-07
12701.9995117187 8.02538717511883e-07
12711.9995117188 3.57122085040366e-07
12721.9995117187 1.90651719013085e-07
12731.9995117188 2.51423442778476e-07
12741.9995117187 3.0292323988264e-07
12751.9995117188 2.47496339751652e-07
12761.9995117187 6.41610784502864e-07
12771.9995117188 2.39815428838152e-07
12781.9995117187 4.47582187157575e-07
12791.9995117188 2.46036865107371e-07
12801.9995117187 5.61781942906485e-07
12811.9995117188 4.96499669753291e-07
12821.9995117187 1.06214736025431e-07
12831.9995117188 6.31701534892966e-07
12841.9995117188 5.29736719803594e-07
12851.9995117188 4.80397253595664e-07
12861.9995117188 4.10907405247912e-07
12871.9995117188 1.79561628041487e-07
12881.9995117188 5.59587033616182e-07
12891.9995117188 1.00674969170245e-06
12901.9995117188 1.65903581139604e-07
12911.9995117188 2.90700987462547e-07
12921.9995117188 4.37064720529809e-07
12931.9995117188 5.37764214442976e-07
12941.9995117188 6.49002556241381e-07
12951.9995117188 4.76898137072599e-07
12961.9995117188 1.07374530543582e-07
12971.9995117188 6.58631115951023e-07
12981.9995117188 2.55322069809887e-07
12991.9995117188 2.3255513121275e-07
13001.9995117188 2.57248773900735e-07
13011.9995117188 8.58076753196701e-07
13021.9995117188 3.66938840110172e-07
13031.9995117188 2.78162312501287e-07
13041.9995117188 2.99816426491287e-07
13051.9995117188 3.92637682145888e-07
13061.9995117188 9.04394802020068e-08
13071.9995117188 5.09738565588369e-07
13081.9995117188 7.92314705209931e-07
13091.9995117188 3.03889372935731e-07
13101.9995117188 3.77267148695739e-07
13111.9995117188 3.97855330265658e-07
13121.9995117188 3.64496219149001e-07
13131.9995117188 6.93941921362041e-07
13141.9995117188 6.55440767778267e-07
13151.9995117188 1.59765570365426e-07
13161.9995117188 1.00515742871913e-06
13171.9995117188 8.48560712604926e-07
13181.9995117188 3.27704819393913e-07
13191.9995117188 4.63336237389713e-07
13201.9995117188 3.40767263035969e-07
13211.9995117188 4.47887994895833e-07
13221.9995117188 1.5781680617085e-07
13231.9995117188 9.1684486297562e-08
13241.9995117188 2.89092655195735e-07
13251.9995117188 5.74367749921779e-07
13261.9995117188 5.22817539335589e-07
13271.9995117188 3.20890132693654e-07
13281.9995117188 3.74399153425549e-07
13291.9995117188 1.17553357377765e-07
13301.9995117188 2.90827270026267e-07
13311.9995117188 3.6734012837288e-07
13321.9995117188 1.06706982129343e-06
13331.9995117188 1.7275702767381e-07
13341.9995117188 5.24477249032196e-07
13351.9995117188 2.93608418860784e-07
13361.9995117188 3.21246957564383e-07
13371.9995117188 5.19875784352761e-07
13381.9995117188 5.87531613592284e-07
13391.9995117188 9.80677088043445e-07
13401.9995117188 2.72968607716691e-07
13411.9995117188 3.3482725029334e-07
13421.9995117188 4.60709586343351e-07
13431.9995117188 7.02673022509585e-07
13441.9995117188 6.69258634726863e-07
13451.9995117188 4.23593661637205e-07
13461.9995117188 8.19105936926214e-07
13471.9995117188 6.12741069774607e-07
13481.9995117188 1.87479489627958e-07
13491.9995117188 3.00595466123933e-07
13501.9995117188 3.7509281766125e-07
13511.9995117188 4.16175382419315e-07
13521.9995117188 7.64993980135238e-07
13531.9995117188 2.26371885582554e-07
13541.9995117188 2.54259237841107e-07
13551.9995117188 3.43213208769417e-07
13561.9995117188 6.67549858009248e-07
13571.9995117188 1.28849801506783e-07
13581.9995117188 9.05561910266209e-08
13591.9995117188 4.76871655272854e-07
13601.9995117188 3.91727062371669e-07
13611.9995117188 6.00247375182493e-08
13621.9995117188 4.61787114297235e-07
13631.9995117188 2.92220303763715e-07
13641.9995117188 4.90026747205141e-07
13651.9995117188 4.66427777169239e-07
13661.9995117188 4.90742707590714e-08
13671.9995117188 1.73179456059921e-07
13681.9995117188 5.36345039566727e-07
13691.9995117188 3.95322116408042e-07
13701.9995117188 2.61838892631949e-08
13711.9995117188 8.54049594141656e-07
13721.9995117188 6.12565139534432e-07
13731.9995117188 4.19273631400221e-07
13741.9995117188 5.90053444640268e-07
13751.9995117188 2.49021793284075e-07
13761.9995117188 5.86335217705464e-07
13771.9995117188 4.41403636765681e-07
13781.9995117188 3.4139519184526e-07
13791.9995117188 6.99966036171074e-07
13801.9995117188 5.23811343097384e-07
13811.9995117188 1.69962843397019e-07
13821.9995117188 1.02127800297375e-06
13831.9995117188 7.30786249387272e-07
13841.9995117188 1.75006085512413e-07
13851.9995117188 8.38969703561715e-07
13861.9995117188 4.50808170895228e-07
13871.9995117187 2.63577858797809e-07
13881.9995117188 4.64245670797792e-07
13891.9995117187 8.76456221543719e-07
13901.9995117188 4.84074027666854e-07
13911.9995117187 5.6226118995352e-07
13921.9995117188 1.46132281335259e-07
13931.9995117187 7.40714639339057e-07
13941.9995117188 4.69365660829623e-07
13951.9995117187 7.86522535984034e-07
13961.9995117188 3.71656652453963e-07
13971.9995117187 4.30620499861534e-07
13981.9995117188 3.51860486881871e-07
13991.9995117187 9.8958235781253e-08
14001.9995117188 4.430036422054e-07
14011.9995117187 3.24365284232445e-07
14021.9995117188 6.19792865846272e-07
14031.9995117187 4.68055562933622e-07
14041.9995117188 1.63889563732118e-07
14051.9995117187 8.59047023570275e-07
14061.9995117188 9.06384204222465e-07
14071.9995117187 6.2525808215546e-07
14081.9995117188 6.92829732938326e-07
14091.9995117188 2.58163755403233e-07
14101.9995117188 7.70916978870377e-07
14111.9995117188 3.4029252987799e-07
14121.9995117188 3.54211517181131e-07
14131.9995117188 6.3515089605205e-07
14141.9995117188 6.88179865160542e-07
14151.9995117188 5.10707380315331e-07
14161.9995117188 1.56231509484441e-07
14171.9995117188 7.58151829189494e-07
14181.9995117188 9.0196489642562e-07
14191.9995117188 7.18550040215719e-07
14201.9995117188 1.06520787134958e-06
14211.9995117188 1.25152797168629e-07
14221.9995117188 4.49039079487085e-07
14231.9995117188 6.26390754610118e-07
14241.9995117188 4.92657782245057e-07
14251.9995117188 9.013806788858e-07
14261.9995117188 8.80101595225729e-07
14271.9995117188 4.56400507207899e-07
14281.9995117188 6.34323151142988e-07
14291.9995117188 5.27329348456743e-07
14301.9995117188 4.3909337462178e-07
14311.9995117188 6.04430790775458e-07
14321.9995117188 2.76075899285641e-07
14331.9995117188 7.38549056676554e-07
14341.9995117188 5.90462490201127e-07
14351.9995117188 5.30760492563346e-07
14361.9995117188 6.1335004555696e-07
14371.9995117188 1.09680926318847e-06
14381.9995117188 7.19277325785554e-07
14391.9995117188 3.35044111657652e-07
14401.9995117188 7.15639452698279e-07
14411.9995117188 4.91120059430435e-07
14421.9995117188 3.56484601412403e-07
14431.9995117188 4.35451651203319e-07
14441.9995117188 5.67838621199512e-07
14451.9995117188 5.61621308371258e-07
14461.9995117188 2.45214707351424e-07
14471.9995117188 2.13831477830278e-07
14481.9995117188 5.21227048782094e-07
14491.9995117188 4.79986009793937e-07
14501.9995117188 2.27167447536544e-07
14511.9995117188 2.05185002050295e-07
14521.9995117188 4.69021513208838e-07
14531.9995117188 6.01424585886299e-07
14541.9995117188 2.11965748267007e-07
14551.9995117188 7.14805200735541e-07
14561.9995117188 3.54830705563354e-07
14571.9995117188 7.21370794795591e-07
14581.9995117188 9.67258185594605e-07
14591.9995117188 1.38640398986493e-07
14601.9995117188 1.08170324128849e-06
14611.9995117188 4.0352681497555e-07
14621.9995117188 8.08829257521976e-07
14631.9995117188 4.97438388910682e-07
14641.9995117188 3.90505069315956e-07
14651.9995117188 9.09111656974823e-07
14661.9995117188 5.97179066323026e-07
14671.9995117188 5.69780604141349e-07
14681.9995117188 7.96012953665378e-07
14691.9995117188 2.01257694984062e-07
14701.9995117188 7.06960646331487e-07
14711.9995117188 3.2632574444347e-07
14721.9995117188 6.39033774495511e-07
14731.9995117188 2.92343286250235e-07
14741.9995117188 5.90205267500448e-07
14751.9995117188 3.73002017574904e-07
14761.9995117188 1.05412782964286e-06
14771.9995117188 8.96557850300471e-07
14781.9995117188 2.2086612802213e-07
14791.9995117188 6.50873647971752e-07
14801.9995117188 6.28412893592102e-07
14811.9995117188 1.08187377472838e-06
14821.9995117188 1.12387841459702e-06
14831.9995117188 3.49345836109335e-07
14841.9995117188 2.44839673081285e-07
14851.9995117188 5.8674239093325e-07
14861.9995117188 5.0793084169771e-07
14871.9995117188 2.26246742240981e-07
14881.9995117188 2.12303414354283e-07
14891.9995117188 3.95017837256244e-07
14901.9995117188 1.02745231930818e-06
14911.9995117188 3.57131278725331e-07
14921.9995117188 4.99314014144307e-07
14931.9995117188 4.62076949295281e-07
14941.9995117188 3.05731454941018e-07
14951.9995117188 3.52270050287465e-07
14961.9995117188 5.30293033523111e-07
14971.9995117188 4.78229048019878e-07
14981.9995117188 2.33798717077898e-07
14991.9995117188 2.30357010995771e-07
15001.9995117188 6.77594582774514e-07
15011.9995117188 6.995672126994e-07
15021.9995117188 8.70824108936055e-07
15031.9995117188 4.98426268271356e-07
15041.9995117188 4.59408383661623e-07
15051.9995117188 3.37630274210505e-07
15061.9995117188 6.31370970950211e-07
15071.9995117188 7.77231942757627e-07
15081.9995117188 5.3689243739202e-07
15091.9995117188 1.11974646157555e-06
15101.9995117188 4.52921704771419e-07
15111.9995117188 7.59971076887376e-07
15121.9995117187 2.44370553265106e-07
15131.9995117188 8.56191206984557e-07
15141.9995117187 6.53388677144358e-07
15151.9995117188 5.65350365263225e-07
15161.9995117187 1.1530760904009e-07
15171.9995117188 3.46194321522626e-07
15181.9995117187 6.54322082838828e-07
15191.9995117188 7.6656516315805e-07
15201.9995117187 2.88371074127997e-07
15211.9995117188 4.36119785376637e-07
15221.9995117187 4.03354992616592e-07
15231.9995117188 7.14641033852606e-07
15241.9995117187 5.73709396654033e-07
15251.9995117188 5.18304897547859e-07
15261.9995117187 3.42457540026082e-07
15271.9995117188 5.3659104791426e-07
15281.9995117187 1.01348021275162e-06
15291.9995117188 6.15059297486135e-08
15301.9995117187 7.10931532160403e-07
15311.9995117188 5.8247764837034e-07
15321.9995117187 6.03505344373458e-07
15331.9995117188 2.41777996665337e-07
15341.9995117188 2.74948953417772e-07
15351.9995117188 4.70901867506127e-07
15361.9995117188 8.27846915635804e-07
15371.9995117188 1.96596190857781e-07
15381.9995117188 2.47886633536593e-07
15391.9995117188 2.83331886481388e-07
15401.9995117188 2.38513129149714e-07
15411.9995117188 7.33369571556682e-07
15421.9995117188 4.71915717725987e-07
15431.9995117188 6.49126049141272e-07
15441.9995117188 3.55415458711954e-07
15451.9995117188 2.60321399296256e-07
15461.9995117188 3.84474500302517e-08
15471.9995117188 4.02428043994485e-07
15481.9995117188 9.38784106755414e-07
15491.9995117188 3.45387817724311e-07
15501.9995117188 3.52206211759979e-07
15511.9995117188 6.95886326923393e-07
15521.9995117188 4.32467559324289e-07
15531.9995117188 4.28017186802008e-07
15541.9995117188 3.51228994994159e-07
15551.9995117188 2.9846920108769e-07
15561.9995117188 6.78891245797319e-07
15571.9995117188 7.18213581158995e-08
15581.9995117188 1.56605159635218e-07
15591.9995117188 1.41446618000712e-07
15601.9995117188 2.95274420782586e-07
15611.9995117188 4.70069410170743e-07
15621.9995117188 3.44553671280574e-07
15631.9995117188 1.99301993899184e-07
15641.9995117188 3.88422933668232e-07
15651.9995117188 3.23751926443459e-07
15661.9995117188 3.16153598395318e-07
15671.9995117188 5.33133926229342e-07
15681.9995117188 4.80171524044285e-07
15691.9995117188 1.93086352191631e-07
15701.9995117188 1.39499146236054e-07
15711.9995117188 7.63685130644748e-07
15721.9995117188 3.81927391480703e-07
15731.9995117188 6.77681846604183e-07
15741.9995117188 4.20328296920653e-07
15751.9995117188 9.35229547598537e-07
15761.9995117188 4.68707823536359e-07
15771.9995117188 8.65367684785456e-08
15781.9995117188 5.43007618180707e-07
15791.9995117188 1.3501516713939e-06
15801.9995117188 4.40741364904749e-07
15811.9995117188 1.75534330122802e-07
15821.9995117188 3.34003111346118e-07
15831.9995117188 1.20987844772115e-07
15841.9995117188 7.49144946063233e-07
15851.9995117188 2.44131410822553e-07
15861.9995117188 8.90015830808231e-07
15871.9995117188 2.88418991471519e-07
15881.9995117188 9.85234428068065e-07
15891.9995117188 3.69425449911887e-07
15901.9995117188 4.42237322031612e-07
15911.9995117188 6.76680489869331e-07
15921.9995117188 6.36222990534078e-07
15931.9995117188 1.01644080198316e-06
15941.9995117188 1.09311012941805e-07
15951.9995117188 1.08604742374847e-06
15961.9995117188 6.54838071585596e-07
15971.9995117188 8.74576609857085e-07
15981.9995117188 7.61226194653545e-07
15991.9995117188 6.09292467188701e-07
16001.9995117188 8.97914370402639e-07
16011.9995117188 2.50335749742419e-07
16021.9995117188 1.09100871756407e-06
16031.9995117188 4.00735799331528e-07
16041.9995117188 1.10846419504724e-06
16051.9995117188 9.72394768463691e-07
16061.9995117188 1.91833633911758e-07
16071.9995117188 7.48449209189109e-07
16081.9995117188 8.26208851989225e-07
16091.9995117188 2.93682304321655e-07
16101.9995117188 1.05005794699711e-06
16111.9995117188 7.55116453327863e-07
16121.9995117188 1.38518240666916e-06
16131.9995117188 3.5222069424157e-07
16141.9995117188 1.05345917864079e-06
16151.9995117188 9.72366488876711e-07
16161.9995117188 9.7401549734926e-08
16171.9995117188 1.25410529476305e-06
16181.9995117188 3.09155262849327e-07
16191.9995117188 8.00870982088434e-07
16201.9995117188 8.03513585923445e-08
16211.9995117188 5.08269100472364e-07
16221.9995117188 1.15440166683061e-06
16231.9995117188 4.24628609431621e-07
16241.9995117188 7.1709747153614e-07
16251.9995117188 5.35653061644141e-07
16261.9995117188 1.03736075444352e-06
16271.9995117188 2.05846622819107e-06
16281.9995117188 9.03549947018387e-07
16291.9995117188 9.75541254167938e-07
16301.9995117188 7.85956696302766e-07
16311.9995117188 1.18617728154368e-06
16321.9995117188 6.52209748888802e-07
16331.9995117188 9.91762615625237e-07
16341.9995117188 1.22500974824116e-06
16351.9995117188 1.09010389736604e-06
16361.9995117188 1.14024107495729e-06
16371.9995117187 8.50056423254764e-07
16381.9995117188 9.15735530191958e-07
16391.9995117188 8.74062351051484e-07
16401.9995117188 1.56556651108381e-06
16411.9995117188 6.36078210565888e-07
16421.9995117188 9.15562442150265e-07
16431.9995117188 8.74604312550577e-07
16441.9995117188 9.09470375358158e-07
16451.9995117188 5.18152852998164e-07
16461.9995117188 1.06936569460809e-06
16471.9995117188 1.14904055938794e-06
16481.9995117188 4.31860255433446e-07
16491.9995117188 9.13474982004809e-07
16501.9995117188 1.22233690366997e-06
16511.9995117188 1.06117872472932e-06
16521.9995117188 1.05684207339652e-06
16531.9995117188 8.04264733248113e-07
16541.9995117188 1.15321899381467e-06
16551.9995117188 4.36022103222696e-07
16561.9995117188 7.92760665801074e-07
16571.9995117188 1.15071951262727e-06
16581.9995117188 7.51950576279534e-07
16591.9995117188 8.70856407454569e-07
16601.9995117188 5.68817117905314e-07
16611.9995117188 6.06507107452819e-07
16621.9995117188 6.43910457980283e-07
16631.9995117188 3.44385638215656e-07
16641.9995117188 1.40534959240997e-06
16651.9995117188 6.65009428085337e-07
16661.9995117188 7.58296990282433e-07
16671.9995117188 7.42884322204833e-07
16681.9995117188 7.23842067294025e-07
16691.9995117188 1.08345527548976e-06
16701.9995117188 2.31687890610686e-07
16711.9995117188 6.78144506199084e-07
16721.9995117188 5.93052581038451e-07
16731.9995117188 5.88656533011401e-07
16741.9995117188 5.62805172468317e-07
16751.9995117188 1.08504044985454e-06
16761.9995117188 3.98386541969044e-07
16771.9995117188 1.12194843287515e-06
16781.9995117188 1.01410965578155e-06
16791.9995117188 8.96654887107192e-07
16801.9995117188 9.11657945208976e-07
16811.9995117188 9.71727614622446e-07
16821.9995117188 5.76549922020089e-07
16831.9995117188 8.5766253494616e-07
16841.9995117188 5.9239902841553e-07
16851.9995117188 5.85251196804082e-07
16861.9995117188 4.18398409646973e-07
16871.9995117188 8.20740219619256e-07
16881.9995117188 5.34006299261198e-07
16891.9995117188 4.47383464128971e-07
16901.9995117188 7.05256894011317e-07
16911.9995117188 9.4032000786573e-07
16921.9995117188 1.01682468432645e-06
16931.9995117188 1.14902391453966e-06
16941.9995117188 5.3792359216366e-07
16951.9995117188 2.79813711353731e-07
16961.9995117188 2.82995331737176e-07
16971.9995117188 1.34379880726632e-06
16981.9995117188 4.69664188245462e-07
16991.9995117188 9.40565727714018e-07
17001.9995117188 1.2195390392829e-06
17011.9995117188 5.82924752103642e-07
17021.9995117188 5.67413459560119e-07
17031.9995117188 8.68829317954883e-07
17041.9995117188 1.31495000018744e-07
17051.9995117188 2.73543481962544e-07
17061.9995117188 4.54430499840594e-07
17071.9995117188 1.38041629502438e-06
17081.9995117188 2.31733985781437e-07
17091.9995117188 7.65890854246545e-07
17101.9995117188 5.74534336172868e-07
17111.9995117188 6.08535874704565e-07
17121.9995117188 7.4444654401551e-07
17131.9995117188 5.27710300684927e-07
17141.9995117188 1.01740920775916e-06
17151.9995117188 1.12493268397732e-06
17161.9995117188 5.17993032483254e-07
17171.9995117188 5.7980489815123e-07
17181.9995117188 3.9348355699363e-07
17191.9995117188 8.53076720421022e-07
17201.9995117188 3.78375112085125e-07
17211.9995117188 8.87949763799807e-07
17221.9995117188 6.2886277515262e-07
17231.9995117188 5.47124634280386e-07
17241.9995117188 8.82766710403969e-07
17251.9995117188 1.40156023335116e-06
17261.9995117188 6.20210849145618e-07
17271.9995117188 5.47344600700776e-07
17281.9995117188 6.28782986046257e-07
17291.9995117188 1.43029008710673e-07
17301.9995117188 7.39049974332682e-07
17311.9995117188 7.0275711578622e-07
17321.9995117188 4.85655119674355e-07
17331.9995117188 1.06454753535923e-07
17341.9995117188 6.50489887909873e-07
17351.9995117188 8.97697271413224e-07
17361.9995117188 8.37232513476541e-07
17371.9995117188 7.34361487705783e-07
17381.9995117188 8.43349048532158e-07
17391.9995117188 4.75927259063519e-07
17401.9995117188 6.45488578169631e-07
17411.9995117188 1.25404716161459e-06
17421.9995117188 7.78576249019923e-07
17431.9995117188 5.16160055205948e-07
17441.9995117188 3.16946615635678e-07
17451.9995117188 9.77266587580827e-07
17461.9995117188 4.87815574902214e-07
17471.9995117188 4.00732667274446e-07
17481.9995117188 3.84634989785142e-07
17491.9995117188 5.36875489225778e-07
17501.9995117188 2.77231768429122e-07
17511.9995117188 5.58013459402985e-07
17521.9995117188 3.56926266336508e-07
17531.9995117188 6.97381575115434e-07
17541.9995117188 1.01296819730316e-06
17551.9995117188 1.20695369254485e-06
17561.9995117188 6.55823893510889e-07
17571.9995117188 5.34170280029203e-07
17581.9995117188 1.45343171459458e-06
17591.9995117188 8.61337891293029e-07
17601.9995117188 6.68934773309032e-07
17611.9995117188 1.14556217517313e-06
17621.9995117188 5.79318502273232e-07
17631.9995117188 6.96660514785446e-07
17641.9995117188 6.85921564929137e-07
17651.9995117188 5.79325641001882e-07
17661.9995117188 1.27091505612571e-06
17671.9995117188 1.21291575411401e-06
17681.9995117188 4.28547010465339e-07
17691.9995117188 4.44955753988039e-07
17701.9995117188 8.72571168353161e-07
17711.9995117188 1.00947058531627e-06
17721.9995117188 4.2678310891721e-07
17731.9995117188 6.58282230697995e-07
17741.9995117188 1.07032868054458e-06
17751.9995117188 1.36807323115308e-06
17761.9995117188 5.54955313930922e-07
17771.9995117188 8.30478898696701e-07
17781.9995117188 3.39281535401888e-07
17791.9995117188 1.17555387153881e-06
17801.9995117188 5.7921002798544e-07
17811.9995117188 1.07749522613007e-06
17821.9995117188 1.0377745547922e-06
17831.9995117188 1.90001659172863e-06
17841.9995117188 8.25435926346952e-07
17851.9995117188 2.11989563480315e-07
17861.9995117188 1.28369302532019e-06
17871.9995117188 1.28224105101034e-06
17881.9995117188 9.50465437753292e-07
17891.9995117188 6.68172971469976e-07
17901.9995117188 7.61281346675744e-07
17911.9995117188 1.35852512420853e-06
17921.9995117188 1.26104445188041e-06
17931.9995117188 2.1878834411617e-06
17941.9995117188 2.23834033723028e-06
17951.9995117188 2.47955990455031e-07
17961.9995117188 1.041955560266e-06
17971.9995117188 1.17404360647476e-06
17981.9995117188 1.10442531676511e-06
17991.9995117188 1.31937332721374e-06
18001.9995117188 1.85957475072073e-06
18011.9995117188 6.1189201899466e-07
18021.9995117188 7.62420831863007e-07
18031.9995117188 1.42902239217588e-06
18041.9995117188 1.75235860012583e-06
18051.9995117188 9.61236462344144e-07
18061.9995117188 2.13056786019932e-06
18071.9995117188 1.13857021778796e-06
18081.9995117188 1.88943389556831e-06
18091.9995117188 2.11896532965781e-06
18101.9995117188 2.01440127848289e-06
18111.9995117188 7.98734738533587e-07
18121.9995117188 2.30288874273851e-06
18131.9995117188 2.35775313076155e-06
18141.9995117188 1.75522147412418e-06
18151.9995117188 1.65237829030886e-06
18161.9995117188 2.37952206918788e-06
18171.9995117188 2.02112653513509e-06
18181.9995117188 3.68198533219495e-06
18191.9995117188 4.44680589071179e-06
18201.9995117188 5.56545526404564e-06
18211.9995117188 6.58020073247265e-06
18221.9995117188 8.12631694606827e-06
18231.9995117188 1.12568756862334e-05
18241.9995117188 1.2710534037244e-05
18251.9995117188 1.75003257829047e-05
18261.9995117188 1.91958176421719e-05
18271.9995117188 2.46338247516182e-05
18281.9995117188 3.09421522148104e-05
18291.9995117188 3.67928716781059e-05
18301.9995117188 4.58124456001468e-05
18311.9995117188 5.46281213706731e-05
18321.9995117188 6.93975824475254e-05
18331.9995117188 8.23184008895812e-05
18341.9995117188 0.000103147796454077
18351.9995117188 0.000131861277044375
18361.9995117188 0.000171293296331096
18371.9995117188 0.000219328332005552
18381.9995117188 0.000298494325410269
18391.9995117188 0.000421847192858384
18401.9995117188 0.000622217219864808
18411.9995117188 0.00094950725581527
18421.9995117188 0.00151122211551762
18431.9995117188 0.0024491787122243
18441.9995117188 0.00390198484551674
18451.9995117188 0.0060673665759114
18461.9995117188 0.00905614724640319
18471.9995117188 0.0126345208563214
18481.9995117188 0.0163208408355824
18491.9995117188 0.0200583026277281
18501.9995117188 0.023646011847066
18511.9995117188 0.0276376892539467
18521.9995117188 0.0316866221215934
18531.9995117188 0.0359896002832706
18541.9995117188 0.0396152262660719
18551.9995117188 0.0464873153617477
18561.9995117188 0.0538329772605145
18571.9995117188 0.0638679148543474
18581.9995117188 0.0754184521550181
18591.9995117188 0.0917678435940736
18601.9995117188 0.112155486969988
18611.9995117188 0.140973129825974
18621.9995117188 0.176981402645527
18631.9995117188 0.221947806799369
18641.9995117188 0.278332470759654
18651.9995117188 0.330400271332141
18661.9995117188 0.378472056107389
18671.9995117188 0.413301538565299
18681.9995117188 0.434989248224108
18691.9995117188 0.44548964604558
18701.9995117188 0.452086544448874
18711.9995117188 0.453964590318437
18721.9995117188 0.453914719844728
18731.9995117188 0.454271983239967
18741.9995117188 0.4533253066764
18751.9995117188 0.452206341614524
18761.9995117188 0.449516732358026
18771.9995117188 0.44544858855807
18781.9995117188 0.437418792875824
18791.9995117188 0.425540914806606
18801.9995117188 0.404255341995095
18811.9995117188 0.373641017699451
18821.9995117188 0.332360993325294
18831.9995117188 0.284806800041342
18841.9995117188 0.236790250935717
18851.9995117188 0.19328537022856
18861.9995117188 0.157640543109046
18871.9995117188 0.128755495547712
18881.9995117188 0.10703309320806
18891.9995117188 0.0891157362892103
18901.9995117188 0.0760266549854206
18911.9995117188 0.0650723484560791
18921.9995117188 0.05693692012333
18931.9995117188 0.0494130093153498
18941.9995117188 0.0433947305523289
18951.9995117188 0.0373836421698575
18961.9995117188 0.0317835612933639
18971.9995117188 0.0266474100168007
18981.9995117188 0.0216911646927388
18991.9995117188 0.0170192913088216
19001.9995117188 0.0125226224188408
19011.9995117188 0.00889334379815168
19021.9995117188 0.00608921052983824
19031.9995117188 0.0040611426134172
19041.9995117188 0.00261501999376642
19051.9995117188 0.00169349595645172
19061.9995117188 0.00111099102690301
19071.9995117188 0.000741077688715997
19081.9995117188 0.000508554538428708
19091.9995117188 0.00036259175037697
19101.9995117188 0.000260952267909684
19111.9995117188 0.000196140270242491
19121.9995117188 0.00014917275221699
19131.9995117188 0.000115320500739884
19141.9995117188 9.02798364071878e-05
19151.9995117188 7.31223581695215e-05
19161.9995117188 5.91968022900395e-05
19171.9995117188 4.74821713434621e-05
19181.9995117188 3.8092183631342e-05
19191.9995117188 2.86270389471755e-05
19201.9995117188 2.61475294136045e-05
19211.9995117188 2.07982598864688e-05
19221.9995117188 1.56196994928731e-05
19231.9995117188 1.34582997274559e-05
19241.9995117188 1.03545047911887e-05
19251.9995117188 7.72475140093945e-06
19261.9995117188 6.03536767932896e-06
19271.9995117188 6.342487851883e-06
19281.9995117188 5.20091512236232e-06
19291.9995117188 4.63858033090731e-06
19301.9995117188 2.96898485451238e-06
19311.9995117188 4.34570029855e-06
19321.9995117188 3.83056152448365e-06
19331.9995117188 2.12280362396761e-06
19341.9995117188 1.72592860012884e-06
19351.9995117188 3.73490984973995e-06
19361.9995117188 3.03251060195817e-06
19371.9995117188 1.20018215430703e-06
19381.9995117188 3.0053528499918e-06
19391.9995117188 1.34893200584228e-06
19401.9995117188 1.9791891237707e-06
19411.9995117188 1.47435344916097e-06
19421.9995117188 2.67201143530974e-06
19431.9995117188 7.06149171675087e-07
19441.9995117188 1.67823328266529e-06
19451.9995117188 5.4356224244154e-07
19461.9995117188 1.37706304767692e-06
19471.9995117188 1.57257111508509e-06
19481.9995117188 3.53558056700342e-07
19491.9995117188 1.71087310058023e-06
19501.9995117188 2.6991324165567e-06
19511.9995117188 8.21117469723729e-07
19521.9995117188 7.24592920406506e-07
19531.9995117188 2.1496508853365e-06
19541.9995117188 1.22754391221194e-06
19551.9995117188 1.25473153528704e-06
19561.9995117188 8.0816960391893e-07
19571.9995117188 5.34593086003703e-08
19581.9995117188 7.61776687366036e-07
19591.9995117188 1.56052510793869e-06
19601.9995117188 2.18232740127112e-06
19611.9995117188 5.690413326608e-07
19621.9995117188 1.07669251454105e-06
19631.9995117188 4.39214965857862e-07
19641.9995117188 9.28693691258418e-07
19651.9995117188 1.92431014762603e-06
19661.9995117188 9.73096377244614e-07
19671.9995117188 1.07946717074281e-06
19681.9995117188 1.1474535185418e-06
19691.9995117188 2.07388710596906e-06
19701.9995117188 1.26366969479713e-06
19711.9995117188 4.53804218872823e-07
19721.9995117188 1.03094203981443e-06
19731.9995117188 6.22902026411828e-08
19741.9995117188 2.23519614792973e-06
19751.9995117188 3.02566530015155e-08
19761.9995117188 2.49915136788771e-06
19771.9995117188 1.71937531860268e-06
19781.9995117188 5.18062670371347e-07
19791.9995117188 1.01489040695423e-06
19801.9995117188 2.26641922148629e-06
19811.9995117188 2.34644439136678e-06
19821.9995117188 2.40805601571048e-07
19831.9995117188 2.17353039995343e-06
19841.9995117188 1.60697389898497e-06
19851.9995117188 1.6777729140338e-06
19861.9995117188 1.21829683835897e-06
19871.9995117188 1.05376928294699e-06
19881.9995117188 7.7420395898915e-07
19891.9995117188 1.04325425065778e-06
19901.9995117188 9.81810922027755e-07
19911.9995117188 2.6531262534634e-06
19921.9995117188 2.00618390492369e-06
19931.9995117188 1.18720677286232e-06
19941.9995117188 2.12336019454129e-07
19951.9995117188 1.99884373137703e-06
19961.9995117188 1.04053736669936e-06
19971.9995117188 4.66625593060639e-07
19981.9995117188 2.25331012200724e-06
19991.9995117188 2.92534050872476e-07
20001.9995117188 5.9994918402296e-07
20011.9995117188 2.76172151882201e-06
20021.9995117188 1.10652126383616e-06
20031.9995117188 7.84524460202447e-08
20041.9995117188 2.9306897925609e-06
20051.9995117188 2.26376050180479e-07
20061.9995117188 1.91383399517614e-06
20071.9995117188 2.36802684626341e-06
20081.9995117188 2.12586683931889e-06
20091.9995117188 1.43432090305648e-06
20101.9995117188 2.08639025921475e-06
20111.9995117188 1.16062761513858e-06
20121.9995117188 8.42444780940735e-07
20131.9995117187 3.48757378746486e-06
20141.9995117188 6.69292253829997e-07
20151.9995117188 1.22820118465899e-06
20161.9995117188 1.67856157819968e-07
20171.9995117187 1.46122243365958e-06
20181.9995117188 1.2976322704637e-06
20191.9995117188 1.67406882178515e-06
20201.9995117188 1.8842281523947e-06
20211.9995117187 1.37665868149861e-06
20221.9995117188 1.73271904824622e-06
20231.9995117188 1.53087477795762e-06
20241.9995117188 1.31126457450284e-06
20251.9995117187 1.57517517343988e-06
20261.9995117188 3.6740226772133e-06
20271.9995117188 5.13002163180273e-07
20281.9995117188 1.50616476491199e-06
20291.9995117187 1.37269227164136e-06
20301.9995117188 6.97322154609011e-07
20311.9995117188 1.27578968476909e-06
20321.9995117188 7.51489449477551e-08
20331.9995117187 9.98984453030018e-07
20341.9995117188 2.40899413474299e-06
20351.9995117188 1.2026279151666e-06
20361.9995117188 5.64009388936425e-07
20371.9995117187 3.65960625542913e-06
20381.9995117188 4.49515112490457e-07
20391.9995117188 1.91033147165778e-06
20401.9995117188 2.20191158694291e-06
20411.9995117187 8.94194853114001e-07
20421.9995117188 2.33751284579979e-06
20431.9995117188 1.09699434819865e-06
20441.9995117188 1.0585084474844e-06
20451.9995117187 3.08751274407388e-06
20461.9995117188 2.92971296137928e-06
20471.9995117188 2.52704427305613e-07
20481.9995117188 9.42681230746947e-07
20491.9995117187 1.9835142142696e-06
20501.9995117188 7.86416090118196e-07
20511.9995117188 1.52716918622687e-06
20521.9995117188 8.07992697508876e-07
20531.9995117187 1.14701857837905e-06
20541.9995117188 2.62390263674225e-06
20551.9995117188 8.23522847727988e-07
20561.9995117188 1.50922681920135e-06
20571.9995117188 1.54554808679209e-06
20581.9995117188 2.48598986520367e-06
20591.9995117188 3.01082616161643e-06
20601.9995117188 2.80278891934718e-06
20611.9995117188 2.75727449057184e-07
20621.9995117188 2.56724935919476e-06
20631.9995117188 8.69716945747486e-07
20641.9995117188 2.26622900321373e-07
20651.9995117188 3.57932412200389e-06
20661.9995117188 3.48009970148404e-07
20671.9995117188 1.52944850858916e-06
20681.9995117188 2.50886396125677e-07
20691.9995117188 7.20618989966975e-07
20701.9995117188 8.85332949997586e-07
20711.9995117188 2.2805828983506e-06
20721.9995117188 1.58116258085414e-06
20731.9995117188 1.73864019302159e-06
20741.9995117188 2.23147462377957e-06
20751.9995117188 1.64186404953037e-06
20761.9995117188 6.42746889688816e-07
20771.9995117188 2.6413743448334e-06
20781.9995117188 1.36871690567768e-06
20791.9995117188 1.53878893323101e-06
20801.9995117188 1.66216027908704e-06
20811.9995117188 3.25403721261798e-06
20821.9995117188 2.11356761425692e-06
20831.9995117188 9.30382316769314e-08
20841.9995117188 2.94763761025669e-07
20851.9995117188 2.4954497993373e-06
20861.9995117188 1.72752206948211e-06
20871.9995117188 1.9386779674538e-06
20881.9995117188 9.23516704217605e-07
20891.9995117188 1.93477834226882e-06
20901.9995117188 4.42696188807875e-06
20911.9995117188 1.12591767514796e-06
20921.9995117188 2.60587223491571e-06
20931.9995117188 1.31841539887764e-06
20941.9995117188 9.10632288649367e-07
20951.9995117188 1.47207870545757e-06
20961.9995117188 1.52291421510833e-06
20971.9995117188 2.87524107010309e-06
20981.9995117188 4.64868453178901e-07
20991.9995117188 1.28609145413379e-06
21001.9995117188 1.58253364613985e-06
21011.9995117188 1.62212803160119e-06
21021.9995117188 2.20393795421009e-07
21031.9995117188 1.05470475171636e-06
21041.9995117188 2.90997282673818e-07
21051.9995117188 3.13553348556513e-06
21061.9995117188 3.71384572280561e-07
21071.9995117188 1.93504215775198e-06
21081.9995117188 3.48067711421643e-06
21091.9995117188 6.18050062836438e-07
21101.9995117188 7.62315604029226e-07
21111.9995117188 3.76722816187805e-07
21121.9995117188 2.52699261406595e-07
21131.9995117188 1.67103535778996e-06
21141.9995117188 1.64276295253003e-06
21151.9995117188 1.95784360442396e-06
21161.9995117188 3.76300946389885e-06
21171.9995117188 1.33499087235914e-06
21181.9995117188 3.45764951674629e-07
21191.9995117188 3.12477926002705e-06
21201.9995117188 6.1086335957448e-07
21211.9995117188 3.34251067645333e-06
21221.9995117188 2.7377654661974e-06
21231.9995117188 5.52304204955963e-07
21241.9995117188 4.22770725402464e-06
21251.9995117188 1.69698853641767e-06
21261.9995117188 1.2165397744078e-06
21271.9995117188 2.19185193879966e-06
21281.9995117188 4.76051864347667e-06
21291.9995117188 2.64950298818494e-06
21301.9995117188 1.23650222735153e-06
21311.9995117188 3.52243306025432e-06
21321.9995117188 1.13722962584863e-06
21331.9995117188 1.96642169518969e-06
21341.9995117188 4.18387417706842e-06
21351.9995117188 3.17323271472777e-06
21361.9995117188 2.41082505172877e-06
21371.9995117188 2.96467635917394e-06
21381.9995117187 3.33450008568978e-06
21391.9995117188 2.63800340497409e-06
21401.9995117188 2.7778002851771e-06
21411.9995117188 3.00598649622471e-06
21421.9995117187 1.59250778542133e-06
21431.9995117188 2.31191736326668e-06
21441.9995117188 3.61614425956158e-06
21451.9995117188 1.68162557926551e-06
21461.9995117187 1.46850944577702e-06
21471.9995117188 3.18291441863335e-06
21481.9995117188 2.15807989161916e-06
21491.9995117188 1.7022244929005e-06
21501.9995117187 2.70442556930347e-06
21511.9995117188 1.88268167258809e-06
21521.9995117188 2.79213915904305e-06
21531.9995117188 2.62641865167412e-06
21541.9995117187 2.17008539508741e-06
21551.9995117188 2.34695963898774e-06
21561.9995117188 3.33626906052079e-06
21571.9995117188 2.00904378350791e-06
21581.9995117187 2.38711582729372e-06
21591.9995117188 4.26297615223088e-06
21601.9995117188 4.5246984084955e-06
21611.9995117188 6.27859386959407e-07
21621.9995117187 2.40445825117943e-06
21631.9995117188 7.37792428699259e-07
21641.9995117188 2.09475166725891e-06
21651.9995117188 3.21732737334151e-07
21661.9995117187 3.19909241459891e-06
21671.9995117188 2.08389873315726e-06
21681.9995117188 2.11455665851981e-06
21691.9995117188 3.57152863369542e-06
21701.9995117187 1.47155497325035e-06
21711.9995117188 3.13474621410145e-06
21721.9995117188 4.11474693735928e-06
21731.9995117188 2.25615565325773e-06
21741.9995117187 1.8858972253221e-06
21751.9995117188 3.40583038874204e-06
21761.9995117188 3.54541296176236e-06
21771.9995117188 2.43724707281656e-06
21781.9995117187 2.32337757724471e-06
21791.9995117188 3.92878102838304e-06
21801.9995117188 2.6776073227328e-06
21811.9995117188 3.22062607033981e-06
21821.9995117188 2.59915809035446e-06
21831.9995117188 1.706914367825e-06
21841.9995117188 2.31524196545958e-06
21851.9995117188 3.29395219781374e-06
21861.9995117188 1.96958873333971e-06
21871.9995117188 1.01610091589741e-06
21881.9995117188 1.42374351212721e-06
21891.9995117188 2.09683697889037e-06
21901.9995117188 4.55093507999262e-06
21911.9995117188 2.09298012133919e-06
21921.9995117188 4.43122178053231e-06
21931.9995117188 2.65008539847982e-06
21941.9995117188 7.61865022691988e-07
21951.9995117188 1.00579931731773e-06
21961.9995117188 2.84969698285777e-06
21971.9995117188 1.97607684547652e-06
21981.9995117188 2.03969339571733e-06
21991.9995117188 3.35768218179337e-06
22001.9995117188 8.82703101275742e-07
22011.9995117188 3.92527937030251e-06
22021.9995117188 6.93278789326401e-07
22031.9995117188 2.83028197621391e-06
22041.9995117188 1.5334159451452e-06
22051.9995117188 1.70563477446577e-06
22061.9995117188 6.63925960062916e-07
22071.9995117188 3.0932061450131e-06
22081.9995117188 2.31765765600425e-06
22091.9995117188 3.70129102757887e-06
22101.9995117188 1.3900076221058e-06
22111.9995117188 2.56070586245811e-06
22121.9995117188 5.2560202785673e-06
22131.9995117188 2.13399872813158e-06
22141.9995117188 3.57157839059768e-06
22151.9995117188 9.13782213398234e-07
22161.9995117188 5.05461567127842e-06
22171.9995117188 1.20973733789971e-06
22181.9995117188 5.84611448829506e-06
22191.9995117188 1.54907879546023e-06
22201.9995117188 1.76644516300253e-06
22211.9995117188 6.19740943197202e-07
22221.9995117188 2.6653763832279e-06
22231.9995117188 2.38529707222007e-06
22241.9995117188 8.28617579063557e-07
22251.9995117188 3.40332760762065e-06
22261.9995117188 4.07531161775023e-06
22271.9995117188 1.30568870690879e-06
22281.9995117188 4.23815114313346e-07
22291.9995117188 2.02342236839302e-06
22301.9995117188 4.58202022676855e-06
22311.9995117188 2.62572435645083e-06
22321.9995117188 1.87062428857597e-06
22331.9995117188 8.58303435142518e-06
22341.9995117188 6.32440923961852e-08
22351.9995117188 1.68172101136864e-06
22361.9995117188 8.3200108396488e-07
22371.9995117188 1.03936068811889e-06
22381.9995117188 7.74753571808163e-07
22391.9995117188 5.10302835794521e-06
22401.9995117188 1.88523481069099e-06
22411.9995117188 5.79194779478613e-06
22421.9995117188 3.47942583146438e-06
22431.9995117188 6.51502451011908e-08
22441.9995117188 2.28607380692239e-06
22451.9995117188 3.30563890249058e-06
22461.9995117188 2.9390209359215e-06
22471.9995117188 1.67418894718005e-06
22481.9995117188 2.14174875798535e-06
22491.9995117188 2.38003340376815e-06
22501.9995117188 1.78651991714716e-06
22511.9995117188 2.63660639160121e-06
22521.9995117188 1.5561979274906e-06
22531.9995117188 1.88919674140648e-06
22541.9995117188 1.32770907387174e-06
22551.9995117188 5.30819553296902e-06
22561.9995117188 5.09858848821718e-06
22571.9995117188 1.09044949928774e-06
22581.9995117188 2.10214603415769e-06
22591.9995117188 8.43180910619012e-06
22601.9995117188 2.2440070133446e-06
22611.9995117188 7.74776749237757e-06
22621.9995117188 1.85439581353621e-06
22631.9995117187 7.36105300617818e-07
22641.9995117188 4.21035003704974e-06
22651.9995117188 3.95811415114642e-06
22661.9995117188 6.92559595245061e-06
22671.9995117187 7.9319072948729e-06
22681.9995117188 3.47705669702407e-07
22691.9995117188 3.24403008295868e-06
22701.9995117188 7.92573190917982e-06
22711.9995117187 1.10940246896934e-06
22721.9995117188 8.30445787077375e-07
22731.9995117188 2.43377916832215e-06
22741.9995117188 3.77116822548529e-06
22751.9995117187 1.90195526683535e-06
22761.9995117188 2.58525694833996e-06
22771.9995117188 2.86584084261368e-06
22781.9995117188 2.01898277590171e-06
22791.9995117187 2.58642235037171e-06
22801.9995117188 3.3708644376309e-06
22811.9995117188 2.52039430426483e-06
22821.9995117188 2.77089307651772e-06
22831.9995117187 3.42195349870003e-06
22841.9995117188 3.72319618858378e-06
22851.9995117188 1.96411716160117e-07
22861.9995117188 2.89775572116004e-06
22871.9995117187 1.21709653234588e-06
22881.9995117188 1.3980066683672e-06
22891.9995117188 3.02669472551158e-06
22901.9995117188 2.07870538196141e-06
22911.9995117187 1.66884078835201e-06
22921.9995117188 1.96999619849834e-06
22931.9995117188 3.26628031400159e-06
22941.9995117188 2.04855270014599e-06
22951.9995117187 2.12816361022362e-06
22961.9995117188 1.64983298214697e-06
22971.9995117188 7.56580546758339e-07
22981.9995117188 1.96009078356659e-06
22991.9995117187 1.60636201375871e-06
23001.9995117188 3.17377998318116e-06
23011.9995117188 5.49622827681657e-07
23021.9995117188 2.44696432785519e-06
23031.9995117187 5.65140973207336e-07
23041.9995117188 1.80625310657752e-06
23051.9995117188 9.23212170259156e-07
23061.9995117188 2.27689790765558e-06
23071.9995117188 6.72207334738657e-07
23081.9995117188 1.44968187119353e-06
23091.9995117188 7.98397784824753e-07
23101.9995117188 1.99037676940154e-06
23111.9995117188 2.78386062555107e-07
23121.9995117188 1.64607000060357e-06
23131.9995117188 1.02993437309327e-06
23141.9995117188 1.34893456548977e-06
23151.9995117188 1.8448704965456e-06
23161.9995117188 1.31434885566973e-06
23171.9995117188 2.59686860535891e-06
23181.9995117188 1.48545976512083e-06
23191.9995117188 6.42460468143251e-07
23201.9995117188 1.32070305668757e-06
23211.9995117188 2.32326342446423e-06
23221.9995117188 8.06855543594709e-07
23231.9995117188 1.51722407994541e-06
23241.9995117188 8.20373139709023e-07
23251.9995117188 7.09723808509604e-07
23261.9995117188 1.15311139469442e-06
23271.9995117188 1.68243470438333e-06
23281.9995117188 8.08903101112274e-07
23291.9995117188 1.90416934404215e-06
23301.9995117188 1.0757822129368e-06
23311.9995117188 6.73329039759079e-07
23321.9995117188 1.21599507385215e-06
23331.9995117188 1.04126535740267e-06
23341.9995117188 7.62327041324697e-07
23351.9995117188 5.91712433781361e-07
23361.9995117188 1.31546713252298e-06
23371.9995117188 6.51599971877731e-07
23381.9995117188 9.72053719039029e-07
23391.9995117188 9.10019696641016e-07
23401.9995117188 8.32956918196092e-07
23411.9995117188 7.58898054864481e-07
23421.9995117188 1.07309339708134e-06
23431.9995117188 4.88209507192357e-07
23441.9995117188 1.11322503693476e-06
23451.9995117188 9.80542762362501e-07
23461.9995117188 1.48002003266202e-06
23471.9995117188 1.00160739127894e-06
23481.9995117188 2.39721739008845e-07
23491.9995117188 1.19146610645295e-06
23501.9995117188 5.52825838299071e-07
23511.9995117188 1.4122535961548e-06
23521.9995117188 1.15233127613943e-06
23531.9995117188 6.33193727312324e-07
23541.9995117188 1.11681839392034e-06
23551.9995117188 9.09592787235972e-07
23561.9995117188 7.08455774786069e-07
23571.9995117188 5.58555412393493e-07
23581.9995117188 9.7823394981574e-07
23591.9995117188 9.99379042715656e-07
23601.9995117188 7.83977096470818e-07
23611.9995117188 9.6944629205315e-07
23621.9995117188 5.63463000636163e-07
23631.9995117188 8.95865202096243e-07
23641.9995117188 2.26589810578602e-07
23651.9995117188 4.92133363561891e-07
23661.9995117188 3.63427724385984e-07
23671.9995117188 8.52724742767895e-08
23681.9995117188 3.16479323257296e-07
23691.9995117188 2.82655200730578e-07
23701.9995117188 1.99863758609613e-07
23711.9995117188 1.08312068789389e-07
23721.9995117188 1.71238018645401e-07
23731.9995117188 2.51951907611036e-07
23741.9995117188 1.68298798629214e-07
23751.9995117188 1.19511006622564e-07
23761.9995117188 1.94094039441454e-07
23771.9995117188 1.02466324044182e-07
23781.9995117188 1.0634179601899e-07
23791.9995117188 1.05111724082449e-07
23801.9995117188 1.48216381823006e-07
23811.9995117188 7.17073184914405e-08
23821.9995117188 1.22633366666166e-07
23831.9995117188 5.71265810111898e-08
23841.9995117188 9.56800768730655e-08
23851.9995117188 8.04888135506303e-08
23861.9995117188 1.04059497502013e-07
23871.9995117188 3.34146488657836e-08
23881.9995117187 8.44923532898583e-08
23891.9995117188 2.24263535734278e-08
23901.9995117188 6.31638290101367e-08
23911.9995117188 1.59837325870129e-08
23921.9995117187 3.6848482154325e-08
23931.9995117188 5.2248419340596e-08
23941.9995117188 2.1025613152001e-08
23951.9995117188 3.59428408250532e-08
23961.9995117187 1.12612243623975e-08
23971.9995117188 2.37276392564836e-08
23981.9995117188 1.56264155115121e-08
23991.9995117188 1.4100007562896e-08
24001.9995117187 8.80831607874595e-09
24011.9995117188 1.16238995599271e-08
24021.9995117188 2.55044367984263e-08
24031.9995117188 1.59624066495806e-08
24041.9995117187 7.50760520304478e-09
24051.9995117188 1.2750966168887e-08
24061.9995117188 3.03074917229243e-09
24071.9995117188 1.53364580274174e-08
24081.9995117187 8.66233318708431e-09
24091.9995117188 5.19370974883672e-09
24101.9995117188 3.7370288181834e-09
24111.9995117188 4.13034866853314e-09
24121.9995117187 4.87901779581594e-09
24131.9995117188 2.92004081591412e-09
24141.9995117188 2.04996170144618e-09
24151.9995117188 1.64641102859016e-09
24161.9995117187 2.35256248647541e-09
24171.9995117188 2.9763330820138e-09
24181.9995117188 1.60110202107173e-09
24191.9995117188 7.50712909732087e-10
24201.9995117187 1.86559569156676e-09
24211.9995117188 9.76726852280821e-10
24221.9995117188 3.94303836774101e-10
24231.9995117188 9.82900826073009e-10
24241.9995117187 5.30706019120236e-10
24251.9995117188 5.00466607590648e-10
24261.9995117188 7.64981738867018e-10
24271.9995117188 7.16222462405613e-10
24281.9995117187 4.10956583284588e-10
24291.9995117188 6.70267414642713e-10
24301.9995117188 1.17710549159652e-10
24311.9995117188 5.82436689217242e-10
24321.9995117188 1.73400228501791e-12
24331.9995117188 2.16650005473939e-10
24341.9995117188 5.58828965036955e-11
24351.9995117188 7.71137623915522e-11
24361.9995117188 2.5371838198448e-10
24371.9995117188 6.21703618697328e-11
24381.9995117188 2.10162429598116e-10
24391.9995117188 8.79678062971937e-11
24401.9995117188 1.41304342226966e-10
24411.9995117188 6.03267272008904e-11
24421.9995117188 1.07570386709733e-10
24431.9995117188 5.20113162968374e-11
24441.9995117188 1.31396153215152e-11
24451.9995117188 3.55141421207125e-11
24461.9995117188 5.11848761253067e-11
24471.9995117188 4.64178909437808e-11
24481.9995117188 4.23350919355182e-11
24491.9995117188 3.52550290523101e-11
24501.9995117188 4.91138039836562e-11
24511.9995117188 2.28881325886374e-11
24521.9995117188 1.62621912450898e-11
24531.9995117188 5.94327779187888e-11
24541.9995117188 1.16134082562913e-11
24551.9995117188 1.07377365954655e-11
24561.9995117188 1.25660943262082e-11
24571.9995117188 1.46537331552386e-11
24581.9995117188 5.52414456855518e-12
24591.9995117188 2.0679696179801e-11
24601.9995117188 1.29975257945096e-11
24611.9995117188 1.00287122172674e-11
24621.9995117188 1.43481602795183e-11
24631.9995117188 3.09333237691663e-12
24641.9995117188 1.00805744815466e-11
24651.9995117188 4.81965779749035e-13
24661.9995117188 3.51703328959499e-12
24671.9995117188 4.683249343531e-12
24681.9995117188 1.10605512284821e-12
24691.9995117188 3.77387020802377e-12
24701.9995117188 8.39687606503194e-12
24711.9995117188 5.54837694576192e-12
24721.9995117188 4.89101891369236e-12
24731.9995117188 6.62512473858029e-12
24741.9995117188 1.55297869412056e-12
24751.9995117188 2.75012855650322e-12
24761.9995117188 2.2079855867691e-12
24771.9995117188 9.7899349402759e-13
24781.9995117188 4.03016394265634e-12
24791.9995117188 2.92636011493802e-12
24801.9995117188 2.08134651026792e-12
24811.9995117188 2.53352296086789e-13
24821.9995117188 3.73066543943301e-12
24831.9995117188 1.75981396401977e-12
24841.9995117188 9.21811737200195e-13
24851.9995117188 2.5603032016611e-12
24861.9995117188 1.61978957127978e-12
24871.9995117188 1.52757732492676e-12
24881.9995117188 2.54186020747074e-12
24891.9995117188 3.27345944545375e-14
24901.9995117188 8.37827124249732e-13
24911.9995117188 7.97128493676811e-13
24921.9995117188 7.95024574172491e-13
24931.9995117188 1.38270866940003e-12
24941.9995117188 2.83847657198363e-13
24951.9995117188 8.23605219011382e-13
24961.9995117188 3.89800866978925e-13
24971.9995117188 5.00643097965269e-13
24981.9995117188 3.25426429644351e-13
24991.9995117188 6.13836522696203e-13
25001.9995117188 6.08575568841816e-13
25011.9995117188 4.11152531425895e-13
25021.9995117188 2.73963364656421e-13
25031.9995117188 4.81037861040462e-13
25041.9995117188 1.72537383639848e-13
25051.9995117188 5.66187446023184e-13
25061.9995117188 2.01269301445827e-13
25071.9995117188 2.58830251971615e-13
25081.9995117188 3.40825855808835e-13
25091.9995117188 1.38635181809479e-13
25101.9995117188 2.07102176344737e-13
25111.9995117188 2.2311212939566e-13
25121.9995117188 2.55540662593802e-13
25131.9995117187 2.39426754976682e-13
25141.9995117188 7.93148546055889e-14
25151.9995117188 2.48117878815364e-13
25161.9995117188 1.75555568270892e-13
25171.9995117187 1.88196275998033e-13
25181.9995117188 1.8814744841537e-13
25191.9995117188 1.59901215993186e-13
25201.9995117188 1.25843806131111e-13
25211.9995117187 1.62479812485794e-13
25221.9995117188 1.1768391666415e-13
25231.9995117188 1.23103142911796e-13
25241.9995117188 1.59299012218649e-13
25251.9995117187 1.39970293168508e-13
25261.9995117188 1.21623224364999e-13
25271.9995117188 1.10346646519528e-13
25281.9995117188 1.05385040443336e-13
25291.9995117187 6.76460207721727e-14
25301.9995117188 9.1667762010586e-14
25311.9995117188 1.05775896492471e-13
25321.9995117188 6.64056420610341e-14
25331.9995117187 5.4885475238068e-14
25341.9995117188 8.00624886734124e-14
25351.9995117188 8.83659815502554e-14
25361.9995117188 5.98648578556173e-14
25371.9995117187 4.46865309231216e-14
25381.9995117188 5.71603136440121e-14
25391.9995117188 6.27934799849657e-14
25401.9995117188 5.22530354261822e-14
25411.9995117187 5.165847130877e-14
25421.9995117188 4.6772081975675e-14
25431.9995117188 4.21061020294135e-14
25441.9995117188 4.91136041710319e-14
25451.9995117187 3.85240904025879e-14
25461.9995117188 4.14370190500925e-14
25471.9995117188 3.13423380449404e-14
25481.9995117188 3.9762438879532e-14
25491.9995117187 3.23226689395413e-14
25501.9995117188 2.84211580995776e-14
25511.9995117188 3.00246766231258e-14
25521.9995117188 2.23355982899558e-14
25531.9995117187 2.18860585592953e-14
25541.9995117188 1.98144802678922e-14
25551.9995117188 2.28894055536923e-14
25561.9995117188 2.08353196320626e-14
25571.9995117188 2.1723809311843e-14
25581.9995117188 1.53793779312103e-14
25591.9995117188 1.81972083618098e-14
25601.9995117188 1.72951766342641e-14
25611.9995117188 1.49043047821146e-14
25621.9995117188 1.58156935200737e-14
25631.9995117188 1.33565596040761e-14
25641.9995117188 1.31228107089552e-14
25651.9995117188 1.17316214475406e-14
25661.9995117188 1.04073038511273e-14
25671.9995117188 9.29059537481096e-15
25681.9995117188 1.06089313908168e-14
25691.9995117188 8.94037112897128e-15
25701.9995117188 8.75930706404727e-15
25711.9995117188 7.19999978979646e-15
25721.9995117188 7.24218431724198e-15
25731.9995117188 7.19668872897327e-15
25741.9995117188 5.85657383720928e-15
25751.9995117188 5.4972107358995e-15
25761.9995117188 5.66942859464271e-15
25771.9995117188 4.90704007436794e-15
25781.9995117188 4.06585958998252e-15
25791.9995117188 4.00272640959428e-15
25801.9995117188 3.85032439548465e-15
25811.9995117188 3.62295873864942e-15
25821.9995117188 3.60393082870349e-15
25831.9995117188 3.35679272873782e-15
25841.9995117188 2.48938259469582e-15
25851.9995117188 2.84922743802163e-15
25861.9995117188 2.45123795344972e-15
25871.9995117188 2.366567473645e-15
25881.9995117188 2.06245972985875e-15
25891.9995117188 1.97642647923507e-15
25901.9995117188 1.7981067272284e-15
25911.9995117188 1.57860951161338e-15
25921.9995117188 1.49752243307369e-15
25931.9995117188 1.40809648306945e-15
25941.9995117188 1.27014357255928e-15
25951.9995117188 1.19355575773629e-15
25961.9995117188 1.12836203056591e-15
