"wave" "response"
20004.66386 1.18926134211258e-15
20020.74478 5.76797689719021e-16
20036.8257 4.42406424292617e-16
20052.90662 5.30864349458882e-16
20068.98754 1.00325015566475e-15
20085.06846 6.91747665219367e-16
20101.14938 7.15457148899057e-16
20117.2303 5.28993546775913e-16
20133.31122 3.79345823366708e-16
20149.39214 3.68687487852859e-16
20165.47306 6.39218823094174e-16
20181.55398 4.81752813717242e-16
20197.6349 2.20922439501478e-16
20213.71582 2.02312429735737e-16
20229.79674 1.89496299168541e-16
20245.87766 3.09723620393283e-16
20261.95858 3.98563048519481e-16
20278.03949 3.86466396263852e-16
20294.12041 2.96095023304374e-16
20310.20133 1.71053563296142e-16
20326.28225 1.12286799207696e-16
20342.36317 1.82333121413588e-16
20358.44409 2.20291960035237e-16
20374.52501 2.15807072781682e-16
20390.60593 1.55534944183229e-16
20406.68685 2.216647984418e-16
20422.76777 2.28151088380921e-16
20438.84869 2.38002802112487e-16
20454.92961 2.83728354106543e-16
20471.01053 2.91434919773729e-16
20487.09145 3.59973106616679e-16
20503.17237 5.2020198353956e-16
20519.25329 4.51110261703482e-16
20535.33421 4.18043100252088e-16
20551.41513 4.67253900428087e-16
20567.49605 6.83114383549196e-16
20583.57697 9.19472310482665e-16
20599.65788 9.53191448765216e-16
20615.7388 7.89242149205557e-16
20631.81972 8.41431361447312e-16
20647.90064 8.88104775741077e-16
20663.98156 9.0384017687087e-16
20680.06248 8.0413442406945e-16
20696.1434 6.70694174094418e-16
20712.22432 4.73541603737414e-16
20728.30524 4.20719135634352e-16
20744.38616 5.64810882275048e-16
20760.46708 6.62706394658196e-16
20776.548 9.30150190003566e-16
20792.62892 1.09038106237594e-15
20808.70984 1.45867010151826e-15
20824.79076 1.2725296470644e-15
20840.87168 1.50664167629106e-15
20856.9526 1.33561477901623e-15
20873.03352 1.44265691373952e-15
20889.11444 1.59635641784818e-15
20905.19536 4.20563306611201e-15
20921.27627 4.56222564675723e-15
20937.35719 6.27319608345829e-15
20953.43811 5.38912001579186e-15
20969.51903 7.31828245555483e-15
20985.59995 6.63699295356405e-15
21001.68087 7.17856622147376e-15
21017.76179 6.62694998213945e-15
21033.84271 8.12233946779855e-15
21049.92363 1.50590298488545e-14
21066.00455 1.80241506584975e-14
21082.08547 1.45764719626025e-14
21098.16639 1.60724956801401e-14
21114.24731 1.72830670225212e-14
21130.32823 1.77347863767555e-14
21146.40915 2.51642393187559e-14
21162.49007 2.33893618252156e-14
21178.57099 2.19682997643198e-14
21194.65191 2.16596714885696e-14
21210.73283 2.83249475505634e-14
21226.81375 2.20520146030406e-14
21242.89466 2.69432077236472e-14
21258.97558 9.85608910293026e-15
21275.0565 9.50274256862302e-15
21291.13742 8.24743181823825e-15
21307.21834 7.5176978405454e-15
21323.29926 1.04908943543664e-14
21339.38018 8.91982811448756e-15
21355.4611 1.26501237710794e-14
21371.54202 1.35209846029451e-14
21387.62294 2.0336840125501e-14
21403.70386 1.87882153557364e-14
21419.78478 1.87731468653229e-14
21435.8657 1.73241898756169e-14
21451.94662 1.92315671310936e-14
21468.02754 2.28077048870017e-14
21484.10846 2.57071850186633e-14
21500.18938 2.22975194285986e-14
21516.2703 1.79772851726357e-14
21532.35122 1.64113474411587e-14
21548.43214 1.52806030731169e-14
21564.51305 2.32409946160791e-14
21580.59397 1.4884004439829e-14
21596.67489 1.17982834823123e-14
21612.75581 1.25903453219524e-14
21628.83673 1.57142094380585e-14
21644.91765 1.53446175696524e-14
21660.99857 1.3302664064951e-14
21677.07949 1.46161098414156e-14
21693.16041 1.5052827949272e-14
21709.24133 1.68556701459273e-14
21725.32225 1.84293561303e-14
21741.40317 2.6395769614541e-14
21757.48409 2.24779292917494e-14
21773.56501 1.91954847161664e-14
21789.64593 2.6859577344398e-14
21805.72685 3.68244257105182e-14
21821.80777 3.54165071694767e-14
21837.88869 2.31988035524647e-14
21853.96961 2.07582859917631e-14
21870.05053 1.83693587780622e-14
21886.13145 2.24422297372151e-14
21902.21236 2.23364992755229e-14
21918.29328 2.00490655803026e-14
21934.3742 1.93809336939303e-14
21950.45512 2.23382146832645e-14
21966.53604 3.20706982083819e-14
21982.61696 3.93724173479074e-14
21998.69788 4.95949870425845e-14
22014.7788 4.79149391117124e-14
22030.85972 5.2110900746831e-14
22046.94064 5.55174811987011e-14
22063.02156 6.05961849323268e-14
22079.10248 6.63126388734204e-14
22095.1834 5.71334189109073e-14
22111.26432 6.7948502605676e-14
22127.34524 7.95167238193345e-14
22143.42616 1.08302022761998e-13
22159.50708 1.1968390177747e-13
22175.588 1.0491253775247e-13
22191.66892 1.10775029672318e-13
22207.74984 1.06867462642773e-13
22223.83075 1.47186909844101e-13
22239.91167 1.63203747283786e-13
22255.99259 1.74602831084408e-13
22272.07351 1.813276916704e-13
22288.15443 1.5305378556834e-13
22304.23535 1.53940882862535e-13
22320.31627 1.74077917392824e-13
22336.39719 2.07329354929658e-13
22352.47811 1.21904885042097e-13
22368.55903 1.13729452243726e-13
22384.63995 2.63619086408731e-13
22400.72087 2.03587684082668e-13
22416.80179 3.27763004820845e-13
22432.88271 1.6523395937057e-13
22448.96363 2.29934734494714e-13
22465.04455 4.24450134806826e-13
22481.12547 4.35227912639602e-13
22497.20639 8.25824224706325e-13
22513.28731 8.61458159729661e-13
22529.36823 1.00098832562977e-12
22545.44914 1.00092099750445e-12
22561.53006 1.09981218597666e-12
22577.61098 1.81853400240333e-12
22593.6919 1.43789901457979e-12
22609.77282 1.2561406780698e-12
22625.85374 4.78839342245477e-13
22641.93466 7.95123040314135e-13
22658.01558 2.11156063517411e-12
22674.0965 1.16325631188116e-12
22690.17742 3.0218050405537e-12
22706.25834 1.99102800784642e-12
22722.33926 1.4639572980096e-12
22738.42018 2.08740926318261e-12
22754.5011 2.33428099022605e-12
22770.58202 3.56782232591948e-12
22786.66294 2.46172564384317e-12
22802.74386 2.48254965337735e-12
22818.82478 2.6983020706444e-12
22834.9057 2.8152379784232e-12
22850.98662 3.40416364555052e-12
22867.06753 2.75743521376363e-12
22883.14845 2.42973084600009e-12
22899.22937 2.90588888074318e-12
22915.31029 3.16291465244832e-12
22931.39121 3.9482035896404e-12
22947.47213 1.43114239000868e-12
22963.55305 4.66030734672457e-13
22979.63397 5.67898151538485e-13
22995.71489 1.39750185454138e-13
23011.79581 1.43303844573825e-12
23027.87673 7.63794894343228e-12
23043.95765 7.10336116997857e-12
23060.03857 1.09707417756807e-11
23076.11949 8.65288898549788e-12
23092.20041 7.98822883172926e-12
23108.28133 6.83893903540642e-12
23124.36225 7.96940705071876e-12
23140.44317 2.16683351088182e-11
23156.52409 2.46988893053408e-11
23172.60501 2.9356106130163e-11
23188.68592 1.26209078827104e-11
23204.76684 8.16732525639651e-12
23220.84776 1.65886293316828e-11
23236.92868 4.31604432421458e-11
23253.0096 6.78546042572741e-11
23269.09052 1.03452032533558e-10
23285.17144 1.02911209387468e-10
23301.25236 1.47036759519567e-10
23317.33328 2.71272946137442e-10
23333.4142 3.94329624668827e-10
23349.49512 6.24491609388837e-10
23365.57604 8.49029590683934e-10
23381.65696 1.18597268984347e-09
23397.73788 1.66849033703361e-09
23413.8188 2.15309289168675e-09
23429.89972 2.76091951132303e-09
23445.98064 3.2063124546717e-09
23462.06156 3.64623261333156e-09
23478.14248 4.07390763241518e-09
23494.2234 4.41168893753869e-09
23510.30431 4.78115305225311e-09
23526.38523 5.11791073942872e-09
23542.46615 5.2778881353703e-09
23558.54707 5.41130110725688e-09
23574.62799 5.24698444420268e-09
23590.70891 5.07538253361646e-09
23606.78983 4.97673354652982e-09
23622.87075 4.64834964621715e-09
23638.95167 4.36348509698805e-09
23655.03259 3.85548477108413e-09
23671.11351 3.42518736410451e-09
23687.19443 3.03260781328551e-09
23703.27535 2.61865791717686e-09
23719.35627 2.21975665963474e-09
23735.43719 1.74792667449293e-09
23751.51811 1.29240065694043e-09
23767.59903 9.67430710771057e-10
23783.67995 6.33528840058117e-10
23799.76087 5.2653474691436e-10
23815.84179 4.77349604740573e-10
23831.92271 4.24323500424614e-10
23848.00362 3.44616845387712e-10
23864.08454 2.39460892770802e-10
23880.16546 2.0239006307363e-10
23896.24638 2.23776961072427e-10
23912.3273 3.00901958764808e-10
23928.40822 2.51445517014882e-10
23944.48914 4.10572198676319e-10
23960.57006 1.17497167023297e-10
23976.65098 1.23207740626518e-10
23992.7319 1.83348161386481e-10
24008.81282 2.04737292472894e-10
24024.89374 1.8439857638245e-10
24040.97466 2.74266298648668e-10
24057.05558 2.0639608102211e-10
24073.1365 1.75409694961206e-10
24089.21742 1.93460211172945e-10
24105.29834 2.34369521547084e-10
24121.37926 2.85013646949151e-10
24137.46018 2.9386299725381e-10
24153.5411 2.38117157230553e-10
24169.62201 2.21232695575542e-10
24185.70293 1.19346869617666e-10
24201.78385 1.20484518065915e-10
24217.86477 1.66635547712563e-10
24233.94569 1.78410430184625e-10
24250.02661 2.37009988292624e-10
24266.10753 3.2975405670738e-10
24282.18845 2.39837022285464e-10
24298.26937 2.2156886181954e-10
24314.35029 3.61045251860281e-10
24330.43121 3.8688603630497e-10
24346.51213 4.73533818256574e-10
24362.59305 3.11361010507853e-10
24378.67397 2.72607934432273e-10
24394.75489 2.89614789555517e-10
24410.83581 3.58273216486468e-10
24426.91673 3.47441935515686e-10
24442.99765 3.94475776075096e-10
24459.07857 3.61644536545659e-10
24475.15949 3.11974026573287e-10
24491.2404 2.40982514730002e-10
24507.32132 1.52765129432218e-10
24523.40224 1.57415108403137e-10
24539.48316 2.07358448452634e-10
24555.56408 2.43881500407211e-10
24571.645 2.24469068147591e-10
24587.72592 1.63980044551155e-10
24603.80684 1.39862328584721e-10
24619.88776 1.72133488100148e-10
24635.96868 2.34315529684445e-10
24652.0496 2.18989555789121e-10
24668.13052 2.24914152100735e-10
24684.21144 2.18115235739328e-10
24700.29236 2.22161410818326e-10
24716.37328 2.67606648137281e-10
24732.4542 3.64431831005993e-10
24748.53512 4.09389620438327e-10
24764.61604 4.99121326505345e-10
24780.69696 4.99380151329905e-10
24796.77788 4.44391851259998e-10
24812.85879 4.0509302363031e-10
24828.93971 3.81727250931695e-10
24845.02063 4.10305267571356e-10
24861.10155 4.52044803236307e-10
24877.18247 5.18668708899699e-10
24893.26339 4.71694811645567e-10
24909.34431 4.97983372218767e-10
24925.42523 2.98921864522394e-10
24941.50615 3.25611959667552e-09
24957.58707 2.43586293895948e-09
24973.66799 4.32176859771601e-09
24989.74891 6.96858904653548e-09
24997.78162 1.75000016493554e-08
25005.82983 1.19083769604323e-08
25011.29393 9.5168745365374e-09
25021.91075 1.0097517549028e-08
25024.80624 7.85553396081404e-09
25038.31856 1.26616253761297e-08
25051.83087 4.53158642391782e-09
25065.34319 1.18881418506425e-09
25078.8555 3.39999334791218e-10
25092.36782 2.55398472424011e-09
25105.88013 2.75028562489538e-09
25119.39244 2.63626543533815e-09
25132.90476 2.09827548574958e-09
25146.41707 1.078188072247e-09
25159.92939 1.53096448334779e-09
25173.4417 2.06725896158373e-09
25186.95402 2.14146638194513e-09
25200.46633 1.5395557416708e-09
25213.97865 1.31334172384061e-09
25227.49096 9.80866510936346e-10
25241.00327 7.30582844100155e-10
25254.51559 2.48049792682012e-09
25268.0279 6.799581898993e-10
25281.54022 1.28470284729086e-10
25295.05253 1.06203571245398e-10
25308.56485 3.5591719604249e-10
25322.07716 1.08444475736254e-10
25335.58948 9.75737603219977e-10
25349.10179 6.83647877782111e-10
25362.6141 8.48824083567219e-10
25376.12642 5.90413753461299e-10
25389.63873 4.64477898083284e-10
25403.15105 8.13886422091831e-11
25416.66336 6.54506881551461e-11
25430.17568 1.91049978267944e-11
25443.68799 4.85939974597505e-10
25457.2003 3.57366886932591e-10
25470.71262 1.88782610287545e-10
25484.22493 4.55243987470087e-10
25497.73725 3.19796972474545e-10
25511.24956 1.20621272684914e-10
25524.76188 1.05717719701259e-10
25538.27419 1.28314926304154e-10
25551.78651 1.75786266924794e-10
25565.29882 2.07884076797984e-10
25578.81113 8.75340675516595e-11
25592.32345 2.47247156824125e-11
25605.83576 8.74633782226524e-11
25619.34808 7.45278648086675e-11
25632.86039 2.1719617552046e-11
25646.37271 2.2737134162245e-11
25659.88502 3.99953045329979e-11
25673.39733 1.08247850746631e-10
25686.90965 8.27692208456803e-11
25700.42196 6.7140666333191e-11
25713.93428 4.54623942619783e-11
25727.44659 5.51267965682958e-11
25740.95891 2.09281259601153e-11
25754.47122 2.4091380652881e-11
25767.98354 3.42184227615036e-11
25781.49585 1.20145890007282e-11
25795.00816 2.22928228956417e-11
25808.52048 2.18768552330508e-11
25822.03279 2.33640429408918e-11
25835.54511 3.88371309447507e-12
25849.05742 1.25300742060967e-11
25862.56974 1.9911470799584e-11
25876.08205 1.36864028042612e-11
25889.59437 1.04122314764187e-11
25903.10668 2.05034293045248e-11
25916.61899 1.3450770049011e-11
25930.13131 1.31422424605726e-11
25943.64362 4.50441553264011e-12
25957.15594 1.58578153830774e-11
25970.66825 3.48003519778899e-12
25984.18057 4.73192806846142e-12
25997.69288 1.06668720907535e-11
26011.20519 1.61339473529361e-11
26024.71751 8.54790848158749e-12
26038.22982 4.20928119359459e-12
26051.74214 1.06235554950196e-11
26065.25445 1.55058454167171e-11
26078.76677 9.21202061219451e-12
26092.27908 1.53345545961987e-11
26105.7914 1.25389155516045e-11
26119.30371 2.40780056029022e-11
26132.81602 1.09686138990796e-11
26146.32834 2.01734436652712e-11
26159.84065 1.78285308417065e-12
26173.35297 6.49947448683288e-12
26186.86528 5.14726745507884e-12
26200.3776 1.07083732223606e-11
26213.88991 9.6052952629772e-12
26227.40222 1.09659949391392e-11
26240.91454 7.18824497441554e-12
26254.42685 9.49445473359929e-12
26267.93917 7.69157714355205e-12
26281.45148 6.41336892989976e-12
26294.9638 5.32728891105063e-13
26308.47611 3.32145903654167e-12
26321.98843 1.7378626205443e-11
26335.50074 1.80567162773905e-11
26349.01305 6.24104777688142e-12
26362.52537 6.38556858084645e-12
26376.03768 4.89659643410997e-12
26389.55 9.68534789812680e-12
26403.06231 7.54519053475643e-12
26416.57463 5.69922165610687e-12
26430.08694 1.31025990492469e-11
26443.59925 1.58204948956456e-11
26457.11157 1.72482987408702e-11
26470.62388 9.48456530908563e-12
26484.1362 6.75392055110245e-12
26497.64851 8.80278655494755e-12
26511.16083 8.57563013341782e-12
26524.67314 3.40197965755532e-12
26538.18546 1.00564658717237e-11
26551.69777 1.50057847686822e-11
26565.21008 1.22877062264903e-11
26578.7224 1.05850041495937e-11
26592.23471 9.43773611385116e-12
26605.74703 1.39427917517859e-11
26619.25934 1.32931513181201e-11
26632.77166 2.02173968510303e-11
26646.28397 1.22161249651146e-11
26659.79629 7.80024017845134e-12
26673.3086 1.03941943306516e-11
26686.82091 1.36368754870573e-11
26700.33323 8.93552793619733e-12
26713.84554 3.9333036279462e-12
26727.35786 1.89344503585756e-12
26740.87017 6.0792402473505e-12
26754.38249 9.04115238689248e-12
26767.8948 7.84326105080251e-12
26781.40711 2.16068395481465e-12
26794.91943 4.37815522688214e-12
26808.43174 3.95416916074223e-12
26821.94406 4.96583116819012e-13
26835.45637 3.79314287391178e-12
26848.96869 7.01347239492743e-12
26862.481 7.42933899529274e-12
26875.99332 1.56115274136423e-12
26889.50563 7.23937020154468e-12
26903.01794 7.323567239658e-12
26916.53026 2.21625170952011e-12
26930.04257 2.60070035235706e-12
26943.55489 3.03630124357689e-12
26957.0672 2.73021556796758e-12
26970.57952 3.02257452800832e-12
26984.09183 3.38051892663619e-12
26997.60414 1.56512487928155e-12
27011.11646 1.46432916057722e-12
27024.62877 3.05242014983526e-12
27038.14109 4.89876211547881e-12
27051.6534 2.90436566396228e-12
27065.16572 3.01347947402561e-12
27078.67803 1.10137598128506e-12
27092.19035 4.10196726804187e-13
27105.70266 4.94771924810855e-14
27119.21497 5.78421230534686e-12
27132.72729 6.24363876184106e-12
27146.2396 3.73762206550666e-12
27159.75192 4.53312505146822e-12
27173.26423 2.98678046203764e-12
27186.77655 1.00409258157671e-12
27200.28886 5.51353412232235e-13
27213.80117 1.03818204945698e-12
27227.31349 4.23521719334247e-12
27240.8258 1.95417021095277e-12
27254.33812 4.23105465049813e-12
27267.85043 6.58458642735311e-12
27281.36275 6.93055021327003e-12
27294.87506 1.57532153180849e-12
27308.38738 3.23297720253443e-12
27321.89969 5.1878009158761e-12
27335.412 5.29123511981479e-12
27348.92432 4.35099349116059e-12
27362.43663 4.44514540966656e-12
27375.94895 1.27602777690951e-12
27389.46126 3.14322761750353e-12
27402.97358 6.29594829435444e-12
27416.48589 2.96556724473775e-12
27429.99821 4.25631281632616e-12
27443.51052 3.88375645871143e-12
27457.02283 7.39698317779084e-13
27470.53515 1.07266327261421e-13
27484.04746 7.76878246699049e-12
27497.55978 3.63121016553011e-12
27511.07209 7.94661991405165e-14
27524.58441 3.8765321108182e-12
27538.09672 3.9439904380187e-12
27551.60903 3.45195405663469e-12
27565.12135 2.00650482934899e-12
27578.63366 3.67205239448439e-13
27592.14598 3.26516387125876e-12
27605.65829 3.21697409202246e-12
27619.17061 5.2447144184048e-12
27632.68292 2.97887415684232e-12
27646.19524 4.29687707643659e-12
27659.70755 1.50311582813116e-12
27673.21986 1.5961137517776e-12
27686.73218 1.66853491547919e-12
27700.24449 4.5106246786488e-12
27713.75681 5.97494745862164e-12
27727.26912 4.86814634740211e-12
27740.78144 6.14274799958086e-12
27754.29375 5.71466101027925e-12
27767.80606 9.58477451476311e-12
27781.31838 5.54226471550513e-12
27794.83069 2.28807459532792e-12
27808.34301 7.64919303109751e-13
27821.85532 4.19353659318486e-12
27835.36764 5.14894993303012e-12
27848.87995 2.36126054019147e-13
27862.39227 6.01278904844113e-13
27875.90458 3.99170440842397e-12
27889.41689 7.94176467970694e-12
27902.92921 5.28214899325419e-12
27916.44152 1.71707959737709e-12
27929.95384 1.39082200420145e-12
27943.46615 5.82326685094094e-12
27956.97847 3.3514549600554e-12
27970.49078 8.52167295842885e-13
27984.00309 8.40838046051403e-13
27997.51541 2.38955964795535e-12
28011.02772 4.96683913825571e-12
28024.54004 7.20676498175972e-12
28038.05235 7.79171139615791e-12
28051.56467 5.64103265356219e-12
28065.07698 6.86147682514081e-12
28078.5893 1.08335924457166e-11
28092.10161 6.03816077230087e-12
28105.61392 3.03996323937845e-12
28119.12624 4.40933413113543e-14
28132.63855 7.23068111795047e-12
28146.15087 2.32621070894482e-12
28159.66318 2.75575086664858e-12
28173.1755 5.86255331199847e-12
28186.68781 6.0984893620342e-12
28200.20013 4.80721329779986e-12
28213.71244 9.39799475317804e-13
28227.22475 3.26826345142032e-12
28240.73707 1.22689164870958e-12
28254.24938 1.5827750451034e-12
28267.7617 7.20844349334695e-12
28281.27401 1.45934300932333e-12
28294.78633 1.16675015013106e-12
28308.29864 4.25524838879654e-13
28321.81095 2.98247367432963e-13
28335.32327 1.25889859671219e-12
28348.83558 1.09535226604491e-13
28362.3479 2.25533052330046e-12
28375.86021 1.09939606631545e-12
28389.37253 2.03393817982859e-12
28402.88484 1.21733198450598e-12
28416.39716 5.73099872577019e-15
28429.90947 1.36231061462516e-13
28443.42178 6.91607475106472e-13
28456.9341 2.38841854616607e-13
28470.44641 4.01770948525777e-12
28483.95873 1.88324239210263e-12
28497.47104 2.38551085356612e-12
28510.98336 3.38391987563752e-12
28524.49567 7.90419423210809e-12
28538.00798 4.51030216789992e-12
28551.5203 2.80855252554735e-12
28565.03261 1.86033505426016e-12
28578.54493 3.01489331121249e-12
28592.05724 4.94615422349102e-13
28605.56956 2.15946278532936e-13
28619.08187 7.26463646696634e-13
28632.59419 9.17611372563981e-13
28646.1065 3.26417662376211e-12
28659.61881 3.71966953089004e-12
28673.13113 1.62874120635674e-12
28686.64344 3.50411194190106e-12
28700.15576 4.31278895512493e-12
28713.66807 2.11789237017908e-12
28727.18039 9.3817979778984e-13
28740.6927 3.40557001433197e-12
28754.20501 3.68588463591299e-12
28767.71733 4.72941836652376e-12
28781.22964 5.86036203017651e-12
28794.74196 4.00575551957602e-12
28808.25427 5.67124286027855e-13
28821.76659 1.00537712184841e-13
28835.2789 1.8158594803648e-12
28848.79122 2.02218567623843e-12
28862.30353 2.44962786471834e-12
28875.81584 2.34714695501736e-12
28889.32816 1.10304955303491e-12
28902.84047 3.913587353777e-14
28916.35279 8.88232409234958e-13
28929.8651 2.87332948660012e-12
28943.37742 7.72682580705355e-13
28956.88973 2.03684221579262e-13
28970.40205 6.4116562406672e-13
28983.91436 1.82278266727475e-12
28997.42667 1.5215960457413e-12
29010.93899 7.09156970261612e-13
29024.4513 7.65990980381548e-13
29037.96362 1.48191992755739e-12
29051.47593 2.12326215627393e-12
29064.98825 2.62047488446659e-12
29078.50056 2.77036988138967e-12
29092.01287 1.66905121330203e-12
29105.52519 5.90882500822784e-12
29119.0375 2.49017264474042e-12
29132.54982 1.30905102019462e-12
29146.06213 5.26609247572697e-13
29159.57445 6.6772350345576e-12
29173.08676 2.32824151333221e-12
29186.59908 3.57484184582084e-12
29200.11139 4.93072518846916e-12
29213.6237 3.36037911177253e-12
29227.13602 4.07410896183716e-12
29240.64833 9.27330463799281e-12
29254.16065 8.59888553223886e-12
29267.67296 3.0609696581057e-12
29281.18528 4.08343564527798e-12
29294.69759 1.18003308182378e-12
29308.2099 7.41723071150706e-12
29321.72222 5.09910096424089e-12
29335.23453 4.63367806647075e-12
29348.74685 1.02165870038283e-11
29362.25916 6.79762026077158e-12
29375.77148 7.0476058583772e-12
29389.28379 1.02717330999901e-11
29402.79611 6.45291155518808e-12
29416.30842 4.03022497496204e-12
29429.82073 2.94173508623688e-12
29443.33305 3.44466333102862e-12
29456.84536 1.88613783601139e-12
29470.35768 1.07284402890264e-12
29483.86999 4.58267807715105e-13
29497.38231 1.18861518762731e-12
29510.89462 1.38555817336252e-13
29524.40694 9.06551183337965e-12
29537.91925 7.69053987700912e-12
29551.43156 4.61159291878628e-12
29564.94388 7.17825094105779e-12
29578.45619 1.1023292313643e-11
29591.96851 1.7250044224998e-11
29605.48082 1.03639060864154e-11
29618.99314 1.13167511464229e-11
29632.50545 8.74863849416249e-12
29646.01776 8.80431278874539e-12
29659.53008 6.45873275324868e-12
29673.04239 1.99645863289297e-12
29686.55471 1.09475038502234e-12
29700.06702 6.34620543857833e-12
29713.57934 1.31678283681489e-12
29727.09165 5.61723795144466e-13
29740.60397 2.72000992249141e-12
29754.11628 6.06757713018321e-12
29767.62859 1.01893038724581e-11
29781.14091 8.55407794678683e-12
29794.65322 5.75324997884287e-12
29808.16554 6.58765546175699e-12
29821.67785 1.05067417786851e-11
29835.19017 2.28310439749847e-12
29848.70248 2.575172049711e-12
29862.21479 1.37944519746353e-12
29875.72711 3.20027111339997e-12
29889.23942 4.38882937444227e-12
29902.75174 2.44212144958754e-12
29916.26405 2.19233583113437e-12
29929.77637 2.75979178971806e-12
29943.28868 4.02823193159466e-12
29956.801 1.16790848890416e-11
29970.31331 1.25751215825575e-11
29983.82562 9.62122215367608e-12
29997.33794 5.81937771471222e-12
30010.85025 5.90360219725425e-12
30024.36257 1.02789537023954e-11
30037.87488 1.47731382088122e-11
30051.3872 7.89469202629391e-12
30064.89951 1.76180129243525e-12
30078.41182 7.16256234393928e-14
30091.92414 4.27792852447526e-12
30105.43645 2.37945625526656e-12
30118.94877 4.39725412990598e-12
30132.46108 2.25562415641568e-12
30145.9734 1.69466934442449e-12
30159.48571 9.78336521800629e-13
30172.99803 8.61359286598516e-13
30186.51034 6.00352077038803e-12
30200.02265 4.95275083033402e-12
30213.53497 4.38798221336321e-12
30227.04728 4.29969892165897e-12
30240.5596 8.34003332404087e-12
30254.07191 8.51909254521439e-12
30267.58423 5.37726921702056e-12
30281.09654 5.56221022874263e-12
30294.60886 4.8453104965361e-12
30308.12117 3.30167957281045e-12
30321.63348 5.89278336406218e-12
30335.1458 4.1583480542719e-12
30348.65811 7.64640586747434e-12
30362.17043 1.57142978565509e-11
30375.68274 1.59235296536556e-11
30389.19506 1.30642099702158e-11
30402.70737 6.65180063772032e-12
30416.21968 2.71535517353706e-12
30429.732 4.51802085130295e-12
30443.24431 4.01607271386163e-12
30456.75663 8.94264473529587e-12
30470.26894 1.33055401047166e-11
30483.78126 1.51727816226484e-11
30497.29357 1.26845682347777e-11
30510.80589 1.07847309742407e-11
30524.3182 1.21502982624752e-11
30537.83051 1.36305760625918e-11
30551.34283 9.96922121710405e-12
30564.85514 4.83171968367285e-12
30578.36746 3.8628886296083e-12
30591.87977 8.95697726900809e-12
30605.39209 1.3228946238474e-11
30618.9044 1.84864044054882e-12
30632.41671 2.86188300293582e-12
30645.92903 7.18221804685429e-12
30659.44134 1.03268645349025e-11
30672.95366 7.48012527902164e-12
30686.46597 3.46070795390478e-12
30699.97829 8.20771269014628e-12
30713.4906 9.77959532170781e-12
30727.00292 9.51164392943881e-12
30740.51523 7.27179304267617e-12
30754.02754 5.57973634905633e-12
30767.53986 1.54931618309222e-11
30781.05217 1.62814194924059e-11
30794.56449 1.28533881850957e-11
30808.0768 9.49423379098759e-12
30821.58912 7.13159555108410e-12
30835.10143 5.59293810235667e-12
30848.61374 1.25540631800998e-12
30862.12606 2.93154706424228e-12
30875.63837 6.29039024337315e-12
30889.15069 9.27495412299559e-12
30902.663 6.57915238736798e-12
30916.17532 4.4401193061831e-12
30929.68763 6.93979599958664e-12
30943.19995 1.00720785862187e-11
30956.71226 1.29311256020013e-11
30970.22457 1.43692642316087e-11
30983.73689 2.65541762012142e-12
30997.2492 1.09481863695541e-11
31010.76152 2.28517521766556e-11
31024.27383 2.30572620204757e-11
31037.78615 1.33609536422065e-11
31051.29846 8.0638346743677e-12
31064.81078 1.4720924831493e-11
31078.32309 2.31731931405367e-11
31091.8354 9.64940260347934e-12
31105.34772 4.61146194572766e-12
31118.86003 6.88696307893112e-12
31132.37235 7.2448147409592e-12
31145.88466 1.33785566901292e-11
31159.39698 1.64880637226542e-11
31172.90929 9.09422312837674e-12
31186.4216 5.83981930014922e-12
31199.93392 1.49014201519218e-11
31213.44623 1.77986039411482e-11
31226.95855 1.12948486781185e-11
31240.47086 2.30508868785398e-11
31253.98318 3.34287963923387e-11
31267.49549 2.74140416738778e-11
31281.00781 5.41514938196247e-12
31294.52012 1.69705238418048e-12
31308.03243 2.94266439935731e-11
31321.54475 1.42761350350146e-11
31335.05706 3.49006495006753e-12
31348.56938 3.15462042850861e-12
31362.08169 1.23040266276831e-11
31375.59401 1.8996023030331e-11
31389.10632 1.92565981078581e-11
31402.61863 1.07790238759755e-11
31416.13095 1.07014974122965e-11
31429.64326 2.05321402043587e-11
31443.15558 1.63003097353457e-11
31456.66789 4.40171946736323e-11
31470.18021 3.56681362315898e-11
31483.69252 2.12319244211706e-11
31497.20484 2.5985672301885e-11
31510.71715 3.10446794037639e-11
31524.22946 2.24413338032396e-11
31537.74178 7.26634049846841e-12
31551.25409 3.8396268349794e-12
31564.76641 1.68409039775173e-11
31578.27872 2.03786358961989e-11
31591.79104 4.26923484922103e-11
31605.30335 5.84928146163977e-11
31618.81566 5.51003158673553e-11
31632.32798 1.75163488088637e-11
31645.84029 4.49173907617716e-13
31659.35261 1.55587009399409e-12
31672.86492 1.01942825052858e-11
31686.37724 1.75942319028801e-11
31699.88955 1.70652527344497e-11
31713.40187 1.45751930988662e-11
31726.91418 2.401200060374e-12
31740.42649 3.63417547125718e-12
31753.93881 5.47110272753937e-14
31767.45112 4.24290292281856e-13
31780.96344 1.65901679535875e-12
31794.47575 2.68049395257839e-12
31807.98807 4.81996843765006e-12
31821.50038 4.02312674331108e-12
31835.0127 2.07930568920259e-12
31848.52501 1.50876931952464e-12
31862.03732 1.5631419428623e-12
31875.54964 2.14510565498417e-12
31889.06195 5.36976564344665e-12
31902.57427 9.08447430912881e-12
31916.08658 1.11457710881133e-11
31929.5989 3.09612551015006e-12
31943.11121 1.49560235565038e-12
31956.62352 6.00293814733716e-12
31970.13584 8.12475934746904e-12
31983.64815 1.30034603275637e-11
31997.16047 2.25356239893779e-11
32010.67278 2.18132984682557e-11
32024.1851 2.58355864805479e-11
32037.69741 2.09638575114081e-11
32051.20973 1.5275384206165e-11
32064.72204 2.28116873941116e-11
32078.23435 2.44705043777926e-11
32091.74667 2.69614165611874e-11
32105.25898 3.15957832634098e-11
32118.7713 1.87179756809422e-11
32132.28361 1.59083083011527e-11
32145.79593 2.80341402634395e-11
32159.30824 2.25973362662718e-11
32172.82055 8.68130791826692e-12
32186.33287 4.02630484436702e-12
32199.84518 1.51460901913697e-11
32213.3575 2.17386209232314e-11
32226.86981 7.94006314841375e-12
32240.38213 2.54204071731545e-12
32253.89444 2.60610134879976e-12
32267.40676 1.26235906045133e-11
32280.91907 1.98103408230862e-11
32294.43138 1.01916460471517e-11
32307.9437 9.77799608627065e-12
32321.45601 1.07191130252871e-11
32334.96833 1.43207401856671e-11
32348.48064 1.40953818546542e-11
32361.99296 7.52956636704588e-12
32375.50527 1.21135318307543e-11
32389.01759 1.08717034460079e-11
32402.5299 1.53131164466417e-11
32416.04221 1.61922946575211e-11
32429.55453 1.84627197872713e-11
32443.06684 2.04003685475505e-11
32456.57916 1.99959142572772e-11
32470.09147 2.13971910752873e-11
32483.60379 3.08385030638283e-11
32497.1161 1.95596287874884e-11
32510.62841 7.09011574031961e-12
32524.14073 8.648721336041e-12
32537.65304 1.58572932781247e-11
32551.16536 1.51740038884302e-11
32564.67767 8.16052044080237e-12
32578.18999 1.90781864530596e-12
32591.7023 7.06551736118321e-12
32605.21462 5.20809210825481e-12
32618.72693 2.09290374002663e-11
32632.23924 3.65083721612895e-11
32645.75156 2.41265825552107e-11
32659.26387 3.69799938344387e-11
32672.77619 3.68983002883585e-11
32686.2885 2.55985420097732e-11
32699.80082 4.14226369969966e-11
32713.31313 5.10833344095945e-11
32726.82544 2.42322114361648e-11
32740.33776 1.12504112505795e-11
32753.85007 4.4620124942291e-12
32767.36239 9.66599067098934e-12
32780.8747 2.0721337305603e-11
32794.38702 2.8286124897869e-11
32807.89933 5.13442153021726e-11
32821.41165 5.09295238473189e-11
32834.92396 3.15168261206767e-11
32848.43627 2.43948746931301e-11
32861.94859 2.05633272263152e-11
32875.4609 1.41693813536821e-11
32888.97322 4.78755934968186e-12
32902.48553 5.73805379190295e-12
32915.99785 1.11324136594705e-11
32929.51016 2.20755811906716e-11
32943.02247 1.45240517565677e-11
32956.53479 1.70362537324927e-11
32970.0471 1.92706085926813e-11
32983.55942 1.29587859548958e-11
32997.07173 1.87914529307725e-11
33010.58405 1.48225768137623e-11
33024.09636 4.52171085871895e-12
33037.60868 6.16542913235124e-12
33051.12099 1.31488252400272e-11
33064.6333 1.64253791651734e-12
33078.14562 6.31461537955921e-12
33091.65793 1.09644709030286e-11
33105.17025 7.27045682125643e-12
33118.68256 4.17062088883474e-12
33132.19488 1.19865518395053e-11
33145.70719 5.09237062518788e-13
33159.21951 6.38915699471791e-12
33172.73182 8.7931411434063e-12
33186.24413 1.45146005275336e-11
33199.75645 2.14941533622292e-11
33213.26876 3.44757370921395e-11
33226.78108 3.02592924712242e-11
33240.29339 2.0810128872802e-11
33253.80571 9.55904474984258e-12
33267.31802 1.27172915205789e-11
33280.83033 5.39755287843499e-12
33294.34265 1.42542452052603e-12
33307.85496 3.93199360271216e-12
33321.36728 3.10610644870308e-12
33334.87959 3.21160201217439e-13
33348.39191 2.53520181919657e-12
33361.90422 6.35968331214267e-12
33375.41654 1.02550987223462e-11
33388.92885 4.35947082957e-13
33402.44116 6.1582197784646e-14
33415.95348 3.4920184927198e-13
33429.46579 1.38570073527331e-11
33442.97811 3.82657810696295e-11
33456.49042 2.60035308715763e-11
33470.00274 1.52990552599278e-11
33483.51505 1.86514600749195e-12
33497.02736 9.44877966760371e-14
33510.53968 9.21281090652255e-13
33524.05199 1.05868181010943e-11
33537.56431 1.8708762915171e-11
33551.07662 2.18963688741609e-11
33564.58894 3.32831050310442e-11
33578.10125 4.61654661182039e-11
33591.61357 3.77525821642789e-11
33605.12588 3.14428805647447e-11
33618.63819 2.55564766338236e-11
33632.15051 4.10874220523525e-11
33645.66282 5.18735201191572e-11
33659.17514 5.66342091802759e-11
33672.68745 5.66633462091871e-11
33686.19977 2.17366998609876e-11
33699.71208 2.26596368791747e-12
33713.22439 3.16988047824008e-11
33726.73671 2.97970935289669e-11
33740.24902 1.00550320851256e-11
33753.76134 1.94245172132755e-11
33767.27365 4.32522143269108e-11
33780.78597 5.20460206778044e-11
33794.29828 3.14042137090024e-11
33807.8106 3.59002443652854e-11
33821.32291 1.14022000195887e-11
33834.83522 7.54590252445939e-12
33848.34754 4.0311951019289e-11
33861.85985 9.74667103412995e-11
33875.37217 7.57499899761359e-11
33888.88448 6.3693484516849e-11
33902.3968 5.58917714040905e-11
33915.90911 2.73856651771098e-11
33929.42143 2.37246895138439e-11
33942.93374 4.72601532022416e-11
33956.44605 5.04591655798706e-11
33969.95837 4.62735528480631e-11
33983.47068 2.9753746463398e-11
33996.983 1.8700313084535e-11
34010.49531 1.68196478205747e-11
34024.00763 2.47522845854659e-11
34037.51994 7.59243834722155e-12
34051.03225 4.4219487121647e-12
34064.54457 4.02951277674566e-11
34078.05688 3.75374643890226e-11
34091.5692 3.82908547766538e-11
34105.08151 1.18640156756246e-11
34118.59383 6.1514558511061e-11
34132.10614 5.33657636180077e-11
34145.61846 2.8359072841173e-11
34159.13077 2.35000587747524e-11
34172.64308 3.43999338948923e-11
34186.1554 3.04991033649697e-11
34199.66771 4.32384217375672e-11
34213.18003 2.04707002493124e-11
34226.69234 1.83225753124066e-12
34240.20466 1.93168021688116e-13
34253.71697 1.06059727422467e-13
34267.22928 2.93167005199472e-11
34280.7416 3.13515669777464e-11
34294.25391 4.19408868943194e-11
34307.76623 2.78554451532219e-11
34321.27854 3.02177347715101e-11
34334.79086 5.9337567185932e-11
34348.30317 1.23752654708448e-11
34361.81549 3.94062467859918e-12
34375.3278 3.45968840475107e-11
34388.84011 3.81209746565786e-11
34402.35243 1.69112815875633e-11
34415.86474 2.147654322059e-11
34429.37706 8.65617873309467e-12
34442.88937 7.44733031161482e-12
34456.40169 9.22578903015655e-12
34469.914 1.90699573734846e-12
34483.42631 6.08050596640651e-14
34496.93863 2.83370508080014e-12
34510.45094 2.25773734669909e-11
34523.96326 2.58297650823169e-11
34537.47557 4.22392171293144e-11
34550.98789 5.57880243972871e-11
34564.5002 5.87430081072906e-11
34578.01252 3.06438304654182e-11
34591.52483 3.81549865134885e-11
34605.03714 2.66121188411253e-11
34618.54946 1.87958497328872e-11
34632.06177 3.71902215717791e-11
34645.57409 1.95646244183749e-11
34659.0864 1.40928526261059e-12
34672.59872 2.5151958500926e-11
34686.11103 4.94406949852665e-11
34699.62335 2.6672734572593e-11
34713.13566 1.51946702729702e-12
34726.64797 5.34565261746485e-12
34740.16029 6.46337745339455e-12
34753.6726 2.54287871838117e-13
34767.18492 3.57584674506441e-12
34780.69723 1.85581040315034e-11
34794.20955 1.78565684801822e-11
34807.72186 2.50907828041236e-11
34821.23417 2.65254181736984e-11
34834.74649 1.3545774378963e-11
34848.2588 1.27628183026452e-12
34861.77112 9.51543996021987e-13
34875.28343 4.56290732842687e-12
34888.79575 3.99240905207204e-11
34902.30806 2.87445704437891e-11
34915.82038 5.07996260489325e-12
34929.33269 2.89479514954734e-12
34942.845 4.9567307637642e-12
34956.35732 2.66625894330135e-11
34969.86963 8.67233086269222e-12
34983.38195 4.04134072819093e-12
34996.89426 1.09565753166483e-11
35010.40658 2.25957495680447e-11
35023.91889 1.28772270985158e-11
35037.4312 5.11231070045709e-12
35050.94352 1.72986711779927e-13
35064.45583 9.85954361961468e-13
35077.96815 1.96857298590605e-12
35091.48046 5.21843421174865e-12
35104.99278 2.40770825145013e-11
35118.50509 2.05718063487981e-11
35132.01741 8.79937926775406e-12
35145.52972 2.51565074703314e-12
35159.04203 9.66186640875968e-12
35172.55435 9.1876861600944e-12
35186.06666 1.46648359836406e-11
35199.57898 3.0841404308465e-11
35213.09129 3.35425852149365e-11
35226.60361 3.33249010722431e-11
35240.11592 5.43214172950048e-11
35253.62824 5.0953216627801e-11
35267.14055 4.10287867361665e-11
35280.65286 2.73874576241483e-11
35294.16518 1.27109586477087e-11
35307.67749 6.80422172383943e-12
35321.18981 2.38617414467145e-12
35334.70212 5.21830067881223e-12
35348.21444 1.87428611723492e-13
35361.72675 1.1470940890886e-12
35375.23906 1.64842143966412e-11
35388.75138 4.35695837748138e-11
35402.26369 8.62802068727335e-11
35415.77601 8.3476336379208e-11
35429.28832 7.1389258323923e-11
35442.80064 8.16271415193487e-11
35456.31295 7.06082369485323e-11
35469.82527 3.82899587127436e-11
35483.33758 3.33901075978491e-11
35496.84989 2.42797016170454e-11
35510.36221 2.746879868233e-11
35523.87452 5.23801092383089e-11
35537.38684 7.32466210682072e-12
35550.89915 3.38008353676912e-13
35564.41147 7.88334306923983e-14
35577.92378 5.95414549351133e-13
35591.43609 1.53707827979702e-11
35604.94841 1.73645985954253e-11
35618.46072 9.66092259408992e-13
35631.97304 2.68400098592226e-12
35645.48535 3.48643425702946e-12
35658.99767 3.49906778434947e-12
35672.50998 2.55919307427324e-11
35686.0223 3.52454982876401e-11
35699.53461 9.58956206357379e-11
35713.04692 1.71362286242089e-10
35726.55924 1.7960127362577e-10
35740.07155 1.05830246274886e-10
35753.58387 2.71086055684785e-11
35767.09618 1.44654676248519e-13
35780.6085 9.45022427740106e-12
35794.12081 3.01599598604485e-11
35807.63312 5.49244804148261e-11
35821.14544 3.4363506624319e-11
35834.65775 7.84017934627345e-12
35848.17007 5.26392866594243e-12
35861.68238 4.25127874394621e-11
35875.1947 8.05556966154714e-11
35888.70701 8.79007095591622e-11
35902.21933 8.08195136733165e-11
35915.73164 5.84395453537252e-11
35929.24395 3.55322565708572e-11
35942.75627 1.12451370925715e-11
35956.26858 1.51821281416023e-11
35969.7809 4.01368028822558e-11
35983.29321 3.44013452904776e-11
35996.80553 3.53413754129026e-11
36010.31784 6.24662927501416e-11
36023.83016 8.64540570762739e-11
36037.34247 7.28137744995305e-11
36050.85478 3.82713430619497e-11
36064.3671 3.83675007032765e-11
36077.87941 9.93075220141309e-11
36091.39173 1.05151548255574e-10
36104.90404 4.76672928113456e-11
36118.41636 8.4010514198156e-11
36131.92867 1.64476880328056e-10
36145.44098 1.46231974442634e-10
36158.9533 4.43638389703255e-11
36172.46561 6.41706268867795e-12
36185.97793 7.81560581879097e-12
36199.49024 1.80063525287829e-11
36213.00256 1.2524449387957e-11
36226.51487 3.73748550460818e-11
36240.02719 3.36618183834557e-11
36253.5395 4.27768576039667e-11
36267.05181 1.08634153393346e-10
36280.56413 1.60233080458426e-10
36294.07644 7.38694551368614e-11
36307.58876 3.67361754673599e-11
36321.10107 6.4689945948355e-11
36334.61339 8.84999874369512e-11
36348.1257 1.10917889227427e-10
36361.63801 3.0606498751482e-11
36375.15033 3.37196457360547e-11
36388.66264 3.14650300035259e-11
36402.17496 1.71514442991027e-11
36415.68727 2.29827754962586e-11
36429.19959 4.41853033628714e-11
36442.7119 1.38590853182325e-10
36456.22422 1.33171486586082e-10
36469.73653 1.1350782505072e-10
36483.24884 6.93311962594863e-11
36496.76116 4.56516032439876e-11
36510.27347 7.86881539055037e-11
36523.78579 1.26007097037295e-10
36537.2981 1.50528573708583e-10
36550.81042 1.98172343893689e-10
36564.32273 2.05502283723284e-10
36577.83504 1.5002496719324e-10
36591.34736 7.22719414248289e-11
36604.85967 1.29465082107869e-10
36618.37199 2.19735106836631e-10
36631.8843 1.15270925878916e-10
36645.39662 1.14278758464154e-10
36658.90893 9.51186592497976e-11
36672.42125 1.42519904675235e-10
36685.93356 1.86954134477034e-10
36699.44587 1.41864013002697e-10
36712.95819 1.21437008810516e-10
36726.4705 1.07888133573455e-10
36739.98282 8.18058587319293e-11
36753.49513 1.15150068675229e-10
36767.00745 1.59091560364631e-10
36780.51976 1.34176851021457e-10
36794.03208 1.39139091334696e-10
36807.54439 2.15746503167034e-10
36821.0567 3.21600788230871e-10
36834.56902 2.96759630997682e-10
36848.08133 1.89956566582973e-10
36861.59365 1.07469884719794e-10
36875.10596 2.4292298204204e-11
36888.61828 6.61292141203045e-11
36902.13059 1.13683352200588e-10
36915.6429 6.38625948917323e-11
36929.15522 7.19726290372585e-11
36942.66753 1.06732808231899e-10
36956.17985 1.92222177468067e-11
36969.69216 7.63420859607302e-11
36983.20448 6.69576733562338e-11
36996.71679 1.61099692075694e-10
37010.22911 3.40605537391433e-10
37023.74142 1.9121833007676e-10
37037.25373 9.35323856257266e-11
37050.76605 6.56839700800975e-11
37064.27836 1.40867064219538e-10
37077.79068 1.49928680744591e-10
37091.30299 3.71743231567485e-10
37104.81531 6.19378466792319e-10
37118.32762 7.25085404522537e-10
37131.83993 6.39214672970387e-10
37145.35225 3.74718090020483e-10
37158.86456 1.57578316553952e-10
37172.37688 3.09083105418965e-11
37185.88919 1.0410576213533e-10
37199.40151 2.31675462451865e-10
37212.91382 3.44992358033863e-10
37226.42614 2.06467634539234e-10
37239.93845 2.75569477057807e-10
37253.45076 7.26510763266494e-10
37266.96308 4.79603617655379e-10
37280.47539 1.12181816634691e-11
37293.98771 7.35642083180733e-11
37307.50002 1.34809358703056e-09
37321.01234 1.90006316776895e-09
37334.52465 1.76352985226008e-09
37348.03696 9.68213566769955e-10
37361.54928 8.45839807615393e-10
37375.06159 8.65013920257393e-10
37388.57391 9.56022637444514e-10
37402.08622 1.53543583064012e-09
37415.59854 1.15808543635744e-09
37429.11085 1.24006949534198e-09
37442.62317 1.48362803987589e-09
37456.13548 2.34866948960248e-09
37469.64779 3.9551652821127e-09
37483.16011 5.37338788491207e-09
37496.67242 3.9878147479853e-09
37510.18474 2.48022421144926e-09
37523.69705 3.26707791944799e-09
37537.20937 3.29647252892953e-09
37550.72168 4.14620676542069e-09
37564.234 3.22378313968728e-09
37577.74631 6.80872747906559e-09
37591.25862 7.92871517555028e-09
37604.77094 5.52873220268412e-09
37618.28325 2.20960869177343e-09
37631.79557 9.5335454961639e-11
37645.30788 4.44153324385061e-10
37658.8202 3.64883726897638e-09
37672.33251 7.51955489115369e-09
37685.84482 7.22976517315421e-09
37699.35714 5.88339863958383e-09
37712.86945 4.16033242909248e-09
37726.38177 1.62600093930382e-10
37739.89408 7.11255296782373e-11
37753.4064 2.17190641522291e-09
37766.91871 4.04352701309407e-09
37780.43103 1.55460403346423e-09
37793.94334 7.61365604997126e-10
37807.45565 2.03629564931293e-09
37820.96797 5.54713473944886e-09
37834.48028 1.12117512346207e-08
37847.9926 1.23031453689933e-08
37861.50491 1.46374291313677e-08
37875.01723 1.40975786770526e-08
37888.52954 1.60894480753072e-08
37902.04185 1.35102003646221e-08
37915.55417 1.27746420840849e-08
37929.06648 1.5333685416918e-08
37942.5788 2.33767449191592e-08
37956.09111 4.28950346804928e-08
37969.60343 4.2428177073786e-08
37983.11574 2.73578899466898e-08
37996.62806 2.14141140347126e-08
38010.14037 2.35416964688784e-08
38023.65268 2.93809712632398e-08
38037.165 3.09156636683419e-08
38050.67731 3.54091231250531e-08
38064.18963 5.6347284620862e-08
38077.70194 7.14641688845013e-08
38091.21426 4.49764917571048e-08
38104.72657 8.56077995330037e-09
38118.23889 2.73731525669583e-09
38131.7512 4.23182494028067e-09
38145.26351 9.64779929433718e-09
38158.77583 9.59469335380678e-09
38172.28814 9.61649325319111e-09
38185.80046 4.09088386148361e-08
38199.31277 2.49007298594797e-08
38212.82509 2.35224735368431e-08
38226.3374 2.98294385641436e-08
38239.84971 6.19511143568073e-08
38253.36203 7.77567335173924e-08
38266.87434 5.88569466819087e-08
38280.38666 4.96098012775096e-08
38293.89897 4.85804765481792e-08
38307.41129 5.82517161408168e-08
38320.9236 6.34612948970124e-08
38334.43592 3.94371871362012e-08
38347.94823 1.58020520202503e-08
38361.46054 2.74804029196577e-10
38374.97286 2.95900800671025e-10
38388.48517 2.07943801913344e-08
38401.99749 1.23886394819271e-07
38415.5098 2.6523592053596e-07
38429.02212 2.8713569007096e-07
38442.53443 2.94978425804485e-07
38456.04674 2.46451994004472e-07
38469.55906 2.33775805622691e-07
38483.07137 2.17782285346964e-07
38496.58369 2.24079945629074e-07
38510.096 2.07120379391613e-07
38523.60832 3.54963173288872e-07
38537.12063 4.46390157401525e-07
38550.63295 3.83438031230823e-07
38564.14526 3.72514379567893e-07
38577.65757 5.10419797511579e-07
38591.16989 8.34235508993358e-07
38604.6822 1.01772442856926e-06
38618.19452 1.29635823494886e-06
38631.70683 1.31918194864326e-06
38645.21915 1.48082491719668e-06
38658.73146 1.71153537533114e-06
38672.24377 1.72938033467778e-06
38685.75609 1.55065860197277e-06
38699.2684 1.10159663453539e-06
38712.78072 9.52628504777929e-07
38726.29303 6.7070837208958e-07
38739.80535 7.56603965494882e-07
38753.31766 1.80945610549509e-06
38766.82998 3.10822323847647e-06
38780.34229 2.19922148542009e-06
38793.8546 1.10647084654368e-06
38807.36692 1.07306707951695e-06
38820.87923 1.82889923646572e-06
38834.39155 1.77115395140564e-06
38847.90386 1.35617856212942e-06
38861.41618 1.13975244121814e-06
38874.92849 8.39210292967668e-07
38888.44081 2.9540114475229e-07
38901.95312 2.9544696887751e-07
38915.46543 6.36872798249964e-07
38928.97775 1.78052882044007e-06
38942.49006 2.4467284017338e-06
38956.00238 1.94825566252857e-06
38969.51469 1.03414882366936e-06
38983.02701 6.74647656496943e-07
38996.53932 8.72667061546497e-07
39010.05163 6.57715441556219e-07
39023.56395 1.16669108135943e-06
39037.07626 3.01858191490036e-06
39050.58858 3.08462369713322e-06
39064.10089 2.23366703369077e-06
39077.61321 1.44271441674528e-06
39091.12552 1.07499910441255e-06
39104.63784 1.32196926357136e-06
39118.15015 3.08596063012874e-06
39131.66246 3.62011510388519e-06
39145.17478 4.37614965103131e-06
39158.68709 4.41088382240656e-06
39172.19941 2.6965413631548e-06
39185.71172 9.3741264422219e-07
39199.22404 1.03881710638955e-06
39212.73635 9.8944239303202e-07
39226.24866 1.58863269469376e-06
39239.76098 1.35642515884644e-06
39253.27329 1.79714146978572e-06
39266.78561 6.75432763404953e-07
39280.29792 7.53080936102833e-07
39293.81024 6.74595339749151e-07
39307.32255 1.07518850236696e-06
39320.83487 1.45803183967182e-06
39334.34718 2.03091208026808e-06
39347.85949 2.7545370480853e-06
39361.37181 2.56213201512761e-06
39374.88412 2.60618892666137e-06
39388.39644 2.72830874345559e-06
39401.90875 2.3813140476799e-06
39415.42107 1.30218195739508e-06
39428.93338 7.03068144966404e-07
39442.44569 1.20093531282492e-06
39455.95801 1.4206028634603e-06
39469.47032 1.18955396500597e-06
39482.98264 1.76628610550226e-06
39496.49495 2.22789765296104e-06
39510.00727 1.68865141015759e-06
39523.51958 1.06103791704462e-06
39537.0319 8.37360277403601e-07
39550.54421 1.17211313555897e-06
39564.05652 2.89493992077635e-06
39577.56884 2.21887563566735e-06
39591.08115 1.26711428404709e-06
39604.59347 1.58473222120859e-06
39618.10578 2.36181953051245e-06
39631.6181 2.10123287449732e-06
39645.13041 2.44039924173097e-06
39658.64273 2.29307895141448e-06
39672.15504 3.04025697281898e-06
39685.66735 2.86204566730191e-06
39699.17967 2.29714361194705e-06
39712.69198 1.47032011168221e-06
39726.2043 1.91930200630834e-06
39739.71661 3.41513335882871e-06
39753.22893 3.04915197740388e-06
39766.74124 2.06869901580714e-06
39780.25355 8.25090326821323e-07
39793.76587 3.30750268287964e-06
39807.27818 4.55466178251813e-06
39820.7905 5.1462666938868e-06
39834.30281 5.94506531337107e-06
39847.81513 7.03243431954948e-06
39861.32744 7.23609369538754e-06
39874.83976 5.41440564362093e-06
39888.35207 3.7534779277046e-06
39901.86438 2.85464751733783e-06
39915.3767 1.78643212345549e-06
39928.88901 2.37580770875221e-06
39942.40133 2.74728811364868e-06
39955.91364 2.40014813114313e-06
39969.42596 3.07685400557014e-06
39982.93827 2.36238337968238e-06
39996.45058 1.32148441132738e-06
40009.9629 1.2292610623927e-06
40023.47521 1.13033125911067e-06
40036.98753 1.59540008837309e-06
40050.49984 2.69436227667065e-06
40064.01216 2.93665858607016e-06
40077.52447 2.34527544493691e-06
40091.03679 1.23088132965571e-06
40104.5491 1.31995713652224e-06
40118.06141 2.26839387873912e-06
40131.57373 3.03601192351746e-06
40145.08604 3.41158825470623e-06
40158.59836 3.69161447567651e-06
40172.11067 3.38298076965383e-06
40185.62299 3.10682854359816e-06
40199.1353 2.51899532672347e-06
40212.64761 9.75272761934918e-07
40226.15993 1.38373699203972e-06
40239.67224 1.83677528824678e-06
40253.18456 2.86970656711332e-06
40266.69687 4.07130826516593e-06
40280.20919 4.80368927959265e-06
40293.7215 5.43148415897702e-06
40307.23382 4.43124823907963e-06
40320.74613 2.69360377760859e-06
40334.25844 2.66722228172991e-06
40347.77076 3.40318101047568e-06
40361.28307 2.79510009925789e-06
40374.79539 2.21927252880106e-06
40388.3077 2.93301785730287e-06
40401.82002 3.51547244219593e-06
40415.33233 1.6509884967743e-06
40428.84465 1.08825726700646e-06
40442.35696 2.00833584423175e-06
40455.86927 3.68001232346329e-06
40469.38159 4.16260875301159e-06
40482.8939 3.06525683302446e-06
40496.40622 3.43991125576351e-06
40509.91853 2.79327609367575e-06
40523.43085 1.88972292832224e-06
40536.94316 2.12144455012148e-06
40550.45547 3.01853676628672e-06
40563.96779 3.35675312012297e-06
40577.4801 2.92737900778441e-06
40590.99242 1.36676324030898e-06
40604.50473 1.98989003002886e-06
40618.01705 2.73076333039719e-06
40631.52936 4.06659754364418e-06
40645.04168 5.03535905653219e-06
40658.55399 4.75326863248768e-06
40672.0663 3.31674234983153e-06
40685.57862 2.92251609878114e-06
40699.09093 3.19664520142132e-06
40712.60325 2.259062317303e-06
40726.11556 1.42886328199971e-06
40739.62788 1.77331069802934e-06
40753.14019 2.00152758563247e-06
40766.6525 2.14562276507481e-06
40780.16482 2.4307326936628e-06
40793.67713 3.54031574149904e-06
40807.18945 4.50834669424966e-06
40820.70176 3.68828486982528e-06
40834.21408 3.83201632124155e-06
40847.72639 4.72410130609851e-06
40861.23871 3.87061055829158e-06
40874.75102 2.24391718916497e-06
40888.26333 1.64148332226313e-06
40901.77565 1.46931391199411e-06
40915.28796 1.42330943676734e-06
40928.80028 1.81369811541107e-06
40942.31259 6.68104320217486e-07
40955.82491 7.90233894093887e-07
40969.33722 6.76260409691515e-07
40982.84953 5.4067286551416e-07
40996.36185 1.32133925386335e-06
41009.87416 1.55942275168253e-06
41023.38648 1.38808060376218e-06
41036.89879 5.39100413657609e-07
41050.41111 1.04251920298484e-06
41063.92342 1.44145173160105e-06
41077.43574 2.47473875916078e-06
41090.94805 3.35331232538657e-06
41104.46036 2.60327135226794e-06
41117.97268 2.75150013478925e-06
41131.48499 4.6588975944382e-06
41144.99731 6.07484398118016e-06
41158.50962 5.00325940396566e-06
41172.02194 3.17685154739435e-06
41185.53425 1.63309111093364e-06
41199.04657 8.23610935318233e-07
41212.55888 1.17052642599502e-06
41226.07119 2.28434533471984e-06
41239.58351 2.82187232796285e-06
41253.09582 2.88293642709584e-06
41266.60814 3.49973951634956e-06
41280.12045 4.628107175117e-06
41293.63277 4.56933568248039e-06
41307.14508 3.17189813861831e-06
41320.65739 1.64681876292076e-06
41334.16971 1.65661045196231e-06
41347.68202 1.65661815918059e-06
41361.19434 1.77183484877708e-06
41374.70665 1.29093879971787e-06
41388.21897 1.21746656454676e-06
41401.73128 4.9559683334183e-07
41415.2436 1.5807273723654e-06
41428.75591 2.51490210255342e-06
41442.26822 2.58959539451635e-06
41455.78054 2.76118757579803e-06
41469.29285 3.77126892943329e-06
41482.80517 2.49918667657667e-06
41496.31748 1.44959468246429e-06
41509.8298 1.49472790277237e-06
41523.34211 2.18674006697096e-06
41536.85442 4.91636876418028e-06
41550.36674 5.3771215445492e-06
41563.87905 3.86690756532584e-06
41577.39137 2.43721004949192e-06
41590.90368 2.11083280855041e-06
41604.416 3.8712843237486e-06
41617.92831 5.73049038349353e-06
41631.44063 5.63185579722245e-06
41644.95294 5.25402791536597e-06
41658.46525 4.55296312860041e-06
41671.97757 4.2607578742394e-06
41685.48988 4.36222962913387e-06
41699.0022 4.0819602113458e-06
41712.51451 4.22921513222133e-06
41726.02683 5.14903394567525e-06
41739.53914 5.86324104563095e-06
41753.05146 5.99884333212795e-06
41766.56377 7.1082575677963e-06
41780.07608 7.38591918226307e-06
41793.5884 7.47773494917713e-06
41807.10071 5.24947169737587e-06
41820.61303 2.91916659072662e-06
41834.12534 2.70542504020931e-06
41847.63766 3.01052640009591e-06
41861.14997 2.73967537424806e-06
41874.66228 2.66700809712041e-06
41888.1746 2.44001482973125e-06
41901.68691 2.79558430226893e-06
41915.19923 3.05435246586616e-06
41928.71154 4.74923594872286e-06
41942.22386 5.42970534309235e-06
41955.73617 5.23044693079024e-06
41969.24849 5.2214635916486e-06
41982.7608 5.70507934765338e-06
41996.27311 6.46294184200586e-06
42009.78543 6.68855898362917e-06
42023.29774 6.76223077201188e-06
42036.81006 7.52284856485066e-06
42050.32237 7.90145794883661e-06
42063.83469 7.68319153209177e-06
42077.347 7.02558332878667e-06
42090.85931 6.6276846825497e-06
42104.37163 6.12033764254186e-06
42117.88394 5.10285182287398e-06
42131.39626 4.93532305984018e-06
42144.90857 6.00211653085177e-06
42158.42089 6.55318691478275e-06
42171.9332 7.09675534838915e-06
42185.44552 6.50493288065351e-06
42198.95783 4.64346105331071e-06
42212.47014 4.20346913500257e-06
42225.98246 4.47941320981525e-06
42239.49477 6.07233801350155e-06
42253.00709 7.76477413257713e-06
42266.5194 7.9510674142031e-06
42280.03172 7.20014155730263e-06
42293.54403 5.87413369302009e-06
42307.05634 3.79012458215634e-06
42320.56866 2.62177036096769e-06
42334.08097 2.81918790572941e-06
42347.59329 3.81491867881979e-06
42361.1056 3.6265772521516e-06
42374.61792 2.3024070735574e-06
42388.13023 1.09795732451174e-06
42401.64255 9.55143737309123e-07
42415.15486 8.30322331063784e-07
42428.66717 1.06471783346591e-06
42442.17949 1.21614618351582e-06
42455.6918 1.10576017502465e-06
42469.20412 1.71208036072468e-06
42482.71643 1.11438646736726e-06
42496.22875 7.13901439005537e-07
42509.74106 1.17408811474485e-07
42523.25338 1.01896653458166e-08
42536.76569 5.10603533491999e-09
42550.278 5.10516431254578e-09
42563.79032 5.10429055899817e-09
42577.30263 1.73576733774889e-08
42590.81495 1.13089393922732e-07
42604.32726 9.42364152787185e-08
42617.83958 1.0489740342639e-07
42631.35189 5.05854096700761e-07
42644.8642 8.51772433469082e-07
42658.37652 1.2951817112476e-06
42671.88883 1.04104309879303e-06
42685.40115 9.1073451676525e-07
42698.91346 1.04600810921059e-06
42712.42578 1.30733398952031e-06
42725.93809 1.76151097236657e-06
42739.45041 2.87839684007219e-06
42752.96272 1.92514353601152e-06
42766.47503 9.067111529214e-07
42779.98735 4.34366511839101e-07
42793.49966 4.0102969000953e-07
42807.01198 3.60267864891026e-07
42820.52429 4.35066941681928e-07
42834.03661 7.59462334285734e-07
42847.54892 1.63490020989578e-06
42861.06123 1.77207210309959e-06
42874.57355 1.37329650358558e-06
42888.08586 1.35095254855743e-07
42901.59818 5.07739582088208e-09
42915.11049 5.07701726160048e-09
42928.62281 5.07661877311849e-09
42942.13512 1.59323972278728e-08
42955.64744 7.68394761960411e-07
42969.15975 1.29950008996632e-06
42982.67206 2.6138352710343e-08
42996.18438 5.0860674708318e-09
43009.69669 5.08510753277053e-09
43023.20901 5.08389972349759e-09
43036.72132 8.74184751029105e-09
43050.23364 6.09672668392657e-08
43063.74595 6.65782621211477e-07
43077.25826 9.00218338062152e-07
43090.77058 5.45213192156849e-07
43104.28289 1.57588337664382e-06
43117.79521 4.57698930605137e-07
43131.30752 6.181866435702e-09
43144.81984 7.28193550238768e-08
43158.33215 6.9256311685132e-07
43171.84447 1.03314630048339e-06
43185.35678 7.81350128534767e-07
43198.86909 3.52642182638836e-07
43212.38141 3.26056441599904e-08
43225.89372 2.15981291446037e-07
43239.40604 9.26303242046074e-07
43252.91835 2.364479228367e-07
43266.43067 1.92675055462242e-08
43279.94298 5.06010534518944e-09
43293.4553 5.0588516283235e-09
43306.96761 1.25920536984631e-07
43320.47992 1.34635580235565e-06
43333.99224 2.18494217560699e-06
43347.50455 2.07478835447528e-06
43361.01687 1.83650234207732e-06
43374.52918 1.99937987527734e-06
43388.0415 6.78020791888953e-07
43401.55381 7.45817562069652e-09
43415.06612 5.04654411434857e-09
43428.57844 1.33122339412068e-08
43442.09075 4.02707625401481e-07
43455.60307 2.02127860753546e-07
43469.11538 2.34105820250761e-08
43482.6277 1.17058435370467e-07
43496.14001 1.28230628841729e-07
43509.65233 6.27205204771644e-09
43523.16464 4.26769801697637e-08
43536.67695 8.73737098824668e-07
43550.18927 1.66787513388167e-06
43563.70158 2.06511994427643e-06
43577.2139 2.9439482099776e-06
43590.72621 3.06403933099295e-06
43604.23853 2.3794839205958e-06
43617.75084 3.45864252754217e-07
43631.26315 2.92149836804825e-08
43644.77547 1.06750628310918e-08
43658.28778 3.25798185444187e-07
43671.8001 8.12539581493996e-07
43685.31241 1.25859098118925e-06
43698.82473 1.35361521997358e-06
43712.33704 8.0422847752536e-07
43725.84936 3.99984347233609e-07
43739.36167 8.24150844053544e-07
43752.87398 1.06604664339521e-06
43766.3863 7.90376521312128e-07
43779.89861 6.33467505752681e-07
43793.41093 1.42921889305535e-06
43806.92324 1.35360407078095e-06
43820.43556 1.03160275977572e-08
43833.94787 4.98944430171152e-09
43847.46018 4.986608628514e-09
43860.9725 4.9837590079046e-09
43874.48481 4.98088477942899e-09
43887.99713 6.18768711731397e-09
43901.50944 1.10089239302618e-08
43915.02176 5.38854314242535e-09
43928.53407 4.96931036768657e-09
43942.04639 4.96643036915579e-09
43955.5587 4.9635707555319e-09
43969.07101 4.9610328046964e-09
43982.58333 4.95866472303699e-09
43996.09564 4.95631491910814e-09
44009.60796 4.95398654796008e-09
44023.12027 4.95167218775308e-09
44036.63259 4.94939668610873e-09
44050.1449 4.94722677639373e-09
44063.65722 4.95038225948938e-09
44077.16953 4.94822114245359e-09
44090.68184 4.94612714426414e-09
44104.19416 4.94407797461705e-09
44117.70647 4.94208797751879e-09
44131.21879 4.94083937464928e-09
44144.7311 4.94391058253882e-09
44158.24342 4.94209128710913e-09
44171.75573 4.94033157849316e-09
44185.26804 4.93861589066693e-09
44198.78036 4.93694139088104e-09
44212.29267 4.2087610314985e-08
44225.80499 3.18137434511672e-07
44239.3173 6.03599019187095e-07
44252.82962 5.01576001941567e-07
44266.34193 3.75687364431405e-07
44279.85425 6.0002114565824e-08
44293.36656 4.92943464358502e-09
44306.87887 4.92523240014684e-09
44320.39119 1.49274421526641e-08
44333.9035 1.59591771285207e-07
44347.41582 6.07170962071142e-09
44360.92813 4.92002783246575e-09
44374.44045 4.91881317692352e-09
44387.95276 4.91762539225987e-09
44401.46507 1.13478661375114e-07
44414.97739 9.84807595444568e-07
44428.4897 2.00094937179541e-06
44442.00202 2.17120610429397e-06
44455.51433 1.40399651492107e-06
44469.02665 2.34518737605168e-07
44482.53896 5.63515163050845e-09
44496.05128 4.9084082607995e-09
44509.56359 4.90717089069075e-09
44523.0759 4.90593758645924e-09
44536.58822 4.90469211966365e-09
44550.10053 4.90344523593753e-09
44563.61285 4.90219747881547e-09
44577.12516 4.90095097758713e-09
44590.63748 4.89970222434436e-09
44604.14979 4.89845140842305e-09
44617.66211 4.89723561093124e-09
44631.17442 4.89601512580567e-09
44644.68673 4.89480107084592e-09
44658.19905 4.89355914396756e-09
44671.71136 4.89231851585114e-09
44685.22368 2.93304780351927e-08
44698.73599 4.92677248213276e-07
44712.24831 3.6330084543087e-07
44725.76062 3.78183298500953e-07
44739.27293 1.01180853012453e-06
44752.78525 1.13159101441547e-06
44766.29756 8.15903851761024e-07
44779.80988 1.76387454835646e-06
44793.32219 1.360128215376e-06
44806.83451 3.28677027640717e-07
44820.34682 2.01954052664155e-08
44833.85914 4.88123088855317e-09
44847.37145 4.88379628216814e-09
44860.88376 4.88368745986001e-09
44874.39608 4.88209587870702e-09
44887.90839 4.88047980639988e-09
44901.42071 4.87884194482615e-09
44914.93302 4.87714360583972e-09
44928.44534 4.87540140461416e-09
44941.95765 4.87362287066392e-09
44955.46996 4.87171546111425e-09
44968.98228 4.86979599293583e-09
44982.49459 4.86782455002448e-09
44996.00691 4.86582412576521e-09
45009.51922 6.01477825069838e-09
45023.03154 2.90933576220888e-08
45036.54385 7.11608217952926e-09
45050.05617 4.85776222436873e-09
45063.56848 4.85565602324027e-09
45077.08079 4.85350528960129e-09
45090.59311 4.8513225349731e-09
45104.10542 5.38093107526335e-09
45117.61774 1.3965220504513e-07
45131.13005 8.6844825811648e-07
45144.64237 1.22927196509863e-06
45158.15468 1.329380747722e-06
45171.66699 1.40931356810085e-06
45185.17931 2.46264890650934e-06
45198.69162 2.6322196830292e-06
45212.20394 2.40443937339756e-07
45225.71625 2.41414310558584e-08
45239.22857 5.0329566935014e-09
45252.74088 4.68034332398855e-08
45266.2532 4.65668884195948e-07
45279.76551 5.44647883615604e-07
45293.27782 1.06739399334087e-08
45306.79014 4.81122998487874e-09
45320.30245 4.97803527965537e-09
45333.81477 2.3764296768043e-08
45347.32708 1.47367120436601e-08
45360.8394 4.7997553013904e-09
45374.35171 4.79685115154673e-09
45387.86403 4.79393026254187e-09
45401.37634 5.50099743481079e-09
45414.88865 4.04013785831515e-08
45428.40097 2.87936522754751e-07
45441.91328 9.26488191815297e-07
45455.4256 7.72498163437017e-07
45468.93791 2.51019458362478e-08
45482.45023 4.77297515786374e-09
45495.96254 4.76990617774536e-09
45509.47485 4.7668924150517e-09
45522.98717 8.26847649817806e-09
45536.49948 6.85834141700441e-07
45550.0118 1.95328457137011e-06
45563.52411 2.49631867319895e-06
45577.03643 2.42784838911349e-06
45590.54874 1.79026523217438e-06
45604.06106 1.01452201693364e-06
45617.57337 4.17007280574021e-07
45631.08568 1.16011692580458e-08
45644.598 4.74249297012994e-09
45658.11031 4.73957202805269e-09
45671.62263 4.73665626963551e-09
45685.13494 4.73373414333516e-09
45698.64726 4.730856091338e-09
45712.15957 4.7291151378243e-09
45725.67188 4.73043071002309e-09
45739.1842 4.72751349223962e-09
45752.69651 6.05262126581647e-08
45766.20883 7.45261282502345e-07
45779.72114 3.13405577490434e-06
45793.23346 3.51581084755092e-06
45806.74577 3.84244044799405e-06
45820.25809 4.16475374332067e-06
45833.7704 5.33199635491242e-06
45847.28271 6.47602868148353e-06
45860.79503 7.49848480225815e-06
45874.30734 6.32695864758614e-06
45887.81966 3.42680736853763e-06
45901.33197 2.93755714404677e-06
45914.84429 2.34027382213205e-06
45928.3566 2.12138284205562e-06
45941.86891 2.18120663793532e-06
45955.38123 3.55320317065128e-06
45968.89354 5.5093576849987e-06
45982.40586 1.07591264748984e-05
45995.91817 1.73028651110157e-05
46009.43049 2.69343522159933e-05
46022.9428 3.87998850151227e-05
46036.45512 4.98048687175447e-05
46049.96743 6.32182171579073e-05
46063.47974 7.68369498362726e-05
46076.99206 8.65141621138693e-05
46090.50437 9.3613914081558e-05
46104.01669 9.66687582469655e-05
46117.529 9.74188870472547e-05
46131.04132 9.77312440761248e-05
46144.55363 9.73425575584531e-05
46158.06595 9.63165190265956e-05
46171.57826 9.66275823070064e-05
46185.09057 9.95724088675806e-05
46198.60289 0.000105081991974918
46212.1152 0.00011176792847796
46225.62752 0.000119298355289964
46239.13983 0.000128890859059883
46252.65215 0.000139870624696416
46266.16446 0.000152236143044364
46279.67677 0.000166344697331476
46293.18909 0.000182482625227336
46306.7014 0.000202076725069588
46320.21372 0.000223580486798766
46333.72603 0.000247444071976814
46347.23835 0.000274628600861422
46360.75066 0.000306904436143243
46374.26298 0.000344835947992739
46387.77529 0.000392117832788302
46401.2876 0.00045087507963627
46414.79992 0.000523498986992928
46428.31223 0.000616008270553053
46441.82455 0.000726451402848734
46455.33686 0.000858879241106197
46468.84918 0.0010222947435105
46482.36149 0.00121874402498059
46495.8738 0.00145535382843215
46509.38612 0.00173403750902907
46522.89843 0.00206655609218111
46536.41075 0.00245724461824568
46549.92306 0.00291514426323396
46563.43538 0.00345337197299697
46576.94769 0.00408025118284384
46590.46001 0.00481796775469978
46603.97232 0.00568642753381892
46617.48463 0.00670499779273833
46630.99695 0.00790399241535423
46644.50926 0.00931657908415155
46658.02158 0.0110091874508176
46671.53389 0.0130397547155204
46685.04621 0.0154909611223212
46698.55852 0.0185317015449894
46712.07083 0.0222827669990295
46725.58315 0.0270064483530054
46739.09546 0.0330726643952267
46752.60778 0.0407568017442923
46766.12009 0.0507278883394263
46779.63241 0.0634848548168033
46793.14472 0.0796770293977287
46806.65704 0.0997064805142201
46820.16935 0.123537315888594
46833.68166 0.151692822703366
46847.19398 0.18000437438244
46860.70629 0.209471607350243
46874.21861 0.237149581153416
46887.73092 0.258310632147543
46901.24324 0.276415151431905
46914.75555 0.287648389728362
46928.26787 0.294245685205162
46941.78018 0.298276353137853
46955.29249 0.299158246655647
46968.80481 0.299544903130582
46982.31712 0.299857991834206
46995.82944 0.300183924256949
47009.34175 0.300758428438654
47022.85407 0.301692986409707
47036.36638 0.302782369839761
47049.87869 0.303788819427563
47063.39101 0.30441256485344
47076.90332 0.30438446777421
47090.41564 0.303942578545098
47103.92795 0.302552867611622
47117.44027 0.300861386852416
47130.95258 0.298839060841428
47144.4649 0.296876042059117
47157.97721 0.295183037421092
47171.48952 0.294018793567178
47185.00184 0.293503465174624
47198.51415 0.293198995371386
47212.02647 0.292714211768774
47225.53878 0.29067761405772
47239.0511 0.287438296620887
47252.56341 0.278163763418524
47266.07572 0.265547350121758
47279.58804 0.248039012445709
47293.10035 0.224040698177398
47306.61267 0.198798012947717
47320.12498 0.169829731266103
47333.6373 0.141537989577599
47347.14961 0.115984660571598
47360.66193 0.0919123207131557
47374.17424 0.0722363044819938
47387.68655 0.0560775963890216
47401.19887 0.0433395025668367
47414.71118 0.0334853829032492
47428.2235 0.0259763510163315
47441.73581 0.0202778567319141
47455.24813 0.0159046487240419
47468.76044 0.0126395157077925
47482.27276 0.0101008062789043
47495.78507 0.00814595452110152
47509.29738 0.00663448558979046
47522.8097 0.00543137937436488
47536.32201 0.00449630911808191
47549.83433 0.0037456037236861
47563.34664 0.00313822454202222
47576.85896 0.00265276103744167
47590.37127 0.00225103742747276
47603.88358 0.00192354086519884
47617.3959 0.00165302756413196
47630.90821 0.0014247651238411
47644.42053 0.00123252832036113
47657.93284 0.0010680480927116
47671.44516 0.000927506426423133
47684.95747 0.000807286616017501
47698.46979 0.000703240619213965
47711.9821 0.000613333477335261
47725.49441 0.000537816020338545
47739.00673 0.000473593578615032
47752.51904 0.000421700669951754
47766.03136 0.000377045043270004
47779.54367 0.000339477968164705
47793.05599 0.000309240341691107
47806.5683 0.000283385295368258
47820.08061 0.000262022795162753
47833.59293 0.000242267053931749
47847.10524 0.000223969853583765
47860.61756 0.000207100499189348
47874.12987 0.000191178091699213
47887.64219 0.000174662884023517
47901.1545 0.000158565344923404
47914.66682 0.000143121971702807
47928.17913 0.000129159196798108
47941.69144 0.000116253104181091
47955.20376 0.000103775833947215
47968.71607 9.3080393055478e-05
47982.22839 8.37835954034564e-05
47995.7407 7.71041451741652e-05
48009.25302 7.02607730053128e-05
48022.76533 6.24939060564445e-05
48036.27764 5.42562466063779e-05
48049.78996 4.66420603076295e-05
48063.30227 4.08350337897749e-05
48076.81459 3.55195977906985e-05
48090.3269 3.06233304227175e-05
48103.83922 2.57073685343286e-05
48117.35153 2.1848002045052e-05
48130.86385 1.89474132005469e-05
48144.37616 1.57687667898956e-05
48157.88847 1.22978122561124e-05
48171.40079 7.75483554591662e-06
48184.9131 4.90152131194236e-06
48198.42542 2.42823499544331e-06
48211.93773 1.20387687172581e-06
48225.45005 6.37770192839398e-07
48238.96236 2.53836805069724e-08
48252.47468 4.11810658562972e-09
48265.98699 4.11533978100791e-09
48279.4993 1.28648274130564e-08
48293.01162 7.28827368256229e-07
48306.52393 2.606667192942e-06
48320.03625 5.00014390961371e-06
48333.54856 6.61797787429985e-06
48347.06088 8.17749519273021e-06
48360.57319 9.28386942590386e-06
48374.0855 9.86207460201293e-06
48387.59782 1.0327693290358e-05
48401.11013 1.01671554729389e-05
48414.62245 1.06843751100806e-05
48428.13476 1.01822230837108e-05
48441.64708 9.03491554932477e-06
48455.15939 7.86062844619109e-06
48468.67171 6.62269005761327e-06
48482.18402 5.77166298077558e-06
48495.69633 5.67314813324805e-06
48509.20865 5.26952480624268e-06
48522.72096 5.46561173440276e-06
48536.23328 4.82221401374195e-06
48549.74559 4.33717801490264e-06
48563.25791 4.2325774249269e-06
48576.77022 4.46371457034186e-06
48590.28253 4.82227161407122e-06
48603.79485 4.07375914910766e-06
48617.30716 2.48250923342211e-06
48630.81948 2.46329499900511e-06
48644.33179 2.89910499385841e-06
48657.84411 3.67767149555689e-06
48671.35642 3.10315665877845e-06
48684.86874 2.29679257558548e-06
48698.38105 1.39053951006259e-06
48711.89336 7.87564340675847e-07
48725.40568 6.53130285219312e-07
48738.91799 2.03160287169783e-07
48752.43031 5.76287169291794e-08
48765.94262 6.01197872414671e-09
48779.45494 3.95199992742819e-09
48792.96725 3.94366855106796e-09
48806.47956 1.39427563436696e-08
48819.99188 2.30239801223433e-07
48833.50419 3.38393059801024e-07
48847.01651 5.0383502916385e-07
48860.52882 7.84090002367802e-07
48874.04114 1.16920129535367e-06
48887.55345 2.22321674652616e-06
48901.06577 2.41457378548943e-06
48914.57808 2.67111514358326e-06
48928.09039 3.11989957415229e-06
48941.60271 3.42505742276993e-06
48955.11502 3.57862283013861e-06
48968.62734 2.73670267806836e-06
48982.13965 1.63783977344705e-06
48995.65197 3.14936890105818e-07
49009.16428 4.15497396486756e-08
49022.6766 5.26539706975748e-09
49036.18891 3.78777125633572e-09
49049.70122 3.77919573154201e-09
49063.21354 3.77068777705779e-09
49076.72585 3.76223189681065e-09
49090.23817 3.75378949023694e-09
49103.75048 3.74535702762599e-09
49117.2628 3.73697078431083e-09
49130.77511 3.72862039730551e-09
49144.28742 3.72027834701614e-09
49157.79974 3.71189367414735e-09
49171.31205 3.70345752432554e-09
49184.82437 3.69497351029105e-09
49198.33668 3.68644774575235e-09
49211.849 3.67779862641685e-09
49225.36131 3.66900047427682e-09
49238.87363 3.66004313853569e-09
49252.38594 3.65091812919085e-09
49265.89825 3.64164020094047e-09
49279.41057 3.63212218450487e-09
49292.92288 3.62233743390011e-09
49306.4352 3.61223615503973e-09
49319.94751 3.60182104262139e-09
49333.45983 3.59108570251212e-09
49346.97214 3.57993018673595e-09
49360.48445 3.56834010952897e-09
49373.99677 3.55619556321863e-09
49387.50908 3.5435517592583e-09
49401.0214 3.53033671939469e-09
49414.53371 3.51824982912462e-09
49428.04603 3.50583196608302e-09
49441.55834 3.49053039023266e-09
49455.07066 3.45336988846937e-09
49468.58297 3.40188909848262e-09
49482.09528 3.40743917398994e-09
49495.6076 3.42153877598271e-09
49509.11991 3.40208981729515e-09
49522.63223 3.38176672291863e-09
49536.14454 3.36044936978441e-09
49549.65686 8.69175618207842e-09
49563.16917 2.64514429741191e-07
49576.68148 2.33261318635855e-08
49590.1938 3.26535308468537e-09
49603.70611 3.2390277171068e-09
49617.21843 3.21172592736187e-09
49630.73074 3.18330806101949e-09
49644.24306 3.15395319280738e-09
49657.75537 3.12348611716686e-09
49671.26769 3.09212997006305e-09
49684.78 3.05977306899831e-09
49698.29231 3.02646057861478e-09
49711.80463 4.15995781958264e-09
49725.31694 7.73986661416427e-08
49738.82926 6.6301938715153e-08
49752.34157 3.78722956112761e-09
49765.85389 2.84711160142562e-09
49779.3662 2.80885060540435e-09
49792.87852 2.76993175168654e-09
49806.39083 2.73040275704996e-09
49819.90314 2.6902500140426e-09
49833.41546 2.64962474607116e-09
49846.92777 2.60839333287698e-09
49860.44009 6.55163356809194e-09
49873.9524 1.03835486533174e-07
49887.46472 1.03105413755709e-08
49900.97703 2.44006243436497e-09
49914.48934 2.39727966590472e-09
49928.00166 2.35437086776592e-09
49941.51397 2.31129760241856e-09
49955.02629 6.49998664426971e-09
49968.5386 2.46216470261628e-07
49982.05092 4.18540150211281e-07
49995.56323 2.78149202044829e-07
50009.07555 9.38139563173848e-09
50022.58786 2.05389152497549e-09
50036.10017 2.01160826637745e-09
50049.61249 1.9695642672621e-09
50063.1248 1.92769230964695e-09
50076.63712 1.88617242950318e-09
50090.14943 1.84693424200977e-09
50103.66175 1.80600928436322e-09
50117.17406 1.76542194701037e-09
50130.68637 1.72520796794113e-09
50144.19869 1.6854164759567e-09
50157.711 1.64602708159098e-09
50171.22332 1.60711371909905e-09
50184.73563 1.56860327114569e-09
50198.24795 1.53059340803068e-09
50211.76026 1.49303521193653e-09
50225.27258 1.45599405069868e-09
50238.78489 1.41943909870749e-09
50252.2972 1.38337047153078e-09
50265.80952 1.51127453180509e-09
50279.32183 3.12334829198611e-09
50292.83415 4.14417942215761e-09
50306.34646 4.25288022330611e-08
50319.85878 1.54356212307962e-07
50333.37109 1.64343486915265e-07
50346.88341 8.74912851735043e-08
50360.39572 3.81969747804983e-08
50373.90803 2.20033401692387e-09
50387.42035 1.0493871257413e-09
50400.93266 1.01855101852975e-09
50414.44498 9.88200206609305e-10
50427.95729 9.5826896424111e-10
50441.46961 9.28846184114729e-10
50454.98192 8.99837843241898e-10
50468.49423 8.71305034263102e-10
50482.00655 8.43200049963849e-10
50495.51886 8.15554461468517e-10
50509.03118 7.88364208395066e-10
50522.54349 7.61612132567146e-10
50536.05581 1.26828244127516e-09
50549.56812 2.49862070057749e-08
50563.08044 1.87156444865335e-07
50576.59275 3.9518284954316e-07
50590.10506 4.84148769746343e-07
50603.61738 4.49277535850909e-07
50617.12969 3.19083015290045e-07
50630.64201 2.24133140690632e-07
50644.15432 2.031492287018e-07
50657.66664 1.91637640320782e-07
50671.17895 1.69360128363807e-07
50684.69126 1.42088960821549e-07
50698.20358 9.86090391850903e-08
50711.71589 5.49321927583251e-08
50725.22821 3.11453301456398e-08
50738.74052 3.82572744358329e-09
50752.25284 4.44591149597888e-10
50765.76515 1.00578873633736e-09
50779.27747 3.27064643570967e-08
50792.78978 3.25423052382833e-08
50806.30209 5.91473844975317e-08
50819.81441 4.71972999400132e-08
50833.32672 1.44153310338489e-08
50846.83904 6.66965070002018e-10
50860.35135 2.54521781576347e-10
50873.86367 2.41221751207164e-10
50887.37598 2.28478711427716e-10
50900.88829 2.16265312850201e-10
50914.40061 2.04588742244492e-10
50927.91292 1.93432581793205e-10
50941.42524 1.82791387142582e-10
50954.93755 1.72652031228984e-10
50968.44987 1.62997601744397e-10
50981.96218 1.53819292661807e-10
50995.4745 1.45096413149995e-10
