"wave" "response" 
11619.522 0
11628 0.00927881
11636.13 0.018177624
11644.261 0.031567025
11652.391 0.055594152
11660.521 0.065643627
11668.651 0.088845042
11676.782 0.10044571
11684.912 0.11352622
11693.042 0.13781723
11701.172 0.14782613
11709.303 0.17312385
11717.433 0.18493492
11725.563 0.19770334
11733.693 0.22225272
11741.824 0.2322468
11749.954 0.25518237
11758.084 0.26720234
11766.214 0.27966293
11774.345 0.30447563
11782.475 0.31448169
11790.605 0.3394758
11798.735 0.35169659
11806.866 0.36386478
11814.996 0.38890778
11823.126 0.39890934
11831.257 0.42364348
11839.387 0.43619455
11847.517 0.44816333
11855.647 0.47112597
11863.778 0.48113009
11871.908 0.50561386
11880.038 0.51846018
11888.168 0.52631052
11896.299 0.53061629
11904.429 0.53317828
11912.559 0.53495929
11920.689 0.53624333
11928.82 0.53722397
11936.95 0.5380251
11945.08 0.53865281
11953.21 0.5392019
11961.341 0.5396982
11969.471 0.54012336
11977.601 0.54053061
11985.731 0.54089669
11993.862 0.54125401
12001.992 0.54157656
12010.122 0.54188425
12018.253 0.54218199
12026.383 0.54246765
12034.513 0.5427524
12042.643 0.54302923
12050.774 0.54330605
12058.904 0.54358539
12067.034 0.54386592
12075.164 0.54414776
12083.295 0.54443468
12091.425 0.54472161
12099.555 0.54500825
12107.685 0.54529478
12115.816 0.5455794
12123.946 0.54585672
12132.076 0.54613405
12140.206 0.54639238
12148.337 0.5466429
12156.467 0.5468878
12164.597 0.54711151
12172.727 0.54733521
12180.858 0.5475211
12188.988 0.54769159
12197.118 0.54785267
12205.248 0.54797873
12213.379 0.54810479
12221.509 0.54818607
12229.639 0.5482493
12237.77 0.54829712
12245.9 0.54828831
12254.03 0.54827951
12262.16 0.54821916
12270.291 0.54813832
12278.421 0.54804394
12286.551 0.54790066
12294.681 0.54775737
12302.812 0.54757586
12310.942 0.54737934
12319.072 0.547175
12327.202 0.54694286
12335.333 0.54671072
12343.463 0.54646588
12351.593 0.54621613
12359.723 0.54596245
12367.854 0.54569509
12375.984 0.54542773
12384.114 0.54516674
12392.244 0.54490818
12400.375 0.5446536
12408.505 0.54441265
12416.635 0.54417171
12424.766 0.54395027
12432.896 0.54373614
12441.026 0.54353236
12449.156 0.54336346
12457.287 0.54319456
12465.417 0.54305869
12473.547 0.54293502
12481.677 0.54282581
12489.808 0.54276458
12497.938 0.54270335
12506.068 0.54268788
12514.198 0.54268908
12522.329 0.54270285
12530.459 0.54275768
12538.589 0.54281251
12546.719 0.54290001
12554.85 0.54299926
12562.98 0.54310903
12571.11 0.5432527
12579.24 0.54339637
12587.371 0.54356633
12595.501 0.54374562
12603.631 0.54392701
12611.762 0.5441151
12619.892 0.54430318
12628.022 0.54449779
12636.152 0.54469468
12644.283 0.54489148
12652.413 0.54508797
12660.543 0.54528446
12668.673 0.54547412
12676.804 0.54566141
12684.934 0.54584001
12693.064 0.54599168
12701.194 0.54614335
12709.325 0.54626849
12717.455 0.54638454
12725.585 0.54648965
12733.715 0.54656129
12741.846 0.54663293
12749.976 0.54666447
12758.106 0.54668248
12766.236 0.54668713
12774.367 0.54665151
12782.497 0.54661589
12790.627 0.54653312
12798.758 0.54643467
12806.888 0.54632735
12815.018 0.54619367
12823.148 0.54605999
12831.279 0.54589979
12839.409 0.54573089
12847.539 0.54555302
12855.669 0.5453489
12863.8 0.54514478
12871.93 0.54492734
12880.06 0.54470561
12888.19 0.54448388
12896.321 0.54426214
12904.451 0.54404041
12912.581 0.54381868
12920.711 0.54359694
12928.842 0.5433798
12936.972 0.54317568
12945.102 0.54297156
12953.232 0.54278788
12961.363 0.54261057
12969.493 0.54244034
12977.623 0.54228985
12985.754 0.54213936
12993.884 0.54202348
13002.014 0.54191822
13010.144 0.54182234
13018.275 0.5417523
13026.405 0.54168226
13034.535 0.54163927
13042.665 0.54160445
13050.796 0.54158148
13058.926 0.54159068
13067.056 0.54159989
13075.186 0.54163623
13083.317 0.54168065
13091.447 0.54172986
13099.577 0.54179189
13107.707 0.54185392
13115.838 0.54192956
13123.968 0.5420092
13132.098 0.54209126
13140.228 0.5421797
13148.359 0.54226815
13156.489 0.54236342
13164.619 0.54246067
13172.749 0.54256036
13180.88 0.54266641
13189.01 0.54277246
13197.14 0.5428782
13205.271 0.54298385
13213.401 0.54308951
13221.531 0.54319516
13229.661 0.54330081
13237.792 0.54340646
13245.922 0.54351212
13254.052 0.54361281
13262.182 0.54370085
13270.313 0.5437889
13278.443 0.54386315
13286.573 0.54393359
13294.703 0.54399902
13302.834 0.54405185
13310.964 0.54410467
13319.094 0.54414367
13327.224 0.54417888
13335.355 0.54420653
13343.485 0.54421533
13351.615 0.54422414
13359.745 0.54421212
13367.876 0.54419451
13376.006 0.5441667
13384.136 0.54411388
13392.267 0.54406105
13400.397 0.54398036
13408.527 0.54389231
13416.657 0.54379116
13424.788 0.54365829
13432.918 0.54352541
13441.048 0.54335695
13449.178 0.54317925
13457.309 0.54298843
13465.439 0.5427663
13473.569 0.54254416
13481.699 0.54228664
13489.83 0.54202007
13497.96 0.54174551
13506.09 0.54145213
13514.22 0.54115875
13522.351 0.54084391
13530.481 0.54052371
13538.611 0.54020327
13546.741 0.53988227
13554.872 0.53956127
13563.002 0.53923962
13571.132 0.53891782
13579.263 0.53860113
13587.393 0.53829614
13595.523 0.53799115
13603.653 0.53769971
13611.784 0.53741154
13619.914 0.53713739
13628.044 0.53689485
13636.174 0.5366523
13644.305 0.53644667
13652.435 0.53624976
13660.565 0.53607223
13668.695 0.53593776
13676.826 0.53580328
13684.956 0.5357195
13693.086 0.53564746
13701.216 0.53559223
13709.347 0.53557382
13717.477 0.53555541
13725.607 0.53558069
13733.737 0.53561591
13741.868 0.53565998
13749.998 0.53572322
13758.128 0.53578645
13766.259 0.53587258
13774.389 0.53596382
13782.519 0.53606119
13790.649 0.53617164
13798.78 0.5362821
13806.91 0.5364083
13815.04 0.53653796
13823.17 0.53666737
13831.301 0.53679623
13839.431 0.5369251
13847.561 0.5370533
13855.691 0.53718136
13863.822 0.53730645
13871.952 0.53742531
13880.082 0.53754417
13888.212 0.53765543
13896.343 0.53776509
13904.473 0.53787174
13912.603 0.53797219
13920.733 0.53807264
13928.864 0.53816548
13936.994 0.53825672
13945.124 0.53834771
13953.255 0.53843815
13961.385 0.5385286
13969.515 0.53861838
13977.645 0.53870802
13985.776 0.5387974
13993.906 0.53888625
14002.036 0.53897509
14010.166 0.53905595
14018.297 0.53913519
14026.427 0.53920855
14034.557 0.53927018
14042.687 0.53933182
14050.818 0.53937875
14058.948 0.53942277
14067.078 0.53946088
14075.208 0.53948729
14083.339 0.5395137
14091.469 0.53952537
14099.599 0.53953418
14107.729 0.53953404
14115.86 0.53951643
14123.99 0.53949882
14132.12 0.53945902
14140.251 0.539415
14148.381 0.53936195
14156.511 0.53929152
14164.641 0.53922108
14172.772 0.53912838
14180.902 0.53903152
14189.032 0.53892558
14197.162 0.53880231
14205.293 0.53867904
14213.423 0.53854054
14221.553 0.53839926
14229.683 0.53825478
14237.814 0.53810429
14245.944 0.53795381
14254.074 0.53779551
14262.204 0.53763582
14270.335 0.5374729
14278.465 0.537304
14286.595 0.53713511
14294.725 0.53695837
14302.856 0.53678027
14310.986 0.53660188
14319.116 0.53642297
14327.246 0.53624407
14335.377 0.53606448
14343.507 0.53588478
14351.637 0.53570479
14359.768 0.53552428
14367.898 0.53534377
14376.028 0.53516258
14384.158 0.53498128
14392.289 0.53479968
14400.419 0.53461758
14408.549 0.53443547
14416.679 0.53426094
14424.81 0.53408764
14432.94 0.53391448
14441.07 0.53374158
14449.2 0.53356868
14457.331 0.53339612
14465.461 0.53322362
14473.591 0.53305127
14481.721 0.53287917
14489.852 0.53270707
14497.982 0.53253531
14506.112 0.53236361
14514.242 0.53219559
14522.373 0.5320339
14530.503 0.5318722
14538.633 0.5317192
14546.764 0.53156752
14554.894 0.53141953
14563.024 0.53127785
14571.154 0.53113617
14579.285 0.53099554
14587.415 0.53085506
14595.545 0.53071502
14603.675 0.53057574
14611.806 0.53043646
14619.936 0.53029018
14628.066 0.5301429
14636.196 0.52999892
14644.327 0.52986044
14652.457 0.52972196
14660.587 0.52959121
14668.717 0.52946154
14676.848 0.5293352
14684.978 0.52921433
14693.108 0.52909346
14701.238 0.52898034
14709.369 0.52886828
14717.499 0.52875607
14725.629 0.5286436
14733.76 0.52853114
14741.89 0.52841832
14750.02 0.52830546
14758.15 0.52819244
14766.281 0.52807918
14774.411 0.52796591
14782.541 0.5278679
14790.671 0.52777184
14798.802 0.52768246
14806.932 0.52760361
14815.062 0.52752477
14823.192 0.52746122
14831.323 0.52739959
14839.453 0.52734139
14847.583 0.52728856
14855.713 0.52723573
14863.844 0.52719075
14871.974 0.52714673
14880.104 0.52710616
14888.234 0.52707094
14896.365 0.52703572
14904.495 0.52700838
14912.625 0.52698196
14920.756 0.52695555
14928.886 0.52692914
14937.016 0.52690272
14945.146 0.52687631
14953.277 0.52684989
14961.407 0.52682348
14969.537 0.52679707
14977.667 0.52677065
14985.798 0.52673632
14993.928 0.5267011
15002.058 0.52666235
15010.188 0.52661832
15018.319 0.5265743
15026.449 0.52652233
15034.579 0.5264695
15042.709 0.52641312
15050.84 0.52635148
15058.97 0.52628985
15067.1 0.52622025
15075.23 0.52614981
15083.361 0.52607579
15091.491 0.52599655
15099.621 0.5259173
15107.752 0.52583006
15115.882 0.52574202
15124.012 0.52565757
15132.142 0.52557833
15140.273 0.52549908
15148.403 0.52542786
15156.533 0.52535742
15164.663 0.52529061
15172.794 0.52522897
15180.924 0.52516734
15189.054 0.52504027
15197.184 0.52490699
15205.315 0.52474683
15213.445 0.52454873
15221.575 0.52435063
15229.705 0.52409664
15237.836 0.52383917
15245.966 0.52355252
15254.096 0.52323871
15262.226 0.52291576
15270.357 0.52254797
15278.487 0.52218017
15286.617 0.52176341
15294.747 0.52134242
15302.878 0.52087777
15311.008 0.52040201
15319.138 0.51986755
15327.269 0.51931847
15335.399 0.51868926
15343.529 0.5180162
15351.659 0.51726754
15359.79 0.51621795
15367.92 0.51475748
15376.05 0.51245549
15384.18 0.50848621
15392.311 0.49933069
15400.441 0.48470853
15408.571 0.48026693
15416.701 0.45882562
15424.832 0.4427566
15432.962 0.42983192
15441.092 0.40794845
15449.222 0.39911855
15457.353 0.37662604
15465.483 0.36101736
15473.613 0.34808087
15481.743 0.32541271
15489.874 0.31658703
15498.004 0.29485997
15506.134 0.28073622
15514.265 0.26585469
15522.395 0.24424052
15530.525 0.23585734
15538.655 0.21399467
15546.786 0.20081715
15554.916 0.18406858
15563.046 0.16168616
15571.176 0.15457088
15579.307 0.13172135
15587.437 0.11872096
15595.567 0.10189192
15603.697 0.080555609
15611.828 0.072055673
15619.958 0.050029245
15628.088 0.039214876
15636.218 0.028918486
15644.349 0.014533211
15652.479 0.0012730076
15653.259 0
