"wave" "response"
20004.66386 9.8417181918758e-12
20020.74478 7.69078983809759e-12
20036.8257 6.33614839298393e-12
20052.90662 5.86768655786777e-12
20068.98754 4.70472357043849e-12
20085.06846 3.39436168978918e-12
20101.14938 2.64225261725784e-12
20117.2303 2.44334183954726e-12
20133.31122 2.74372539037975e-12
20149.39214 2.82970187498495e-12
20165.47306 2.95617283462536e-12
20181.55398 2.50414909652394e-12
20197.6349 2.63615362876119e-12
20213.71582 3.49964369405709e-12
20229.79674 3.4517632836093e-12
20245.87766 2.71532829344318e-12
20261.95858 2.8348260389935e-12
20278.03949 3.61252039480894e-12
20294.12041 3.92412063106244e-12
20310.20133 3.54695640528101e-12
20326.28225 3.734639770291e-12
20342.36317 4.27722418718431e-12
20358.44409 4.5858953738861e-12
20374.52501 4.74260252688034e-12
20390.60593 4.5720780280216e-12
20406.68685 4.32806260491455e-12
20422.76777 4.50947446401692e-12
20438.84869 5.0034607235345e-12
20454.92961 4.43511024113578e-12
20471.01053 3.63524078609559e-12
20487.09145 4.1251435673601e-12
20503.17237 5.38865055704063e-12
20519.25329 5.32952566482115e-12
20535.33421 4.72494001492771e-12
20551.41513 4.67115116541806e-12
20567.49605 5.17585730935687e-12
20583.57697 5.06032412691216e-12
20599.65788 4.67804645919662e-12
20615.7388 4.72000460312729e-12
20631.81972 5.18911009866203e-12
20647.90064 6.33400410727452e-12
20663.98156 8.36713024339566e-12
20680.06248 9.21435424502027e-12
20696.1434 8.85232171303949e-12
20712.22432 9.41368704265821e-12
20728.30524 1.12578176121077e-11
20744.38616 1.16454504403515e-11
20760.46708 9.85583251514923e-12
20776.548 9.50708810058412e-12
20792.62892 1.19286506954847e-11
20808.70984 1.43054871479828e-11
20824.79076 1.48590034719397e-11
20840.87168 1.62443552314536e-11
20856.9526 2.03983354452736e-11
20873.03352 2.579833666737e-11
20889.11444 3.09058516248728e-11
20905.19536 3.75718120562834e-11
20921.27627 3.57953248290936e-11
20937.35719 3.84999635829353e-11
20953.43811 5.16600638905298e-11
20969.51903 7.11594443204721e-11
20985.59995 7.99828606756853e-11
21001.68087 8.52329378923419e-11
21017.76179 1.06130844338483e-10
21033.84271 1.43807235192377e-10
21049.92363 1.62191363541376e-10
21066.00455 1.56256035349775e-10
21082.08547 1.54245400121528e-10
21098.16639 1.5602262351384e-10
21114.24731 1.50278810620054e-10
21130.32823 1.30184838346425e-10
21146.40915 1.05950534693316e-10
21162.49007 6.32548583240857e-11
21178.57099 3.6861529363807e-11
21194.65191 6.6065296843614e-11
21210.73283 1.20389808731858e-10
21226.81375 1.07743253769408e-10
21242.89466 8.47898632812929e-11
21258.97558 9.84548105056755e-11
21275.0565 1.36677065614418e-10
21291.13742 9.77443696084055e-11
21307.21834 6.05574799052547e-11
21323.29926 4.80476779024271e-11
21339.38018 5.43222953220107e-11
21355.4611 6.79346885567538e-11
21371.54202 5.29362807297e-11
21387.62294 4.46647150637512e-11
21403.70386 1.86310924015245e-11
21419.78478 1.26190105832569e-11
21435.8657 1.493341449185e-11
21451.94662 2.0876859302029e-11
21468.02754 4.19283431192634e-12
21484.10846 2.59879516816621e-13
21500.18938 1.55863562910883e-13
21516.2703 1.71086216756434e-12
21532.35122 2.06260947135254e-11
21548.43214 8.58607030139425e-13
21564.51305 1.27954977306341e-13
21580.59397 1.20371139311202e-13
21596.67489 1.22120103190416e-13
21612.75581 1.24270477703756e-13
21628.83673 1.26247202305364e-13
21644.91765 1.28772950758078e-13
21660.99857 1.31617166082495e-13
21677.07949 1.34792409516043e-13
21693.16041 1.38300812900622e-13
21709.24133 1.41842693218181e-13
21725.32225 1.4626403424997e-13
21741.40317 1.50956548486234e-13
21757.48409 1.56138669993173e-13
21773.56501 1.61843650087378e-13
21789.64593 1.68104501067545e-13
21805.72685 1.75047568243073e-13
21821.80777 1.82669967645687e-13
21837.88869 1.91285683769969e-13
21853.96961 2.01125068119913e-13
21870.05053 2.11470812638989e-13
21886.13145 2.23060773526011e-13
21902.21236 2.35918299589355e-13
21918.29328 2.503067255086e-13
21934.3742 2.75013261028884e-13
21950.45512 3.76068956353076e-13
21966.53604 6.2194847504564e-13
21982.61696 4.71795929838857e-13
21998.69788 3.83372427198935e-13
22014.7788 8.22816161020842e-13
22030.85972 8.91238132172717e-12
22046.94064 3.82462394790878e-11
22063.02156 3.32436701803885e-12
22079.10248 6.20776423772737e-13
22095.1834 3.41166414979492e-12
22111.26432 6.82099059083075e-11
22127.34524 2.14108678020371e-10
22143.42616 1.4761541079547e-10
22159.50708 1.29829159086478e-10
22175.588 2.17047801590075e-10
22191.66892 3.65692492631269e-10
22207.74984 5.55046194990327e-10
22217.86975 3.06692916697423e-10
22229.87941 2.15899597748221e-10
22241.88907 2.60030753472224e-12
22253.89873 2.87123351840722e-12
22265.90839 3.2867057654567e-10
22277.91805 1.40154098672101e-11
22289.92771 2.300628146999e-10
22301.93737 4.23275140560335e-10
22313.94703 7.66495668250246e-10
22325.95669 6.0761654790371e-10
22337.96635 7.04053544204647e-10
22349.97601 4.06442892089858e-10
22361.98567 4.09222451884424e-12
22373.99533 5.58832219179335e-10
22386.00498 4.54217785097459e-12
22398.01464 4.83757222764829e-12
22410.0243 5.19533271221918e-12
22422.03396 5.61408562460308e-12
22434.04362 6.09904865070769e-12
22446.05328 6.6621471532695e-12
22458.06294 7.30307960110702e-12
22470.0726 3.63783930898057e-10
22482.08226 4.46569746434811e-10
22494.09192 4.69957252642038e-09
22506.10158 1.60360203900787e-09
22518.11124 7.44554531126679e-09
22530.1209 9.30860516712618e-09
22542.13056 1.55741036328674e-08
22554.14021 1.48084137782454e-08
22566.14987 9.14345585014043e-09
22578.15953 1.53851490183077e-08
22590.16919 1.73193414072494e-08
22602.17885 2.35268219248610e-11
22614.18851 1.73384237690892e-09
22626.19817 1.68301037531874e-08
22638.20783 1.80361889591528e-08
22650.21749 4.11311827377921e-08
22662.22715 2.54004623660754e-08
22674.23681 2.83143210179952e-08
22686.24647 4.00025238203561e-08
22698.25613 4.01791683288419e-08
22710.26579 6.17026405382583e-08
22722.27545 7.24597807055514e-08
22734.2851 5.81870135463518e-08
22746.29476 9.23939087987032e-08
22758.30442 1.02568463187302e-07
22770.31408 9.9790955028618e-08
22782.32374 7.8641318330524e-08
22794.3334 9.79452652681427e-08
22806.34306 7.25258326015274e-08
22818.35272 6.1296311710429e-08
22830.36238 9.32380633636822e-08
22842.37204 8.40890507334449e-08
22854.3817 9.96366843361383e-08
22866.39136 1.31919809007638e-07
22878.40102 1.35778306735223e-07
22890.41068 1.10950944151738e-07
22902.42034 1.50370706227505e-07
22914.42999 1.63123702436039e-07
22926.43965 1.83346893245855e-07
22938.44931 1.95590369101232e-07
22950.45897 2.57453178621693e-07
22962.46863 2.98526065513542e-07
22974.47829 3.37042552773881e-07
22986.48795 3.51850293292279e-07
22998.49761 3.15993370029919e-07
23010.50727 3.67617460963943e-07
23022.51693 4.11498845736496e-07
23034.52659 3.57098338541559e-07
23046.53625 3.45066386915311e-07
23058.54591 4.23534336601177e-07
23070.55557 4.2982738942246e-07
23082.56523 6.02563176472853e-07
23094.57488 5.80881113912092e-07
23106.58454 6.70237297152043e-07
23118.5942 7.66456061289135e-07
23130.60386 7.10167000087795e-07
23142.61352 9.67205889789829e-07
23154.62318 1.07582116740441e-06
23166.63284 1.26721349870478e-06
23178.6425 1.55601945697045e-06
23190.65216 1.91968263533117e-06
23202.66182 2.09736122561665e-06
23214.67148 1.91931638830196e-06
23226.68114 2.54954546912218e-06
23238.6908 2.26998085006906e-06
23250.70046 2.28623547474211e-06
23262.71012 2.20647107695184e-06
23274.71977 3.24126579157415e-06
23286.72943 1.92733400231441e-06
23298.73909 1.46362299728524e-06
23310.74875 2.96026254768968e-06
23322.75841 2.55816018872023e-06
23334.76807 2.58869472551449e-06
23346.77773 2.21628661674998e-06
23358.78739 1.66163013635628e-06
23370.79705 1.94601939532262e-06
23382.80671 2.86190322801852e-06
23394.81637 2.41273659760694e-06
23406.82603 3.23360675377198e-06
23418.83569 2.74225205399453e-06
23430.84535 3.85302824859821e-06
23442.85501 4.24317788008689e-06
23454.86466 5.04582234286732e-06
23466.87432 5.3514738847374e-06
23478.88398 4.5282675539607e-06
23490.89364 4.46699269275224e-06
23502.9033 5.3934624057784e-06
23514.91296 5.81157331054236e-06
23526.92262 4.69121605478333e-06
23538.93228 3.93600692910613e-06
23550.94194 3.84089197789027e-06
23562.9516 4.00682861522425e-06
23574.96126 4.15038795136371e-06
23586.97092 4.50703820756839e-06
23598.98058 4.42815141604574e-06
23610.99024 3.99827509527086e-06
23622.99989 4.23091833854696e-06
23635.00955 5.40643070887907e-06
23647.01921 6.22321495242261e-06
23659.02887 7.92039765232445e-06
23671.03853 8.58597919216554e-06
23683.04819 1.07341987072335e-05
23695.05785 1.36668112239105e-05
23707.06751 2.53207734150726e-05
23719.07717 3.77103817837914e-05
23731.08683 5.28813255012518e-05
23743.09649 7.83607085984097e-05
23755.10615 0.000107045127682397
23767.11581 0.000145178192183236
23779.12547 0.000185768504185971
23791.13513 0.00024083983118532
23803.14478 0.000312019213870625
23815.15444 0.000398982791665765
23827.1641 0.000506634139581012
23839.17376 0.000640750143588804
23851.18342 0.000809354791658555
23863.19308 0.00101699838976703
23875.20274 0.00128450738624113
23887.2124 0.00162052279421285
23899.22206 0.00204707526064389
23911.23172 0.00259079122802605
23923.24138 0.00328686329963832
23935.25104 0.00419311502409172
23947.2607 0.00537279570105419
23959.27036 0.00691475278161127
23971.28002 0.00895135873282591
23983.28967 0.011653281146813
23995.29933 0.0152513915931853
24007.30899 0.0200344695666208
24019.31865 0.0263824392142894
24031.32831 0.0347689238506238
24043.33797 0.045731565456081
24055.34763 0.0598474423651289
24067.35729 0.0776468521252294
24079.36695 0.0995235657377076
24091.37661 0.125582213155699
24103.38627 0.155405331437928
24115.39593 0.187977759538758
24127.40559 0.221705335445917
24139.41525 0.254569944724745
24151.42491 0.284485879641703
24163.43456 0.309842366525387
24175.44422 0.329849414138528
24187.45388 0.344518621355857
24199.46354 0.354575642748755
24211.4732 0.361288465383325
24223.48286 0.365877897042468
24235.49252 0.368540854714088
24247.50218 0.370313648588948
24259.51184 0.371653482953039
24271.5215 0.372820987806575
24283.53116 0.373968636591034
24295.54082 0.375193353787748
24307.55048 0.37651331855038
24319.56014 0.377894688224995
24331.5698 0.379286160202501
24343.57945 0.380640414720361
24355.58911 0.381931063288337
24367.59877 0.383136150176391
24379.60843 0.38428452805339
24391.61809 0.385290289054394
24403.62775 0.386144533588665
24415.63741 0.386836904604177
24427.64707 0.387414842409212
24439.65673 0.387863926793513
24451.66639 0.388204028174956
24463.67605 0.38844443510486
24475.68571 0.388356564683828
24487.69537 0.388259103085195
24499.70503 0.388088447006077
24511.71469 0.387843380960063
24523.72434 0.387570929202576
24535.734 0.387271822061815
24547.74366 0.386962678670106
24559.75332 0.386806085164732
24571.76298 0.386650862019825
24583.77264 0.386511534287851
24595.7823 0.386392231779564
24607.79196 0.386256512558391
24619.80162 0.386125318523796
24631.81128 0.386038440213217
24643.82094 0.386000684358432
24655.8306 0.386005138889421
24667.84026 0.386049590285822
24679.84992 0.38615931816795
24691.85958 0.386438503712665
24703.86923 0.38671043683889
24715.87889 0.387099049966181
24727.88855 0.38756262835036
24739.89821 0.388511790475941
24751.90787 0.389231386075001
24763.91753 0.389949462318173
24775.92719 0.390717366962755
24787.93685 0.391507777471487
24799.94651 0.392365714914897
24811.95617 0.393029091499244
24823.96583 0.393499251493605
24835.97549 0.394307885451827
24847.98515 0.395017696638993
24859.99481 0.395722376321675
24872.00446 0.396381866856061
24884.01412 0.396947861026387
24896.02378 0.397421701034612
24908.03344 0.397814062112539
24920.0431 0.398098875839888
24932.05276 0.39837669813661
24944.06242 0.398617084397585
24956.07208 0.398741361114899
24968.08174 0.398799362954653
24980.0914 0.398731134966626
24992.10106 0.398555193100778
25004.11072 0.398327988327633
25016.12038 0.398024652054466
25028.13004 0.39763098226756
25040.1397 0.397208243161965
25052.14935 0.396743249306471
25064.15901 0.396238209527385
25076.16867 0.395730601737321
25088.17833 0.395236745516383
25100.18799 0.394727103889596
25112.19765 0.394248182526272
25124.20731 0.39387625250634
25136.21697 0.393604248551864
25148.22663 0.39336868300456
25160.23629 0.393193949434874
25172.24595 0.393052123811551
25184.25561 0.392944984353434
25196.26527 0.392896038420657
25208.27493 0.392899045964159
25220.28459 0.392928768234504
25232.29424 0.393003742790066
25244.3039 0.393106960198897
25256.31356 0.393217693398862
25268.32322 0.393360329856969
25280.33288 0.393524362967805
25292.34254 0.393659788592513
25304.3522 0.393820930933206
25316.36186 0.39402811920887
25328.37152 0.394314681232109
25340.38118 0.394599550484157
25352.39084 0.394873868560496
25364.4005 0.395094947917478
25376.41016 0.395297025796045
25388.41982 0.395485178726142
25400.42948 0.395622687945562
25412.43913 0.39571947327482
25424.44879 0.395792436146911
25436.45845 0.395815388274535
25448.46811 0.395803276150644
25460.47777 0.395773376840616
25472.48743 0.395684758440025
25484.49709 0.395567231817142
25496.50675 0.395422475052712
25508.51641 0.395190795122023
25520.52607 0.394973820903765
25532.53573 0.394782307416977
25544.54539 0.394462713552517
25556.55505 0.394059803708188
25568.56471 0.39357133372189
25580.57437 0.392954111487931
25592.58402 0.392238592032318
25604.59368 0.391433686856312
25616.60334 0.390511654516356
25628.613 0.389524465974132
25640.62266 0.388516882756125
25652.63232 0.38743746683496
25664.64198 0.386403032318582
25676.65164 0.385457525697203
25688.6613 0.384587804189195
25700.67096 0.383972855791521
25712.68062 0.383967140942671
25724.69028 0.383839280736028
25736.69994 0.384131826178391
25748.7096 0.384718518148204
25760.71926 0.385522212824293
25772.72891 0.386444057065762
25784.73857 0.387089597404477
25796.74823 0.387614092856222
25808.75789 0.387396247204029
25820.76755 0.385817167534276
25832.77721 0.382364929507223
25844.78687 0.376469362053008
25856.79653 0.367363332579145
25868.80619 0.354829137729702
25880.81585 0.338599611960428
25892.82551 0.318625930173432
25904.83517 0.295261486137619
25916.84483 0.269093115035332
25928.85449 0.240771338165803
25940.86414 0.211494501159165
25952.8738 0.181672432883595
25964.88346 0.153536619816314
25976.89312 0.127951579505489
25988.90278 0.105071216193061
26000.91244 0.0852662287720657
26012.9221 0.0685903591662465
26024.93176 0.0548440630926117
26036.94142 0.043774186220365
26048.95108 0.0349595275382437
26060.96074 0.027867713882945
26072.9704 0.0223316960501581
26084.98006 0.0179561826270016
26096.98972 0.0144815864967611
26108.99938 0.0117388413264375
26121.00903 0.0095562467504184
26133.01869 0.00780662361430691
26145.02835 0.00641751617311493
26157.03801 0.00529071929635287
26169.04767 0.00438843828499288
26181.05733 0.00365894451197054
26193.06699 0.00305666006901199
26205.07665 0.00257315519843898
26217.08631 0.00217031832246611
26229.09597 0.00183642487283829
26241.10563 0.00157054076456144
26253.11529 0.00134531662472117
26265.12495 0.00115871128049816
26277.13461 0.00100350031976569
26289.14427 0.000866369406212559
26301.15392 0.000757952813437022
26313.16358 0.000664461071957893
26325.17324 0.000581108369801521
26337.1829 0.000521327057340551
26349.19256 0.00045994185364076
26361.20222 0.000407771779831039
26373.21188 0.000366686723032529
26385.22154 0.000328486551160814
26397.2312 0.000302874534454128
26409.24086 0.000274868667173504
26421.25052 0.000247123671075618
26433.26018 0.000231261739074556
26445.26984 0.000211020342553799
26457.2795 0.000192723297722396
26469.28916 0.00017919975812094
26481.29881 0.000163120204759945
26493.30847 0.000153745660002746
26505.31813 0.000138720043540937
26517.32779 0.00013019998147778
26529.33745 0.00012666783413923
26541.34711 0.000112802684739417
26553.35677 0.000106620604953574
26565.36643 0.000101510575312908
26577.37609 9.10964466945368e-05
26589.38575 8.74036126245181e-05
26601.39541 7.87041332658128e-05
26613.40507 7.21039215890131e-05
26625.41473 6.70496894209022e-05
26637.42439 6.19928229915396e-05
26649.43405 6.27653308912979e-05
26661.4437 5.50418344960318e-05
26673.45336 5.19213032988307e-05
26685.46302 5.20945747143206e-05
26697.47268 4.83040370517856e-05
26709.48234 4.88107280884257e-05
26721.492 4.47874517650693e-05
26733.50166 4.49081364639718e-05
26745.51132 4.9045613473094e-05
26757.52098 4.47112131538612e-05
26769.53064 4.57659205665816e-05
26781.5403 4.32357765274951e-05
26793.54996 3.99835976066746e-05
26805.55962 4.01087828044824e-05
26817.56928 3.89526309420991e-05
26829.57894 4.21164078456434e-05
26841.58859 4.1531978087159e-05
26853.59825 3.93133175207496e-05
26865.60791 4.0213606155606e-05
26877.61757 3.97891706579486e-05
26889.62723 4.13751143416635e-05
26901.63689 4.18785861354743e-05
26913.64655 4.00111593217253e-05
26925.65621 4.10926732598644e-05
26937.66587 3.91393481555709e-05
26949.67553 4.00296518653094e-05
26961.68519 4.10325697246444e-05
26973.69485 3.87350443017269e-05
26985.70451 4.17778878143494e-05
26997.71417 4.18859498500689e-05
27009.72383 3.96409470462766e-05
27021.73348 3.69405636676937e-05
27033.74314 3.62406881573249e-05
27045.7528 3.67077200090969e-05
27057.76246 3.38874640519819e-05
27069.77212 3.66828085911841e-05
27081.78178 3.64128010910742e-05
27093.79144 3.74471801395351e-05
27105.8011 3.77196872788903e-05
27117.81076 3.55367628457915e-05
27129.82042 3.58740801433431e-05
27141.83008 3.49649679872962e-05
27153.83974 3.57042621367541e-05
27165.8494 3.57781468791207e-05
27177.85906 3.38350174054083e-05
27189.86871 3.52253313853704e-05
27201.87837 3.54015434186621e-05
27213.88803 3.60502023434033e-05
27225.89769 3.17026796944665e-05
27237.90735 3.32566088721323e-05
27249.91701 3.47119719857511e-05
27261.92667 3.27151467111976e-05
27273.93633 3.3821949520361e-05
27285.94599 3.26797117078759e-05
27297.95565 3.27571128320544e-05
27309.96531 3.1017585676141e-05
27321.97497 2.86356881701214e-05
27333.98463 2.90503011283123e-05
27345.99429 2.62112035161953e-05
27358.00395 2.69951289199316e-05
27370.0136 2.6380774955185e-05
27382.02326 2.52513089567304e-05
27394.03292 2.62457958689736e-05
27406.04258 2.48070076817922e-05
27418.05224 2.54309458535e-05
27430.0619 2.47959790319781e-05
27442.07156 2.43226300180658e-05
27454.08122 2.2194400923722e-05
27466.09088 2.14391502364385e-05
27478.10054 2.36712317294031e-05
27490.1102 2.27995680305096e-05
27502.11986 2.19064558553227e-05
27514.12952 2.29900155671618e-05
27526.13918 2.6552541891557e-05
27538.14884 2.48776027425942e-05
27550.15849 2.43363469384654e-05
27562.16815 2.63223166073775e-05
27574.17781 2.61083900472112e-05
27586.18747 2.55238332396984e-05
27598.19713 2.60995520189328e-05
27610.20679 2.85338132093424e-05
27622.21645 2.69045094616246e-05
27634.22611 2.88024721573446e-05
27646.23577 2.80137519242766e-05
27658.24543 2.42857360589886e-05
27670.25509 2.65958499486753e-05
27682.26475 2.60845061687546e-05
27694.27441 2.74086319213737e-05
27706.28407 2.51053142645204e-05
27718.29373 2.38320546624065e-05
27730.30338 2.53569761812363e-05
27742.31304 2.53729934979312e-05
27754.3227 2.50608683983236e-05
27766.33236 2.57963545185011e-05
27778.34202 2.77518541828961e-05
27790.35168 2.55883162492693e-05
27802.36134 2.72535457517814e-05
27814.371 2.63776692810108e-05
27826.38066 2.6499345452558e-05
27838.39032 2.80034948512633e-05
27850.39998 2.55886879127538e-05
27862.40964 2.6070137007543e-05
27874.4193 2.46825852786878e-05
27886.42896 2.58426423703008e-05
27898.43862 2.44672397522894e-05
27910.44827 2.49344776232598e-05
27922.45793 2.33623258683434e-05
27934.46759 2.18988624688304e-05
27946.47725 2.09346872359985e-05
27958.48691 1.91439573755663e-05
27970.49657 1.82608508116079e-05
27982.50623 1.69631201082105e-05
27994.51589 1.95241384846239e-05
28006.52555 1.93457102960315e-05
28018.53521 2.3507120216009e-05
28030.54487 2.50639201998686e-05
28042.55453 2.21131804201431e-05
28054.56419 2.15473303759176e-05
28066.57385 2.16139079449775e-05
28078.58351 2.26996726079384e-05
28090.59316 2.49884547603272e-05
28102.60282 2.63473383507649e-05
28114.61248 2.31387580943442e-05
28126.62214 2.36121790687465e-05
28138.6318 2.22785312155319e-05
28150.64146 2.06805501862121e-05
28162.65112 2.34111584270373e-05
28174.66078 2.88367108469014e-05
28186.67044 2.90352847237231e-05
28198.6801 2.88201595880604e-05
28210.68976 2.76133031948593e-05
28222.69942 2.48312935566961e-05
28234.70908 2.76168148891628e-05
28246.71874 2.83920076073754e-05
28258.72839 2.89327470422322e-05
28270.73805 2.95760582431475e-05
28282.74771 3.10270333669335e-05
28294.75737 2.8743997613841e-05
28306.76703 2.82950064017876e-05
28318.77669 2.95374827770143e-05
28330.78635 3.16755442548424e-05
28342.79601 3.28107613441691e-05
28354.80567 3.30738313239938e-05
28366.81533 3.36063897551282e-05
28378.82499 3.07592183507196e-05
28390.83465 3.24986957785677e-05
28402.84431 3.27164964609136e-05
28414.85397 3.35388083905413e-05
28426.86363 3.21318150174218e-05
28438.87328 3.32705809033552e-05
28450.88294 3.33546500270043e-05
28462.8926 3.4645100569101e-05
28474.90226 3.52356988052637e-05
28486.91192 3.38818741915593e-05
28498.92158 3.26612784680845e-05
28510.93124 3.28238614359702e-05
28522.9409 3.4886424641976e-05
28534.95056 3.44008842712508e-05
28546.96022 3.47501459050125e-05
28558.96988 3.22760994686736e-05
28570.97954 3.43849865774007e-05
28582.9892 3.17677400938781e-05
28594.99886 3.0420096695523e-05
28607.00852 3.08899864397025e-05
28619.01817 3.06721208482667e-05
28631.02783 3.10820505915902e-05
28643.03749 3.36644064085692e-05
28655.04715 3.07461532842236e-05
28667.05681 2.78936362351526e-05
28679.06647 2.76477409381564e-05
28691.07613 2.7056970472411e-05
28703.08579 2.6141270933375e-05
28715.09545 2.76160161817258e-05
28727.10511 2.81554586407121e-05
28739.11477 2.83483457804199e-05
28751.12443 3.1670801949121e-05
28763.13409 3.18595893096225e-05
28775.14375 3.07964277392676e-05
28787.15341 2.73843587107726e-05
28799.16306 2.83484005183292e-05
28811.17272 2.81796093385024e-05
28823.18238 2.74029018893935e-05
28835.19204 2.62850830078343e-05
28847.2017 2.61503181670604e-05
28859.21136 2.50589687041087e-05
28871.22102 2.66721992104107e-05
28883.23068 2.78555585100773e-05
28895.24034 3.07868470137667e-05
28907.25 2.98154578067407e-05
28919.25966 2.97278095107774e-05
28931.26932 2.62373751203431e-05
28943.27898 2.53397856558925e-05
28955.28864 2.58660030090173e-05
28967.2983 2.71742390744717e-05
28979.30795 2.57986542698764e-05
28991.31761 2.15142573157141e-05
29003.32727 2.33484938034224e-05
29015.33693 2.58046151016817e-05
29027.34659 2.11573265561255e-05
29039.35625 2.04950747500427e-05
29051.36591 2.16752731122481e-05
29063.37557 2.19060692865641e-05
29075.38523 2.3444849052452e-05
29087.39489 2.32504064760116e-05
29099.40455 1.98001248340539e-05
29111.41421 1.67177083973391e-05
29123.42387 1.7706109112777e-05
29135.43353 1.86838552260388e-05
29147.44319 1.73981358920674e-05
29159.45284 1.53093527661598e-05
29171.4625 1.55992777670714e-05
29183.47216 1.73233743465017e-05
29195.48182 1.92317454192997e-05
29207.49148 1.73371759480477e-05
29219.50114 1.73183989088236e-05
29231.5108 1.47068804691053e-05
29243.52046 1.54706743021066e-05
29255.53012 1.8112975801198e-05
29267.53978 1.76330851666216e-05
29279.54944 1.47170857648948e-05
29291.5591 1.7511190234095e-05
29303.56876 1.7701460078407e-05
29315.57842 1.91237638357412e-05
29327.58808 1.90695661726406e-05
29339.59773 1.9825150880198e-05
29351.60739 1.4817856763478e-05
29363.61705 1.52641190643898e-05
29375.62671 1.67665006189902e-05
29387.63637 1.66327455125624e-05
29399.64603 1.59361854662152e-05
29411.65569 1.73541966618327e-05
29423.66535 1.81465013263874e-05
29435.67501 1.71808640404002e-05
29447.68467 1.76046432872532e-05
29459.69433 1.76507838350536e-05
29471.70399 1.69034989152788e-05
29483.71365 1.79517870418263e-05
29495.72331 1.91977528319103e-05
29507.73296 2.0500101548432e-05
29519.74262 1.86145131775977e-05
29531.75228 1.81172559382008e-05
29543.76194 1.80868350132638e-05
29555.7716 1.88329027359487e-05
29567.78126 1.85836328590278e-05
29579.79092 2.04452028006357e-05
29591.80058 2.07013002857881e-05
29603.81024 2.03902264023272e-05
29615.8199 2.03727975472705e-05
29627.82956 2.21571735524201e-05
29639.83922 2.09381634166853e-05
29651.84888 2.09944814989656e-05
29663.85854 2.07984846325584e-05
29675.8682 2.19176214922481e-05
29687.87785 2.28470565307097e-05
29699.88751 2.27853118265125e-05
29711.89717 1.90493258449213e-05
29723.90683 1.84305307193422e-05
29735.91649 1.87337306450172e-05
29747.92615 2.17406515327355e-05
29759.93581 2.2660643296771e-05
29771.94547 2.17300416124161e-05
29783.95513 2.28867407980267e-05
29795.96479 2.40092276681729e-05
29807.97445 2.28932309997766e-05
29819.98411 2.00054489579688e-05
29831.99377 2.04614374183302e-05
29844.00343 2.35700743100015e-05
29856.01309 2.57453699000912e-05
29868.02274 2.32323119191902e-05
29880.0324 2.28628460352739e-05
29892.04206 2.08915112075605e-05
29904.05172 1.9675855987711e-05
29916.06138 1.95592150715431e-05
29928.07104 2.12796440047417e-05
29940.0807 2.00943814351827e-05
29952.09036 2.1823516087297e-05
29964.10002 2.17882118854523e-05
29976.10968 2.03600875351537e-05
29988.11934 1.75326130590401e-05
30000.129 1.95497192245545e-05
30012.13866 1.95583656467809e-05
30024.14832 2.07938096730785e-05
30036.15798 1.95513665694734e-05
30048.16763 1.87438203627906e-05
30060.17729 1.76712610303308e-05
30072.18695 1.85101748920258e-05
30084.19661 1.79469580580953e-05
30096.20627 1.9201200123914e-05
30108.21593 1.85489851607429e-05
30120.22559 1.45751463124819e-05
30132.23525 1.58128809078411e-05
30144.24491 1.7890052265381e-05
30156.25457 1.84625424480502e-05
30168.26423 1.74348073051501e-05
30180.27389 1.72808728928375e-05
30192.28355 1.68962500676245e-05
30204.29321 1.61481773837282e-05
30216.30287 1.36083615913953e-05
30228.31252 1.28261031531004e-05
30240.32218 1.21144060699198e-05
30252.33184 1.41932748829849e-05
30264.3415 1.58275463545164e-05
30276.35116 1.60213985713226e-05
30288.36082 1.5870613723922e-05
30300.37048 1.72957442686841e-05
30312.38014 1.58141778171316e-05
30324.3898 1.56424048587452e-05
30336.39946 1.37157613239749e-05
30348.40912 1.27066004366928e-05
30360.41878 1.2981462193839e-05
30372.42844 1.16263587380737e-05
30384.4381 1.06649366160809e-05
30396.44776 1.01993508007975e-05
30408.45741 1.16956773287505e-05
30420.46707 1.41878179295858e-05
30432.47673 1.46150333909937e-05
30444.48639 1.28197273749123e-05
30456.49605 1.38551301904236e-05
30468.50571 1.36721115180574e-05
30480.51537 1.28505034400839e-05
30492.52503 1.0670442974307e-05
30504.53469 1.19287847614344e-05
30516.54435 1.19773953303616e-05
30528.55401 1.00471354618736e-05
30540.56367 8.15020370007202e-06
30552.57333 6.86088525917407e-06
30564.58299 7.45138185946353e-06
30576.59264 9.58183635519564e-06
30588.6023 1.09681141483976e-05
30600.61196 8.58730086772268e-06
30612.62162 7.49316726699075e-06
30624.63128 8.85612395894381e-06
30636.64094 1.082894527603e-05
30648.6506 8.8286952432101e-06
30660.66026 9.36299295538794e-06
30672.66992 7.75280144723953e-06
30684.67958 6.65824542665849e-06
30696.68924 6.77998326261685e-06
30708.6989 5.62942034096447e-06
30720.70856 6.1025506891137e-06
30732.71822 5.94684616144001e-06
30744.72788 8.64079695820438e-06
30756.73753 6.29119635061875e-06
30768.74719 5.70214553271281e-06
30780.75685 5.04040121812945e-06
30792.76651 5.51573612625998e-06
30804.77617 7.75686929568688e-06
30816.78583 8.33124747063358e-06
30828.79549 7.13001962246273e-06
30840.80515 7.55846034618839e-06
30852.81481 9.4488521221112e-06
30864.82447 7.70848560103188e-06
30876.83413 6.87086724471947e-06
30888.84379 6.90157493381394e-06
30900.85345 7.03170881846126e-06
30912.86311 6.71446678531593e-06
30924.87277 6.79780203773162e-06
30936.88242 7.4062213092481e-06
30948.89208 8.07214038634013e-06
30960.90174 9.2081796924604e-06
30972.9114 1.14873787723359e-05
30984.92106 1.15185666746317e-05
30996.93072 8.67860857932817e-06
31008.94038 7.758167500968e-06
31020.95004 7.96423992071789e-06
31032.9597 9.28938226430224e-06
31044.96936 9.83457019887517e-06
31056.97902 1.33589138621109e-05
31068.98868 1.39505597089457e-05
31080.99834 1.3486267795981e-05
31093.008 1.53443312122236e-05
31105.01766 1.56591719175487e-05
31117.02731 1.56919860575953e-05
31129.03697 1.55441016343935e-05
31141.04663 1.80619443286868e-05
31153.05629 1.93437706233717e-05
31165.06595 2.10984359911713e-05
31177.07561 1.93736512209834e-05
31189.08527 1.8174102047574e-05
31201.09493 1.86401831643742e-05
31213.10459 1.8374005850388e-05
31225.11425 2.03127536837227e-05
31237.12391 2.20402915057252e-05
31249.13357 2.29234398000045e-05
31261.14323 2.21115745675392e-05
31273.15289 2.25057084802289e-05
31285.16255 2.20623400818746e-05
31297.1722 2.33437920058446e-05
31309.18186 2.65827163931242e-05
31321.19152 2.79826221617698e-05
31333.20118 2.93031120213573e-05
31345.21084 2.84847971587925e-05
31357.2205 3.03488644400205e-05
31369.23016 3.07779017096322e-05
31381.23982 2.91510141380396e-05
31393.24948 2.89324458387374e-05
31405.25914 2.94646834302721e-05
31417.2688 2.85136696808633e-05
31429.27846 2.677542914357e-05
31441.28812 2.7048238811368e-05
31453.29778 2.63110451040213e-05
31465.30744 2.52832496640483e-05
31477.31709 2.17357270278279e-05
31489.32675 2.03244648361192e-05
31501.33641 2.20578928100315e-05
31513.34607 2.0677611044975e-05
31525.35573 1.88906768883834e-05
31537.36539 1.7670005718892e-05
31549.37505 1.59720014556519e-05
31561.38471 1.33311661783557e-05
31573.39437 1.32293864973792e-05
31585.40403 1.23202751349217e-05
31597.41369 1.1452610933924e-05
31609.42335 1.0562868807243e-05
31621.43301 8.65628358287771e-06
31633.44267 9.07530966714731e-06
31645.45233 8.1446210104658e-06
31657.46198 8.97300386914871e-06
31669.47164 9.6305520837868e-06
31681.4813 8.22669548962936e-06
31693.49096 8.88934078419446e-06
31705.50062 7.55095171024973e-06
31717.51028 5.71082855611858e-06
31729.51994 6.09613754545213e-06
31741.5296 8.14599484234724e-06
31753.53926 8.51814682370104e-06
31765.54892 7.70997412142127e-06
31777.55858 8.05829257684262e-06
31789.56824 6.1990760073306e-06
31801.5779 6.33292270161002e-06
31813.58756 7.80669397007748e-06
31825.59721 9.27054317391177e-06
31837.60687 8.44403840925468e-06
31849.61653 6.07106944672205e-06
31861.62619 5.78904496527321e-06
31873.63585 7.23448887622465e-06
31885.64551 6.80381963338131e-06
31897.65517 4.58394569126849e-06
31909.66483 4.57469228514502e-06
31921.67449 4.16382843385903e-06
31933.68415 3.60787184152466e-06
31945.69381 4.31478310486454e-06
31957.70347 4.22748021845682e-06
31969.71313 3.93637907210641e-06
31981.72279 2.89090648711892e-06
31993.73245 2.79652085902358e-06
32005.7421 2.6750876355062e-06
32017.75176 2.87117987997736e-06
32029.76142 1.89696903392317e-06
32041.77108 7.38002345994643e-07
32053.78074 1.09775730663639e-06
32065.7904 3.66830887546793e-07
32077.80006 8.96570259185387e-07
32089.80972 1.29478889890575e-06
32101.81938 1.7784049591854e-06
32113.82904 2.30774899923265e-06
32125.8387 1.14639270103017e-06
32137.84836 1.62105052637148e-06
32149.85802 2.05355185300635e-06
32161.86768 2.19993999962792e-06
32173.87734 2.67947661333631e-06
32185.88699 1.97893886925678e-06
32197.89665 2.72545580168957e-06
32209.90631 2.44003364297596e-06
32221.91597 1.50046780143013e-06
32233.92563 6.19229692258486e-07
32245.93529 1.84082121771223e-07
32257.94495 1.37480054148858e-07
32269.95461 2.34264230416767e-07
32281.96427 1.50234458773161e-07
32293.97393 1.07866392917553e-07
32305.98359 5.73213722230653e-07
32317.99325 8.0148552978234e-07
32330.00291 1.10898825634475e-06
32342.01257 1.78479925844721e-06
32354.02223 9.45703833228803e-07
32366.03188 3.06405248600159e-08
32378.04154 4.59672897932257e-09
32390.0512 4.60092796711197e-09
32402.06086 4.90547424334245e-07
32414.07052 2.16308200860486e-06
32426.08018 1.04001326290698e-06
32438.08984 1.88852587219904e-07
32450.0995 2.06136702324574e-07
32462.10916 3.65818704206854e-07
32474.11882 6.2007138170862e-07
32486.12848 1.06895559464003e-06
32498.13814 7.97241021295454e-08
32510.1478 4.64223508999994e-09
32522.15746 8.47901617472088e-08
32534.16712 1.25071545128341e-06
32546.17677 1.9946722395606e-06
32558.18643 1.80920544659259e-06
32570.19609 2.14079906794891e-06
32582.20575 1.26528546975506e-06
32594.21541 1.20247647572125e-06
32606.22507 1.7014272320277e-06
32618.23473 8.75297807457514e-07
32630.24439 5.22688129281652e-07
32642.25405 7.44109372381974e-08
32654.26371 7.14734554653593e-07
32666.27337 1.86439267393942e-06
32678.28303 2.33582291029109e-06
32690.29269 1.18601380124616e-06
32702.30235 1.62005634491288e-06
32714.31201 1.90337744332433e-06
32726.32166 1.88556067976295e-06
32738.33132 1.8303997692277e-06
32750.34098 1.32262637287678e-06
32762.35064 2.98350583636739e-07
32774.3603 4.74665822212635e-07
32786.36996 2.07271316699336e-06
32798.37962 2.26331684281131e-06
32810.38928 1.63395050695603e-06
32822.39894 5.32691090749731e-07
32834.4086 1.27538642105833e-07
32846.41826 1.39191337259432e-06
32858.42792 1.50190447493356e-06
32870.43758 1.47170651889522e-06
32882.44724 1.1422439711735e-06
32894.45689 9.03320913497907e-07
32906.46655 1.39337389755734e-06
32918.47621 1.9797558144825e-06
32930.48587 2.05578924174198e-06
32942.49553 1.42475214651347e-06
32954.50519 1.32977325997664e-06
32966.51485 2.18244115691806e-06
32978.52451 1.15311537552427e-06
32990.53417 8.92549398762362e-07
33002.54383 4.78733316434675e-07
33014.55349 1.16438078189288e-06
33026.56315 1.90390695889671e-06
33038.57281 1.3653564299506e-06
33050.58247 1.12686600179064e-06
33062.59213 1.00008879754798e-06
33074.60178 1.70867719589384e-07
33086.61144 1.47391132330905e-07
33098.6211 4.82462610879396e-09
33110.63076 1.44520900284653e-08
33122.64042 7.77844260887828e-07
33134.65008 1.35804716980794e-06
33146.65974 1.35843334157308e-06
33158.6694 2.86580178519173e-07
33170.67906 6.51521503240541e-07
33182.68872 2.60518343305767e-07
33194.69838 7.10533846572704e-09
33206.70804 1.85173522304061e-07
33218.7177 4.1599219071305e-07
33230.72736 8.17669203857047e-08
33242.73702 4.63259521721464e-07
33254.74667 1.49915698590746e-07
33266.75633 6.64191006256529e-08
33278.76599 5.64895946116587e-07
33290.77565 6.21477310726543e-08
33302.78531 1.60861071723045e-08
33314.79497 1.88054870254718e-08
33326.80463 4.87540490764835e-09
33338.81429 4.87311388247783e-09
33350.82395 4.87657331424593e-09
33362.83361 4.87431718908004e-09
33374.84327 4.87207396261412e-09
33386.85293 4.86984098890007e-09
33398.86259 4.86761561663665e-09
33410.87225 4.85500089145983e-09
33422.88191 4.84128931141018e-09
33434.89156 4.82756435019943e-09
33446.90122 4.81382340485833e-09
33458.91088 4.80006396297016e-09
33470.92054 4.7862831647908e-09
33482.9302 4.77247811474315e-09
33494.93986 4.75864680147432e-09
33506.94952 4.73358162331988e-09
33518.95918 4.70030973825628e-09
33530.96884 4.66698243629918e-09
33542.9785 4.63359750578175e-09
33554.98816 4.60015452193434e-09
33566.99782 4.56665201069266e-09
33579.00748 4.53308862613258e-09
33591.01714 4.49946125411081e-09
33603.0268 6.96910187904687e-09
33615.03645 2.95753640630934e-07
33627.04611 2.31041774931213e-08
33639.05577 4.48927707625528e-09
33651.06543 4.49382894587258e-09
33663.07509 4.49834713514945e-09
33675.08475 4.50283268168472e-09
33687.09441 4.50728452804819e-09
33699.10407 4.71137101516024e-09
33711.11373 2.74426825573526e-07
33723.12339 3.3785173886026e-07
33735.13305 4.37296922306402e-07
33747.14271 1.63258129652993e-06
33759.15237 9.83936966074321e-07
33771.16203 6.26596054837057e-08
33783.17169 1.4525468605407e-07
33795.18134 6.69496488218383e-09
33807.191 3.62103732673989e-07
33819.20066 5.529878014792e-07
33831.21032 5.19499208405289e-09
33843.21998 3.46807853486284e-07
33855.22964 3.54455187354644e-07
33867.2393 6.26300412694499e-07
33879.24896 6.8480818855981e-07
33891.25862 4.42616432406212e-07
33903.26828 3.49017153402019e-07
33915.27794 1.31823022277529e-06
33927.2876 1.85371519457823e-06
33939.29726 1.8423617525035e-06
33951.30692 8.04355828622619e-07
33963.31658 7.45208895734229e-07
33975.32623 1.50335198733197e-06
33987.33589 2.52343222370994e-06
33999.34555 2.72574261827175e-06
34011.35521 9.4223001874711e-07
34023.36487 1.69402129696821e-07
34035.37453 8.90915600091256e-07
34047.38419 2.23347765051174e-06
34059.39385 2.84964001309693e-06
34071.40351 2.16503185777579e-06
34083.41317 1.18923167864864e-06
34095.42283 2.02213955712931e-06
34107.43249 3.11488101585487e-06
34119.44215 5.77782963987627e-06
34131.45181 7.20859527356978e-06
34143.46146 5.94736919226543e-06
34155.47112 4.07370590723151e-06
34167.48078 2.92225487671675e-06
34179.49044 1.89797912459973e-06
34191.5001 1.7312016222982e-06
34203.50976 2.49397031087961e-06
34215.51942 3.04757559375268e-06
34227.52908 2.13491538624295e-06
34239.53874 1.57780645115675e-06
34251.5484 2.52174388182184e-06
34263.55806 2.73707260572005e-06
34275.56772 3.34178880004463e-06
34287.57738 4.50227753226654e-06
34299.58704 3.46999579721008e-06
34311.5967 3.03815586185307e-06
34323.60635 3.8883806086086e-06
34335.61601 4.57065708245461e-06
34347.62567 4.45860251529024e-06
34359.63533 7.38890896077165e-07
34371.64499 3.98122229766936e-07
34383.65465 1.81883170526875e-06
34395.66431 3.29241110813826e-06
34407.67397 3.54577658673032e-06
34419.68363 2.61761008015838e-06
34431.69329 2.99691245635828e-06
34443.70295 3.05712428258562e-06
34455.71261 3.14290070565472e-06
34467.72227 3.18677758065764e-06
34479.73193 3.6958920328575e-06
34491.74159 3.1353815821421e-06
34503.75124 2.84495892673983e-06
34515.7609 3.20868990033662e-06
34527.77056 3.64234455410086e-06
34539.78022 2.49399291323346e-06
34551.78988 1.50744418989069e-06
34563.79954 9.40286059693129e-07
34575.8092 1.34405152696939e-06
34587.81886 1.55437146054813e-06
34599.82852 1.0633071638489e-06
34611.83818 7.53509813011513e-07
34623.84784 1.85256402910203e-06
34635.8575 1.6282066847288e-06
34647.86716 1.13577305111771e-06
34659.87682 1.44392580697795e-06
34671.88648 2.24417451319342e-06
34683.89613 2.58804336786968e-06
34695.90579 2.60281911795447e-06
34707.91545 3.3946374905001e-06
34719.92511 3.87571340625976e-06
34731.93477 3.96166826988648e-06
34743.94443 4.11381014377953e-06
34755.95409 2.95124284251531e-06
34767.96375 1.49633174683819e-06
34779.97341 1.50180044200888e-06
34791.98307 7.91448119264014e-07
34803.99273 1.59741424600903e-06
34816.00239 2.73240036749074e-06
34828.01205 3.94345377945067e-06
34840.02171 3.3432897776155e-06
34852.03137 2.24025834100541e-06
34864.04102 2.68306851565672e-06
34876.05068 3.45205791137385e-06
34888.06034 3.66678187350805e-06
34900.07 3.64702108192352e-06
34912.07966 4.79104633829755e-06
34924.08932 4.30386178128934e-06
34936.09898 3.25140971299777e-06
34948.10864 4.241652532893e-06
34960.1183 3.00702196514479e-06
34972.12796 2.82415746957064e-06
34984.13762 3.06539830051768e-06
34996.14728 3.11871215049722e-06
35008.15694 2.37755928999604e-06
35020.1666 1.43429690805984e-06
35032.17626 1.94499047217751e-06
35044.18591 2.28378624344785e-06
35056.19557 1.95727608056022e-06
35068.20523 1.92643370487211e-06
35080.21489 1.57284583213436e-06
35092.22455 2.93006317574952e-07
35104.23421 9.03737699784076e-07
35116.24387 1.39344544836926e-06
35128.25353 2.49304853945062e-06
35140.26319 2.77591598887337e-06
35152.27285 2.79111552264933e-06
35164.28251 3.59000103975242e-06
35176.29217 4.27734819940148e-06
35188.30183 3.90843543645924e-06
35200.31149 1.81951681774601e-06
35212.32114 8.79358179967472e-07
35224.3308 7.43039975948578e-07
35236.34046 1.3075590374266e-06
35248.35012 2.29991478340052e-06
35260.35978 2.68191079756372e-06
35272.36944 2.51446459607778e-06
35284.3791 1.99316707171254e-06
35296.38876 2.1105319440035e-06
35308.39842 1.01257743231765e-06
35320.40808 1.15686040470813e-06
35332.41774 1.06605973617837e-06
35344.4274 1.37797822135134e-06
35356.43706 1.54879032467e-06
35368.44672 1.09881823918677e-06
35380.45638 1.29620506721783e-06
35392.46603 2.53750574977606e-06
35404.47569 2.16459196800215e-06
35416.48535 1.87456580149545e-06
35428.49501 2.63184337817522e-06
35440.50467 3.53928525594518e-06
35452.51433 3.57520089832488e-06
35464.52399 4.1237667341597e-06
35476.53365 4.15853211977462e-06
35488.54331 2.89562006207686e-06
35500.55297 1.59030833626336e-06
35512.56263 6.71455135906157e-07
35524.57229 4.12910754251016e-07
35536.58195 6.20875788750761e-08
35548.59161 6.21611595257508e-07
35560.60127 3.74113972210087e-07
35572.61092 5.23430014549365e-09
35584.62058 5.23589657762057e-09
35596.63024 5.63299288483087e-09
35608.6399 3.90592616288235e-07
35620.64956 5.85883082746691e-07
35632.65922 5.2823785575487e-09
35644.66888 4.63300443639514e-07
35656.67854 1.55626216182089e-06
35668.6882 1.76854335156638e-06
35680.69786 1.24703899181652e-06
35692.70752 1.04561711964548e-06
35704.71718 1.12559347530011e-06
35716.72684 5.05535764123453e-07
35728.7365 1.08329825206541e-06
35740.74616 1.88112490524908e-06
35752.75581 1.5369430379536e-06
35764.76547 7.70863580604e-07
35776.77513 5.41246242776249e-07
35788.78479 1.31822839117972e-07
35800.79445 8.10100962088819e-09
35812.80411 3.94361593715606e-08
35824.81377 1.2573225464255e-07
35836.82343 9.73979885809154e-08
35848.83309 4.28079958098307e-07
35860.84275 1.63308615447429e-06
35872.85241 1.5373795624048e-06
35884.86207 1.01439063680932e-06
35896.87173 1.15326683817448e-06
35908.88139 9.18798335426436e-07
35920.89105 4.40723329101498e-07
35932.9007 1.69581299861892e-07
35944.91036 2.17949177983504e-07
35956.92002 1.11280940118669e-06
35968.92968 2.00953772408311e-06
35980.93934 2.33390724321045e-06
35992.949 2.95226910154457e-06
36004.95866 1.71640466373631e-06
36016.96832 8.94766925481598e-07
36028.97798 8.93393735940667e-07
36040.98764 2.32822566512183e-06
36052.9973 3.11305887196143e-06
36065.00696 2.67356343453091e-06
36077.01662 1.91851722895379e-06
36089.02628 1.93294583782409e-06
36101.03594 2.39172031109822e-06
36113.04559 4.10292274848637e-06
36125.05525 3.58251497831004e-06
36137.06491 2.75265773970821e-06
36149.07457 1.82957397019874e-06
36161.08423 1.67797967457689e-06
36173.09389 1.69944181969276e-06
36185.10355 1.17037160710807e-06
36197.11321 1.0871370607331e-06
36209.12287 1.14689079242838e-06
36221.13253 1.67686613624821e-06
36233.14219 1.39440975170122e-06
36245.15185 1.15973897672902e-06
36257.16151 1.53012306476225e-06
36269.17117 1.81929117852874e-06
36281.18082 1.52957587189589e-06
36293.19048 9.16720825046055e-07
36305.20014 1.07114155367969e-06
36317.2098 2.35797903972574e-06
36329.21946 2.52076578563003e-06
36341.22912 1.77342626291981e-06
36353.23878 1.37990163387244e-06
36365.24844 9.98438786277308e-07
36377.2581 1.12346978357495e-06
36389.26776 7.58063607184965e-07
36401.27742 4.32518506777561e-07
36413.28708 3.26810700514017e-07
36425.29674 9.57752881797018e-07
36437.3064 1.94673526715257e-06
36449.31606 2.56261157924316e-06
36461.32571 3.43366663825256e-06
36473.33537 3.63183023153647e-06
36485.34503 3.35551159547574e-06
36497.35469 2.21919240451743e-06
36509.36435 6.76712198327768e-07
36521.37401 5.20833022480623e-07
36533.38367 3.17542621991673e-07
36545.39333 9.8562955417313e-09
36557.40299 5.36118787954906e-09
36569.41265 3.99808276247488e-08
36581.42231 9.28697812142649e-07
36593.43197 9.53722679898971e-07
36605.44163 4.10735840943939e-07
36617.45129 4.1294237790458e-08
36629.46095 5.37104831056403e-09
36641.4706 5.37225724660210e-09
36653.48026 5.3734548639678e-09
36665.48992 5.37464173916036e-09
36677.49958 1.49322506119265e-07
36689.50924 1.16729755419102e-06
36701.5189 2.26828285330856e-06
36713.52856 2.46081328206527e-06
36725.53822 2.14379701326914e-06
36737.54788 1.88070682029849e-06
36749.55754 1.15846339408455e-06
36761.5672 7.98879363343229e-07
36773.57686 9.63461235244771e-07
36785.58652 1.50090882324048e-06
36797.59618 1.47079625054805e-06
36809.60584 1.47419736926737e-06
36821.61549 1.34353990881243e-06
36833.62515 1.80246458511528e-06
36845.63481 1.84107074375978e-06
36857.64447 6.47949208139148e-07
36869.65413 1.13374003172297e-07
36881.66379 1.15546285923917e-06
36893.67345 2.21157164501949e-06
36905.68311 2.24791279064701e-06
36917.69277 2.43103704343985e-06
36929.70243 1.82206507531365e-06
36941.71209 1.51502009483561e-06
36953.72175 1.51957057094402e-06
36965.73141 2.73692037220293e-06
36977.74107 2.94200239235239e-06
36989.75073 2.14462593778924e-06
37001.76038 1.66519377712939e-06
37013.77004 1.36447166570646e-06
37025.7797 1.14158292285741e-06
37037.78936 1.21837646197851e-06
37049.79902 2.19854687718768e-06
37061.80868 2.46255110681298e-06
37073.81834 2.23100322256825e-06
37085.828 1.90886126857869e-06
37097.83766 2.04845432211292e-06
37109.84732 2.25091753543172e-06
37121.85698 2.33955641951242e-06
37133.86664 1.29578707423302e-06
37145.8763 1.02986849742762e-06
37157.88596 7.09993213331282e-07
37169.89562 5.03005880645308e-07
37181.90527 1.35544341237233e-06
37193.91493 1.37504754042777e-06
37205.92459 6.11254284905468e-07
37217.93425 5.75843309873151e-09
37229.94391 5.43776376944628e-09
37241.95357 5.43890765174142e-09
37253.96323 5.44005819871022e-09
37265.97289 5.44121533973111e-09
37277.98255 5.44237903008294e-09
37289.99221 1.34215017114773e-08
37302.00187 8.39783522200043e-07
37314.01153 4.87769857417204e-07
37326.02119 5.44719515749349e-09
37338.03085 5.44843459110255e-09
37350.04051 5.4497052894828e-09
37362.05016 5.45724744913945e-09
37374.05982 5.45850549994707e-09
37386.06948 5.45976837291726e-09
37398.07914 1.63340920540193e-08
37410.0888 3.62784736429198e-07
37422.09846 1.13379804700761e-07
37434.10812 5.74952623664652e-09
37446.11778 2.38928364208979e-07
37458.12744 1.12665610346588e-06
37470.1371 7.62751023236477e-07
37482.14676 1.72696921790918e-08
37494.15642 5.47198809120253e-09
37506.16608 5.47258200253355e-09
37518.17574 5.47316762916858e-09
37530.18539 5.47375264336798e-09
37542.19505 5.47433650815746e-09
37554.20471 5.474918538579e-09
37566.21437 5.47549818341126e-09
37578.22403 5.47607486915717e-09
37590.23369 5.47664797596465e-09
37602.24335 5.47721950465256e-09
37614.25301 9.30840202984933e-09
37626.26267 1.79428134386897e-07
37638.27233 1.11503399201271e-07
37650.28199 5.75408424676086e-09
37662.29165 5.4800550473599e-09
37674.30131 5.48060013614304e-09
37686.31097 5.48113660283461e-09
37698.32063 5.48166384148886e-09
37710.33028 5.48212122048903e-09
37722.33994 5.48255731317139e-09
37734.3496 5.48298223761904e-09
37746.35926 5.48339604789214e-09
37758.36892 5.48379809788227e-09
37770.37858 1.0550586584465e-07
37782.38824 3.28382900820251e-07
37794.3979 2.12341187333347e-08
37806.40756 5.49201585385515e-09
37818.41722 7.19445758402645e-09
37830.42688 2.29799195477865e-07
37842.43654 7.48633002434409e-07
37854.4462 3.47779608733868e-07
37866.45586 1.05983923224549e-08
37878.46552 5.49825787254959e-09
37890.47517 1.22509609590739e-08
37902.48483 4.46998096367053e-08
37914.49449 5.4995163003658e-09
37926.50415 5.53028510291888e-09
37938.51381 6.70702310102257e-08
37950.52347 7.83472524440391e-09
37962.53313 5.49771080856107e-09
37974.54279 5.49720733194447e-09
37986.55245 5.49668325321619e-09
37998.56211 7.57966964012460e-09
38010.57177 3.34282752518911e-07
38022.58143 6.12732721412306e-09
38034.59109 5.49833697964171e-09
38046.60075 5.49908186630403e-09
38058.61041 5.49980550979618e-09
38070.62006 5.50050705058723e-09
38082.62972 5.50118543784435e-09
38094.63938 5.50184262794701e-09
38106.64904 5.50207239513613e-09
38118.6587 5.50195358381849e-09
38130.66836 5.50181301630929e-09
38142.67802 5.50164998786569e-09
38154.68768 5.50146650241553e-09
38166.69734 5.50126278934999e-09
38178.707 5.50657639153216e-09
38190.71666 5.50715413914786e-09
38202.72632 5.50690626329005e-09
38214.73598 5.50669937829294e-09
38226.74564 5.50647387071425e-09
38238.7553 5.5062301295648e-09
38250.76495 5.5059677342702e-09
38262.77461 5.50568668488077e-09
38274.78427 5.50538883664812e-09
38286.79393 5.50507468195375e-09
38298.80359 5.50474473380504e-09
38310.81325 5.50438442541897e-09
38322.82291 5.50400684741458e-09
38334.83257 5.50361527183435e-09
38346.84223 5.50321028690448e-09
38358.85189 5.50279250670406e-09
38370.86155 5.50236197229794e-09
38382.87121 5.50367643969333e-09
38394.88087 5.50758533805617e-09
38406.89053 5.50709748482063e-09
38418.90019 5.50658254763299e-09
38430.90984 5.50605853623889e-09
38442.9195 5.50552620007209e-09
38454.92916 5.50498673664168e-09
38466.93882 5.50445055707749e-09
38478.94848 5.50391575676313e-09
38490.95814 5.50337581706177e-09
38502.9678 5.50281767163103e-09
38514.97746 5.5022137879824e-09
38526.98712 5.50160727158631e-09
38538.99678 5.50099884122987e-09
38551.00644 5.5003893383568e-09
38563.0161 5.49977961707999e-09
38575.02576 5.50236170082813e-09
38587.03542 5.50491148220001e-09
38599.04507 5.50430439256731e-09
38611.05473 5.50376237082917e-09
38623.06439 5.50322937386995e-09
38635.07405 5.50270037973116e-09
38647.08371 5.50217603774081e-09
38659.09337 5.50165699205548e-09
38671.10303 5.5011445656408e-09
38683.11269 5.50063937203661e-09
38695.12235 5.50014146806721e-09
38707.13201 5.49957825091346e-09
38719.14167 5.49897345423177e-09
38731.15133 5.49837863689143e-09
38743.16099 5.49779417919569e-09
38755.17065 5.49721989321557e-09
38767.18031 5.49665625768501e-09
38779.18996 5.49610374229581e-09
38791.19962 5.49556400087903e-09
38803.20928 5.49507438189369e-09
38815.21894 5.49469937069776e-09
38827.2286 5.49433718193605e-09
38839.23826 5.49398816824216e-09
38851.24792 5.49365408733498e-09
38863.25758 5.49333474139819e-09
38875.26724 5.49302954865545e-09
38887.2769 5.49273875608676e-09
38899.28656 5.49246259132449e-09
38911.29622 5.49214469375070e-09
38923.30588 5.4918390491534e-09
38935.31554 5.491548610963e-09
38947.3252 5.49127350246836e-09
38959.33485 5.49101382305447e-09
38971.34451 5.49162285340496e-09
38983.35417 5.49687813350932e-09
38995.36383 5.49666743576725e-09
39007.37349 5.49642679764125e-09
39019.38315 5.49617308497554e-09
39031.39281 5.49593667250658e-09
39043.40247 5.49571648461078e-09
39055.41213 5.49551164422993e-09
39067.42179 5.49532203280585e-09
39079.43145 5.49514750973095e-09
39091.44111 5.49498967049522e-09
39103.45077 5.49488630465173e-09
39115.46043 7.09217525616882e-09
39127.47009 5.3226427861595e-07
39139.47974 1.21389459720099e-08
39151.4894 5.50111045662041e-09
39163.49906 5.50117638460324e-09
39175.50872 5.50125545654211e-09
39187.51838 5.50134736677874e-09
39199.52804 5.50145178780064e-09
39211.5377 5.50159142093736e-09
39223.54736 5.50174281696068e-09
39235.55702 5.50190237796921e-09
39247.56668 5.50207292119623e-09
39259.57634 5.50225405642248e-09
39271.586 3.5891937050932e-08
39283.59566 4.0424838181164e-07
39295.60532 7.92898542508408e-07
39307.61498 4.62763483759781e-07
39319.62463 7.41069649781759e-09
39331.63429 5.50331113991939e-09
39343.64395 5.50346648024702e-09
39355.65361 5.50362873618687e-09
39367.66327 5.50379744976137e-09
39379.67293 5.51010575649785e-09
39391.68259 5.51049450926932e-09
39403.69225 3.42081981851201e-08
39415.70191 5.27414873488683e-07
39427.71157 3.40418467791801e-07
39439.72123 6.8664697018767e-09
39451.73089 5.51445851655206e-09
39463.74055 5.51535796014343e-09
39475.75021 5.51625957379295e-09
39487.75987 5.51716290371014e-09
39499.76952 5.51806751360986e-09
39511.77918 2.70344442017891e-08
39523.78884 1.12378851151087e-07
39535.7985 3.4884301180066e-08
39547.80816 5.51853038999038e-09
39559.81782 5.51864089454768e-09
39571.82748 5.51875015283895e-09
39583.83714 1.54893929505067e-08
39595.8468 4.53807723333048e-08
39607.85646 5.51911051002096e-09
39619.86612 5.51927904804923e-09
39631.87578 5.5194442506215e-09
39643.88544 5.51960586147072e-09
39655.8951 5.51976358943062e-09
39667.90476 5.51991715400823e-09
39679.91441 5.52006628595389e-09
39691.92407 5.862568419384e-08
39703.93373 3.26263034443256e-07
39715.94339 4.42501124898428e-08
39727.95305 5.62360118768515e-09
39739.96271 5.52731653534329e-09
39751.97237 5.52756994992229e-09
39763.98203 5.52781743256742e-09
39775.99169 5.53187042543648e-09
39788.00135 5.53465582042752e-09
39800.01101 5.53488498967223e-09
39812.02067 5.53498641276735e-09
39824.03033 5.53508142207047e-09
39836.03999 5.53516998616511e-09
39848.04964 5.53525209077845e-09
39860.0593 5.53532771158829e-09
39872.06896 5.53539636349999e-09
39884.07862 5.5354586079871e-09
39896.08828 5.53551450575691e-09
39908.09794 5.53556043864519e-09
39920.1076 5.53559837474385e-09
39932.11726 5.53562977599696e-09
39944.12692 5.53565524930738e-09
39956.13658 5.53567493123556e-09
39968.14624 5.53568897336437e-09
39980.1559 5.53569751951984e-09
39992.16556 5.53570047315317e-09
40004.17522 5.53839228332779e-09
40016.18488 4.97700021301807e-08
40028.19453 1.30344706632243e-08
40040.20419 5.53536096930508e-09
40052.21385 5.53525107582185e-09
40064.22351 5.53513776238083e-09
40076.23317 5.53502130709711e-09
40088.24283 5.53490200877128e-09
40100.25249 5.53479415490006e-09
40112.26215 5.53533519751593e-09
40124.27181 5.5358743752263e-09
40136.28147 5.53641202632878e-09
40148.29113 5.53694849008933e-09
40160.30079 5.53748415798008e-09
40172.31045 5.53801967444733e-09
40184.32011 5.54130554475492e-09
40196.32977 5.54545768942112e-09
40208.33942 5.55068066518562e-09
40220.34908 5.55160432735821e-09
40232.35874 5.55150907562071e-09
40244.3684 5.55141574196852e-09
40256.37806 5.55132470293331e-09
40268.38772 5.55123633090107e-09
40280.39738 5.55115117980128e-09
40292.40704 2.61935732280689e-08
40304.4167 4.55427385972128e-07
40316.42636 6.0345902943433e-07
40328.43602 2.08487686383573e-07
40340.44568 5.65508814239269e-07
40352.45534 6.16751850729974e-07
40364.465 7.13135271774691e-07
40376.47466 7.60063368069457e-07
40388.48431 7.80037076360258e-07
40400.49397 4.80638691350825e-07
40412.50363 2.25651360060588e-07
40424.51329 8.07383209901064e-07
40436.52295 9.30280662754156e-07
40448.53261 3.7477539476858e-08
40460.54227 6.87012825942113e-09
40472.55193 4.1755035859473e-08
40484.56159 6.92581978881349e-09
40496.57125 5.55539445059745e-09
40508.58091 5.5555921847329e-09
40520.59057 5.55560638028087e-09
40532.60023 5.55563168364218e-09
40544.60989 1.27280267856526e-08
40556.61955 6.00287347120234e-08
40568.6292 7.52707997504904e-08
40580.63886 3.98162571148254e-08
40592.64852 3.93229866194008e-08
40604.65818 7.40973478641274e-08
40616.66784 2.34540371986534e-07
40628.6775 2.89727273361803e-07
40640.68716 1.40408415559855e-08
40652.69682 5.56291563914026e-09
40664.70648 6.2435530117658e-09
40676.71614 9.95435821948081e-08
40688.7258 4.32517304321435e-07
40700.73546 4.60688415883519e-07
40712.74512 1.25178882859522e-07
40724.75478 6.58492813037135e-09
40736.76444 5.5725007736691e-09
40748.77409 5.57341338457029e-09
40760.78375 5.57433738087961e-09
40772.79341 5.57527303315986e-09
40784.80307 5.57621899293844e-09
40796.81273 5.57717509460053e-09
40808.82239 5.57764596581249e-09
40820.83205 5.57794717246138e-09
40832.84171 5.57824269988383e-09
40844.85137 5.57854739060559e-09
40856.86103 5.57886098933522e-09
40868.87069 5.57918322473607e-09
40880.88035 5.57951451485639e-09
40892.89001 5.57985470128358e-09
40904.89967 5.94098307883026e-09
40916.90932 3.80981044070585e-08
40928.91898 1.0834553890567e-08
40940.92864 1.04645480108085e-08
40952.9383 3.98690474897665e-07
40964.94796 6.33135033541277e-07
40976.95762 6.86557489727579e-07
40988.96728 7.74960390292055e-07
41000.97694 1.17561444109871e-06
41012.9866 6.06356436957779e-07
41024.99626 2.59656049749941e-08
41037.00592 5.58686734662704e-09
41049.01558 5.58854277101139e-09
41061.02524 5.58830371242406e-09
41073.0349 5.5880664701435e-09
41085.04456 6.9315455753572e-09
41097.05421 8.01992550810028e-08
41109.06387 9.12699227221265e-09
41121.07353 1.46126258274707e-08
41133.08319 3.48957377507152e-07
41145.09285 5.95886683935844e-07
41157.10251 5.13046272773158e-07
41169.11217 8.67130300963622e-07
41181.12183 1.04419736402849e-06
41193.13149 1.02259651214022e-06
41205.14115 4.19237589744713e-07
41217.15081 4.81966518799322e-08
41229.16047 5.68478376982457e-09
41241.17013 1.73403982674458e-07
41253.17979 1.55237206608146e-06
41265.18945 2.82403892791958e-06
41277.1991 3.1376486576906e-06
41289.20876 3.10137768299934e-06
41301.21842 1.97337918720618e-06
41313.22808 1.06657167490794e-06
41325.23774 3.60138217244096e-07
41337.2474 1.44423103718766e-08
41349.25706 5.59845207809255e-09
41361.26672 6.04094458258445e-09
41373.27638 1.33551676430859e-07
41385.28604 8.94464975101444e-07
41397.2957 1.48595870976199e-06
41409.30536 1.38483422998405e-06
41421.31502 1.04299198779793e-06
41433.32468 8.50574881886139e-07
41445.33434 1.08521599886642e-06
41457.34399 5.47804504355386e-07
41469.35365 6.31375837672953e-07
41481.36331 1.0421589794495e-06
41493.37297 2.12916965302123e-06
41505.38263 2.66498346436131e-06
41517.39229 2.57308701552618e-06
41529.40195 1.91237726423805e-06
41541.41161 1.01578945610261e-06
41553.42127 3.84062631247623e-07
41565.43093 7.99443504160544e-08
41577.44059 7.50727113784806e-07
41589.45025 1.29155903658836e-06
41601.45991 1.6473814312315e-06
41613.46957 1.69663222725747e-06
41625.47923 1.74028849261298e-06
41637.48888 1.73382893314965e-06
41649.49854 1.96626551450747e-06
41661.5082 2.46575239205711e-06
41673.51786 2.5307121715471e-06
41685.52752 2.59527607987349e-06
41697.53718 2.48118252390184e-06
41709.54684 2.45914562861011e-06
41721.5565 2.03845043844398e-06
41733.56616 2.33910956632751e-06
41745.57582 2.80901829785896e-06
41757.58548 3.2822161538787e-06
41769.59514 3.59849025770023e-06
41781.6048 4.23233776792587e-06
41793.61446 4.62853729526456e-06
41805.62412 4.9507827585281e-06
41817.63377 4.79404351420705e-06
41829.64343 2.99969345781237e-06
41841.65309 1.74877816161827e-06
41853.66275 1.50732568874549e-06
41865.67241 9.67713569460085e-07
41877.68207 9.92042040893753e-07
41889.69173 1.14252966403483e-06
41901.70139 9.87101626073217e-07
41913.71105 1.20179031928336e-06
41925.72071 8.17875473670515e-07
41937.73037 8.45792215139743e-07
41949.74003 1.13293266701324e-06
41961.74969 2.06189667871082e-06
41973.75935 1.57327709856896e-06
41985.76901 6.43515993000736e-07
41997.77866 2.51904680990234e-07
42009.78832 9.43734785397278e-07
42021.79798 3.83503576272933e-06
42033.80764 5.92805024835634e-06
42045.8173 6.21775061507095e-06
42057.82696 4.88844409534877e-06
42069.83662 2.38189808338782e-06
42081.84628 1.3788940863387e-06
42093.85594 1.57084853808245e-06
42105.8656 2.69920624636051e-06
42117.87526 4.17675827471984e-06
42129.88492 3.69422168227272e-06
42141.89458 3.5181318540983e-06
42153.90424 3.5652421745377e-06
42165.91389 3.72938754672762e-06
42177.92355 3.28654061420492e-06
42189.93321 2.73868395573349e-06
42201.94287 3.13281611086362e-06
42213.95253 2.76629513779022e-06
42225.96219 1.47248188384236e-06
42237.97185 1.20508427143058e-06
42249.98151 1.75565740521485e-06
42261.99117 2.58902197633091e-06
42274.00083 3.45394368942584e-06
42286.01049 3.20284322499124e-06
42298.02015 3.33741878286912e-06
42310.02981 4.93590630734916e-06
42322.03947 6.0659055591852e-06
42334.04913 6.94744248066619e-06
42346.05878 7.99555095212712e-06
42358.06844 9.4128217844498e-06
42370.0781 9.16849863431829e-06
42382.08776 8.55374495747559e-06
42394.09742 7.82401292128877e-06
42406.10708 7.5901054414777e-06
42418.11674 6.76235723960148e-06
42430.1264 5.45411396728681e-06
42442.13606 3.86540379610888e-06
42454.14572 2.65489817343151e-06
42466.15538 3.18267236935935e-06
42478.16504 3.41320987836567e-06
42490.1747 3.20001337289379e-06
42502.18436 3.7430172246689e-06
42514.19402 3.45359769155643e-06
42526.20367 2.26608418647539e-06
42538.21333 2.04794238792928e-06
42550.22299 2.9890815618578e-06
42562.23265 2.86434022131863e-06
42574.24231 2.62631792400946e-06
42586.25197 4.73016901719774e-06
42598.26163 6.34776622614628e-06
42610.27129 5.90007308410061e-06
42622.28095 6.44371670056756e-06
42634.29061 6.6115168294115e-06
42646.30027 7.98984528894512e-06
42658.30993 9.26537032645684e-06
42670.31959 8.67923249334719e-06
42682.32925 5.90743419290642e-06
42694.33891 4.27132316647921e-06
42706.34856 3.44527963909512e-06
42718.35822 3.52014103539197e-06
42730.36788 4.57336433094495e-06
42742.37754 5.67350091778818e-06
42754.3872 7.28790892679515e-06
42766.39686 1.00057984179086e-05
42778.40652 1.23260318374723e-05
42790.41618 1.12357185013241e-05
42802.42584 7.49935294697224e-06
42814.4355 5.96139181122945e-06
42826.44516 5.39179305677899e-06
42838.45482 4.85699305440453e-06
42850.46448 5.63954629058477e-06
42862.47414 6.95948225412671e-06
42874.4838 8.14628373878993e-06
42886.49345 8.69700470929351e-06
42898.50311 1.00555934111607e-05
42910.51277 1.06634582112655e-05
42922.52243 1.045525354278e-05
42934.53209 9.42305832560334e-06
42946.54175 9.60634018907738e-06
42958.55141 9.51669896933958e-06
42970.56107 9.75976557708357e-06
42982.57073 7.4739242833935e-06
42994.58039 4.87692731553036e-06
43006.59005 4.54447067072951e-06
43018.59971 4.72992215035339e-06
43030.60937 5.42489847091404e-06
43042.61903 5.37940748031914e-06
43054.62869 5.41419433285835e-06
43066.63834 7.25388505127428e-06
43078.648 8.8808482252694e-06
43090.65766 7.85263970820217e-06
43102.66732 7.64045383047596e-06
43114.67698 7.66881826059953e-06
43126.68664 7.85528839825355e-06
43138.6963 7.85378752199474e-06
43150.70596 7.91724409689564e-06
43162.71562 8.27845958886929e-06
43174.72528 1.02882278113937e-05
43186.73494 1.32555020290372e-05
43198.7446 1.30812750413084e-05
43210.75426 1.17999239827207e-05
43222.76392 1.09317570843722e-05
43234.77357 9.58801934424985e-06
43246.78323 9.14106122890326e-06
43258.79289 8.96791624092348e-06
43270.80255 9.1961253955931e-06
43282.81221 1.05071501148465e-05
43294.82187 1.16799213376681e-05
43306.83153 1.11292325640968e-05
43318.84119 9.89862161812131e-06
43330.85085 9.5174952343986e-06
43342.86051 8.60194261649073e-06
43354.87017 9.50497853337752e-06
43366.87983 1.12956102580252e-05
43378.88949 1.17589903902679e-05
43390.89915 1.12319730830031e-05
43402.90881 1.010613576214e-05
43414.91846 9.20315717512494e-06
43426.92812 9.07589879113755e-06
43438.93778 1.02415393557529e-05
43450.94744 1.15452780336375e-05
43462.9571 1.26078332873785e-05
43474.96676 1.35862709240547e-05
43486.97642 1.31592093654858e-05
43498.98608 1.23180964616102e-05
43510.99574 1.23793711959285e-05
43523.0054 1.44825773410791e-05
43535.01506 1.67060320089783e-05
43547.02472 1.75598537853369e-05
43559.03438 1.59540895541233e-05
43571.04404 1.39930578595189e-05
43583.0537 1.25144079662717e-05
43595.06335 1.18238773003058e-05
43607.07301 1.14821240284453e-05
43619.08267 1.08434655743846e-05
43631.09233 9.93728482308787e-06
43643.10199 1.03978709305508e-05
43655.11165 9.86937500558979e-06
43667.12131 1.046606238954e-05
43679.13097 1.12313333044194e-05
43691.14063 1.21126357139356e-05
43703.15029 1.1835158492551e-05
43715.15995 1.18269316868532e-05
43727.16961 1.26874887760242e-05
43739.17927 1.41562775682604e-05
43751.18893 1.61342827193126e-05
43763.19859 1.68817812543254e-05
43775.20824 1.77777747254738e-05
43787.2179 1.90363156570921e-05
43799.22756 1.91097992315421e-05
43811.23722 1.77765545280869e-05
43823.24688 1.4814863600466e-05
43835.25654 1.26087782038735e-05
43847.2662 1.1090485775567e-05
43859.27586 1.20255700927624e-05
43871.28552 1.27153904698095e-05
43883.29518 1.28622158251723e-05
43895.30484 1.15864442322064e-05
43907.3145 1.09887734075618e-05
43919.32416 1.14788714249583e-05
43931.33382 1.37554447267097e-05
43943.34348 1.57608095839771e-05
43955.35313 1.71370877222651e-05
43967.36279 1.44195937336685e-05
43979.37245 1.21597301285089e-05
43991.38211 1.04610919878322e-05
44003.39177 1.11889151532798e-05
44015.40143 1.256903831081e-05
44027.41109 1.2989267563154e-05
44039.42075 1.2023038036544e-05
44051.43041 1.15061903502218e-05
44063.44007 1.20652568502452e-05
44075.44973 1.25601572922009e-05
44087.45939 1.27104613207218e-05
44099.46905 1.14526911021428e-05
44111.47871 1.09054770843458e-05
44123.48837 1.11624902103577e-05
44135.49802 1.14806195639799e-05
44147.50768 1.22042021131496e-05
44159.51734 1.25028342791483e-05
44171.527 1.10812801944676e-05
44183.53666 1.06590272576573e-05
44195.54632 1.03293299600021e-05
44207.55598 1.08988118029685e-05
44219.56564 1.18201292916905e-05
44231.5753 1.24741439565356e-05
44243.58496 1.08586742723656e-05
44255.59462 1.07892624183515e-05
44267.60428 8.88370458596459e-06
44279.61394 7.88928445454333e-06
44291.6236 7.24260460981095e-06
44303.63326 6.83489976943182e-06
44315.64291 7.89772101229709e-06
44327.65257 9.4480640381177e-06
44339.66223 1.01918241030321e-05
44351.67189 1.06634403387862e-05
44363.68155 1.02784982458276e-05
44375.69121 9.84304486146442e-06
44387.70087 9.25678428411808e-06
44399.71053 8.81502691909298e-06
44411.72019 8.9275916755121e-06
44423.72985 1.03580877703884e-05
44435.73951 1.14902367957324e-05
44447.74917 1.2808992710877e-05
44459.75883 1.27089910066079e-05
44471.76849 1.26381644904385e-05
44483.77814 1.26788976010347e-05
44495.7878 1.21634797701628e-05
44507.79746 1.11114677798727e-05
44519.80712 1.10546395514732e-05
44531.81678 1.09802480400836e-05
44543.82644 1.10426307092341e-05
44555.8361 1.02485999665457e-05
44567.84576 9.32232171977728e-06
44579.85542 8.40555785748449e-06
44591.86508 9.4478964729668e-06
44603.87474 1.04697057125555e-05
44615.8844 1.17134032139904e-05
44627.89406 1.29950380773034e-05
44639.90372 1.46046300052129e-05
44651.91338 1.63685959371598e-05
44663.92303 1.66423111865121e-05
44675.93269 1.48470516539851e-05
44687.94235 1.07231985497782e-05
44699.95201 9.30892176759598e-06
44711.96167 1.00783228877436e-05
44723.97133 1.20162624330687e-05
44735.98099 1.37771256501627e-05
44747.99065 1.3800489699158e-05
44760.00031 1.4212782081662e-05
44772.00997 1.48136790095634e-05
44784.01963 1.37498088809414e-05
44796.02929 1.20621273028104e-05
44808.03895 1.05863145716876e-05
44820.04861 1.06405642792941e-05
44832.05827 1.14878614020547e-05
44844.06792 1.14107032976821e-05
44856.07758 1.08425920215837e-05
44868.08724 1.00095735622134e-05
44880.0969 1.01910765746737e-05
44892.10656 1.04758631252192e-05
44904.11622 1.06705214894776e-05
44916.12588 1.08609988188894e-05
44928.13554 1.07004559104559e-05
44940.1452 1.02528638690424e-05
44952.15486 9.0943641466914e-06
44964.16452 8.69067792881829e-06
44976.17418 8.68359287062885e-06
44988.18384 8.9677464788468e-06
45000.1935 1.03888223395428e-05
45012.20316 1.15250018752009e-05
45024.21281 1.17644897318099e-05
45036.22247 1.00943031977535e-05
45048.23213 8.31643060096333e-06
45060.24179 7.24187566749644e-06
45072.25145 6.10141772487694e-06
45084.26111 6.5082760420117e-06
45096.27077 7.7223369470708e-06
45108.28043 9.10273774991024e-06
45120.29009 1.01098561315367e-05
45132.29975 9.45049632367075e-06
45144.30941 8.31909650839295e-06
45156.31907 7.61278164172828e-06
45168.32873 8.22026646112725e-06
45180.33839 9.62944885101595e-06
45192.34805 1.03180884342021e-05
45204.3577 1.06100695103493e-05
45216.36736 9.91635990393981e-06
45228.37702 8.83247432406944e-06
45240.38668 9.18501167746812e-06
45252.39634 1.01678873695568e-05
45264.406 1.13902120853427e-05
45276.41566 1.31781228296979e-05
45288.42532 1.40201050819836e-05
45300.43498 1.4713050702785e-05
45312.44464 1.49652199685505e-05
45324.4543 1.52571302966233e-05
45336.46396 1.50623810027847e-05
45348.47362 1.31659978764233e-05
45360.48328 1.13530151757446e-05
45372.49294 9.69782553680135e-06
45384.50259 9.11675452411853e-06
45396.51225 1.09445269753368e-05
45408.52191 1.34663178544501e-05
45420.53157 1.50175985434242e-05
45432.54123 1.5536905289434e-05
45444.55089 1.5717661318794e-05
45456.56055 1.53820311296276e-05
45468.57021 1.33761389516736e-05
45480.57987 1.24317033041009e-05
45492.58953 1.17852706675257e-05
45504.59919 1.1877673689913e-05
45516.60885 1.24138201794299e-05
45528.61851 1.20935133210282e-05
45540.62817 1.21931920824173e-05
45552.63782 1.2197931678749e-05
45564.64748 1.1957903613812e-05
45576.65714 1.15986520742547e-05
45588.6668 1.02854516842488e-05
45600.67646 9.53474895924836e-06
45612.68612 9.50840221053678e-06
45624.69578 1.01726721075923e-05
45636.70544 1.19203315506341e-05
45648.7151 1.39403678602636e-05
45660.72476 1.56623456677749e-05
45672.73442 1.67377328843353e-05
45684.74408 1.66226613079932e-05
45696.75374 1.5242187148959e-05
45708.7634 1.30852267484505e-05
45720.77306 1.15239184946256e-05
45732.78271 1.20034413294801e-05
45744.79237 1.22892310466364e-05
45756.80203 1.22756179433503e-05
45768.81169 1.13287645282735e-05
45780.82135 1.12572570574234e-05
45792.83101 1.21730236568513e-05
45804.84067 1.26549158002457e-05
45816.85033 1.25721044280888e-05
45828.85999 1.22861613825326e-05
45840.86965 1.15725571372441e-05
45852.87931 1.12130958797932e-05
45864.88897 1.00700319589162e-05
45876.89863 9.16834569059872e-06
45888.90829 7.13880614467694e-06
45900.91795 6.90917342655054e-06
45912.9276 7.72698424510027e-06
45924.93726 9.79470252383153e-06
45936.94692 1.07923352659799e-05
45948.95658 1.21017727783371e-05
45960.96624 1.29625066443653e-05
45972.9759 1.24018915642936e-05
45984.98556 1.10003967302438e-05
45996.99522 8.42126083104665e-06
46009.00488 7.65627098431357e-06
46021.01454 7.9902330385941e-06
46033.0242 9.45344236280989e-06
46045.03386 1.18234196497784e-05
46057.04352 1.18053357867774e-05
46069.05318 1.2395203690867e-05
46081.06284 1.33142169725996e-05
46093.07249 1.44172068421285e-05
46105.08215 1.56752125816906e-05
46117.09181 1.45875504384736e-05
46129.10147 1.41608762888533e-05
46141.11113 1.41639730253802e-05
46153.12079 1.4701147903688e-05
46165.13045 1.6117797676131e-05
46177.14011 1.61235879323102e-05
46189.14977 1.58363322990455e-05
46201.15943 1.48437546730032e-05
46213.16909 1.35702243347268e-05
46225.17875 1.23962324468031e-05
46237.18841 1.13549821140665e-05
46249.19807 1.13639575348501e-05
46261.20773 1.07204371586409e-05
46273.21738 9.92987670307855e-06
46285.22704 9.47171711828856e-06
46297.2367 9.25113647822645e-06
46309.24636 9.2560212682738e-06
46321.25602 1.00191813337392e-05
46333.26568 1.23655655244052e-05
46345.27534 1.36723212509744e-05
46357.285 1.46512373004341e-05
46369.29466 1.47204345752861e-05
46381.30432 1.43412471857384e-05
46393.31398 1.41370693285095e-05
46405.32364 1.34857200573354e-05
46417.3333 1.35555149615076e-05
46429.34296 1.32875337185221e-05
46441.35262 1.2682816716371e-05
46453.36227 1.32780936609853e-05
46465.37193 1.28797732211841e-05
46477.38159 1.23785999237511e-05
46489.39125 1.27381612294538e-05
46501.40091 1.47742836788782e-05
46513.41057 1.72051522591985e-05
46525.42023 1.81978148478445e-05
46537.42989 1.77437930162672e-05
46549.43955 1.61818949291809e-05
46561.44921 1.61636278169021e-05
46573.45887 1.65840867593797e-05
46585.46853 1.69320463821151e-05
46597.47819 1.66948369752609e-05
46609.48785 1.66154888946974e-05
46621.49751 1.70646046382692e-05
46633.50716 1.76833572390995e-05
46645.51682 1.83629326027384e-05
46657.52648 1.89503648610487e-05
46669.53614 1.96138414260967e-05
46681.5458 2.00098937597047e-05
46693.55546 1.89773267246351e-05
46705.56512 1.79775153020466e-05
46717.57478 1.64208832452831e-05
46729.58444 1.50246465234515e-05
46741.5941 1.47630429822545e-05
46753.60376 1.43262993591486e-05
46765.61342 1.37499256310404e-05
46777.62308 1.3793312692218e-05
46789.63274 1.28995901405771e-05
46801.64239 1.18444209304456e-05
46813.65205 1.25205402407674e-05
46825.66171 1.25839369492331e-05
46837.67137 1.27497497743083e-05
46849.68103 1.23584825898223e-05
46861.69069 1.25726108328548e-05
46873.70035 1.39023152913466e-05
46885.71001 1.45956261283716e-05
46897.71967 1.50629037721548e-05
46909.72933 1.48855366138775e-05
46921.73899 1.54565749906784e-05
46933.74865 1.62162455255368e-05
46945.75831 1.68964224179724e-05
46957.76797 1.72047353554636e-05
46969.77763 1.73712733463053e-05
46981.78728 1.77699554164035e-05
46993.79694 1.74270028516779e-05
47005.8066 1.74165498630447e-05
47017.81626 1.63916132770308e-05
47029.82592 1.54785424415003e-05
47041.83558 1.51291987653284e-05
47053.84524 1.35935380069446e-05
47065.8549 1.28432132972543e-05
47077.86456 9.93242199139536e-06
47089.87422 7.79644942979104e-06
47101.88388 6.85529484772396e-06
47113.89354 6.11761156845489e-06
47125.9032 7.10501805509742e-06
47137.91286 9.58795851990188e-06
47149.92252 1.07098608876827e-05
47161.93217 1.10305865286118e-05
47173.94183 1.16957224834946e-05
47185.95149 1.14232306803236e-05
47197.96115 1.1236304092141e-05
47209.97081 1.02507132663587e-05
47221.98047 1.06534850271237e-05
47233.99013 1.12335923820876e-05
47245.99979 1.155587186634e-05
47258.00945 1.21445136643286e-05
47270.01911 1.21890437668043e-05
47282.02877 1.22762533527163e-05
47294.03843 1.15774744121043e-05
47306.04809 1.11346009650379e-05
47318.05775 9.45578502526753e-06
47330.06741 8.5910586717274e-06
47342.07706 8.56614396203688e-06
47354.08672 9.75707086800236e-06
47366.09638 1.22477087733711e-05
47378.10604 1.4609831188436e-05
47390.1157 1.62310120733128e-05
47402.12536 1.61151022445949e-05
47414.13502 1.60990285531725e-05
47426.14468 1.57421174650839e-05
47438.15434 1.49983518544767e-05
47450.164 1.40005907285313e-05
47462.17366 1.36619752986633e-05
47474.18332 1.38608516105634e-05
47486.19298 1.41046546960987e-05
47498.20264 1.43649636045295e-05
47510.2123 1.36872391064505e-05
47522.22195 1.30831418124392e-05
47534.23161 1.27084405946011e-05
47546.24127 1.22102369546585e-05
47558.25093 1.14298873889354e-05
47570.26059 9.63376907837629e-06
47582.27025 8.89251259502239e-06
47594.27991 8.73698334429693e-06
47606.28957 8.98799148909169e-06
47618.29923 8.42031063959229e-06
47630.30889 8.85575789287827e-06
47642.31855 8.14904596277626e-06
47654.32821 8.56537142647863e-06
47666.33787 9.96321299199564e-06
47678.34753 1.10635179556626e-05
47690.35719 1.09369632791821e-05
47702.36684 8.7663888717366e-06
47714.3765 6.25524509302169e-06
47726.38616 4.95746573589768e-06
47738.39582 5.1199818772319e-06
47750.40548 5.65196303267072e-06
47762.41514 7.49819670194631e-06
47774.4248 7.80092074033728e-06
47786.43446 8.25173480051665e-06
47798.44412 7.99382744318084e-06
47810.45378 7.93634462837891e-06
47822.46344 8.06938397814568e-06
47834.4731 8.15876042910357e-06
47846.48276 8.44705373351048e-06
47858.49242 8.46717718635183e-06
47870.50207 8.38858831132331e-06
47882.51173 6.71126211088911e-06
47894.52139 5.65990720108226e-06
47906.53105 4.65480117521922e-06
47918.54071 4.48454541445346e-06
47930.55037 5.21585935768621e-06
47942.56003 6.9350245505877e-06
47954.56969 8.61096713398326e-06
47966.57935 1.01999362642429e-05
47978.58901 1.11178310930049e-05
47990.59867 1.01063209076371e-05
48002.60833 9.58005195559663e-06
48014.61799 7.55690607394629e-06
48026.62765 6.0552101981454e-06
48038.63731 4.0528045355604e-06
48050.64696 3.57589007770265e-06
48062.65662 3.42768529989919e-06
48074.66628 3.75386930954835e-06
48086.67594 3.60686157319616e-06
48098.6856 4.02701710320968e-06
48110.69526 4.54788326087629e-06
48122.70492 4.82859660331398e-06
48134.71458 4.64205269591688e-06
48146.72424 4.13259237500947e-06
48158.7339 3.56117523055776e-06
48170.74356 3.83260818801993e-06
48182.75322 4.59269803687322e-06
48194.76288 4.71137471797149e-06
48206.77254 4.737995000221e-06
48218.7822 3.66740335576395e-06
48230.79185 3.23549613231863e-06
48242.80151 3.82514811714849e-06
48254.81117 4.61415453448051e-06
48266.82083 5.79152104389756e-06
48278.83049 6.52997067878313e-06
48290.84015 6.55380366119182e-06
48302.84981 6.22395984025524e-06
48314.85947 5.97775531348309e-06
48326.86913 5.22993102033862e-06
48338.87879 4.71041757300801e-06
48350.88845 4.15122599410766e-06
48362.89811 4.18062618064127e-06
48374.90777 4.13231311508481e-06
48386.91743 4.46912490366986e-06
48398.92709 4.42672304363354e-06
48410.93674 4.93300026123872e-06
48422.9464 5.11893063681449e-06
48434.95606 5.73382617067474e-06
48446.96572 6.22292451471311e-06
48458.97538 5.97540323538045e-06
48470.98504 5.19112287090852e-06
48482.9947 4.31024819294517e-06
48495.00436 3.52054326267421e-06
48507.01402 3.11672227190893e-06
48519.02368 3.65493473290816e-06
48531.03334 4.07576047854196e-06
48543.043 4.5505054647209e-06
48555.05266 4.80454280029036e-06
48567.06232 5.85717733094421e-06
48579.07198 5.93402919025177e-06
48591.08163 6.35735812422307e-06
48603.09129 5.67934768796054e-06
48615.10095 5.2455335003516e-06
48627.11061 4.66584204706043e-06
48639.12027 4.29908584419902e-06
48651.12993 4.25075780821693e-06
48663.13959 4.0841691249013e-06
48675.14925 3.36219186181168e-06
48687.15891 2.62108660465887e-06
48699.16857 2.10785255504696e-06
48711.17823 2.61659414793158e-06
48723.18789 3.96513587523954e-06
48735.19755 5.10475632088966e-06
48747.20721 6.09180531052919e-06
48759.21687 5.92370929628033e-06
48771.22652 5.75999667212431e-06
48783.23618 3.40438791537797e-06
48795.24584 2.41865331342968e-06
48807.2555 1.38881137955456e-06
48819.26516 1.45712659245763e-06
48831.27482 2.46267419356845e-06
48843.28448 4.35253886406895e-06
48855.29414 5.4192426959666e-06
48867.3038 6.29646275529538e-06
48879.31346 5.37363069595367e-06
48891.32312 4.23511030389572e-06
48903.33278 2.71582464995354e-06
48915.34244 1.47866050720812e-06
48927.3521 1.17809210382118e-06
48939.36175 9.05716366830652e-07
48951.37141 1.12938593033107e-06
48963.38107 1.44157352994891e-06
48975.39073 1.99179963254031e-06
48987.40039 2.39198946736809e-06
48999.41005 2.3543600494233e-06
49011.41971 2.75955689743938e-06
49023.42937 3.19369413797809e-06
49035.43903 3.44042659108566e-06
49047.44869 3.63072582211139e-06
49059.45835 3.13158034926941e-06
49071.46801 3.00318592649892e-06
49083.47767 2.68604432924995e-06
49095.48733 3.05680919307217e-06
49107.49699 2.88236480106629e-06
49119.50664 2.65261974527721e-06
49131.5163 1.38769284689609e-06
49143.52596 1.0885752523895e-06
49155.53562 9.49291301961179e-07
49167.54528 2.22802814823186e-06
49179.55494 2.70535333332517e-06
49191.5646 4.12118517745992e-06
49203.57426 5.4701070423097e-06
49215.58392 7.13836658109095e-06
49227.59358 7.40225736833523e-06
49239.60324 7.22865034280387e-06
49251.6129 6.10183135079449e-06
49263.62256 5.1117025845093e-06
49275.63222 4.23334144949963e-06
49287.64188 3.81312639420055e-06
49299.65153 3.77731370580747e-06
49311.66119 3.68766153373258e-06
49323.67085 3.66005276193595e-06
49335.68051 3.47466809500337e-06
49347.69017 3.5607876960154e-06
49359.69983 3.73332571613347e-06
49371.70949 3.85631903707841e-06
49383.71915 3.78654293826638e-06
49395.72881 3.5966864919506e-06
49407.73847 3.61176777960581e-06
49419.74813 3.87166648335266e-06
49431.75779 4.394722091414e-06
49443.76745 5.09874438796326e-06
49455.77711 5.59354663852795e-06
49467.78677 5.89350386978299e-06
49479.79642 5.48147413525511e-06
49491.80608 5.35799455279402e-06
49503.81574 5.47491255150035e-06
49515.8254 6.26866965672338e-06
49527.83506 6.33548519641139e-06
49539.84472 6.10328749559419e-06
49551.85438 5.11823266578557e-06
49563.86404 4.63541922673334e-06
49575.8737 4.18486171673196e-06
49587.88336 4.46411812198159e-06
49599.89302 4.44331021966692e-06
49611.90268 4.45755960541776e-06
49623.91234 4.1024203216186e-06
49635.922 3.88543638077325e-06
49647.93166 3.09198374445887e-06
49659.94131 3.72170547834176e-06
49671.95097 3.56777863184081e-06
49683.96063 3.3675106706564e-06
49695.97029 3.17371343199621e-06
49707.97995 3.7539582488483e-06
49719.98961 3.76753728118378e-06
49731.99927 3.77472671398333e-06
49744.00893 3.22030815520015e-06
49756.01859 2.7870829713805e-06
49768.02825 3.08147073760575e-06
49780.03791 3.8860524708111e-06
49792.04757 4.58610086778508e-06
49804.05723 5.67192230787317e-06
49816.06689 5.55162171564283e-06
49828.07655 5.70726901708876e-06
49840.0862 5.81574831500699e-06
49852.09586 5.89190175854615e-06
49864.10552 5.52469385686889e-06
49876.11518 5.22664924745825e-06
49888.12484 4.5233286339415e-06
49900.1345 5.1238995712182e-06
49912.14416 5.07805317473381e-06
49924.15382 5.04344094062786e-06
49936.16348 4.57845842568602e-06
49948.17314 4.3248831710132e-06
49960.1828 4.01072152051762e-06
49972.19246 3.70109075166837e-06
49984.20212 3.31556991615261e-06
49996.21178 3.61690816552656e-06
50008.22144 3.33144812469178e-06
50020.23109 3.32357815054042e-06
50032.24075 2.52461429117681e-06
50044.25041 2.48563379043246e-06
50056.26007 2.48148082661919e-06
50068.26973 3.18593004980051e-06
50080.27939 3.03855654134296e-06
50092.28905 3.41659704884404e-06
50104.29871 2.50050701132082e-06
50116.30837 2.25003300346664e-06
50128.31803 1.38155373039292e-06
50140.32769 1.38201356529349e-06
50152.33735 1.66068802135801e-06
50164.34701 2.18781455948746e-06
50176.35667 2.39529309405052e-06
50188.36632 2.86683725920022e-06
50200.37598 3.15873006661314e-06
50212.38564 4.65985208572795e-06
50224.3953 3.72825763873093e-06
50236.40496 3.15461593329679e-06
50248.41462 2.17237366085053e-06
50260.42428 2.00713657598201e-06
50272.43394 2.16128672560139e-06
50284.4436 2.56367546339842e-06
50296.45326 3.04405402013591e-06
50308.46292 3.48295329248298e-06
50320.47258 3.65435592984411e-06
50332.48224 4.01260905401561e-06
50344.4919 4.0346810307858e-06
50356.50156 3.98972770947822e-06
50368.51121 3.66684925103788e-06
50380.52087 3.29493588618457e-06
50392.53053 3.21465343949657e-06
50404.54019 3.27768209851111e-06
50416.54985 3.18754046922263e-06
50428.55951 3.44747697376958e-06
50440.56917 3.87591330215809e-06
50452.57883 3.67279571674907e-06
50464.58849 3.74237203734369e-06
50476.59815 4.57847491874366e-06
50488.60781 5.9918038022312e-06
50500.61747 7.22517221488044e-06
50512.62713 8.11430870981823e-06
50524.63679 8.36278689111479e-06
50536.64645 8.6586444741556e-06
50548.6561 9.08285736125799e-06
50560.66576 9.64219441083425e-06
50572.67542 1.01896175084303e-05
50584.68508 1.08868068875662e-05
50596.69474 1.16994937687929e-05
50608.7044 1.31664314770043e-05
50620.71406 1.41700944307136e-05
50632.72372 1.51540790737108e-05
50644.73338 1.50584657571818e-05
50656.74304 1.49745467636934e-05
50668.7527 1.48483363948612e-05
50680.76236 1.49075206050375e-05
50692.77202 1.47061929028088e-05
50704.78168 1.4925359069213e-05
50716.79134 1.43045608053197e-05
50728.80099 1.37613832304648e-05
50740.81065 1.31554800227185e-05
50752.82031 1.26463739715777e-05
50764.82997 1.22543199279014e-05
50776.83963 1.19340239300781e-05
50788.84929 1.09049798447883e-05
50800.85895 1.00334158342946e-05
50812.86861 9.34799122550554e-06
50824.87827 9.19680877858212e-06
50836.88793 9.0084513829316e-06
50848.89759 8.94867165175975e-06
50860.90725 8.98707919797025e-06
50872.91691 8.84483489337668e-06
50884.92657 9.21726287952123e-06
50896.93623 1.04315656979033e-05
50908.94588 1.16162833891181e-05
50920.95554 1.22175854547292e-05
50932.9652 1.16239027864165e-05
50944.97486 9.57026512764333e-06
50956.98452 7.80037684364116e-06
50968.99418 6.1149686676719e-06
50981.00384 5.03534124642148e-06
50993.0135 4.59003737479685e-06
