"wave" "response"
5507.89978027344 1.24770178176437e-09
5517.89978027344 1.63490117871119e-09
5527.89978027344 1.89296167402396e-10
5537.89978027344 1.03112551565549e-09
5547.89978027344 1.42555937345865e-09
5557.89978027344 1.04065344498637e-09
5567.89978027344 1.1326587100826e-09
5577.89978027344 2.74126642159887e-10
5587.89978027344 1.49671558762468e-09
5597.89978027344 1.52584661907194e-09
5607.89978027344 6.62822658596821e-11
5617.89978027344 5.44467658031028e-10
5627.89978027344 9.56806999779974e-10
5637.89978027344 1.5013622437201e-09
5647.89978027344 4.32681955897484e-10
5657.89978027344 2.38442790431853e-09
5667.89978027344 2.15805043642573e-10
5677.89978027344 3.50919690370601e-09
5687.89978027344 1.76314978468692e-09
5697.89978027344 1.5079422785186e-09
5707.89978027344 2.92117155934056e-09
5717.89978027344 1.05791411751375e-09
5727.89978027344 1.04184977212966e-09
5737.89978027344 2.36920496022027e-09
5747.89978027344 1.39093749726764e-09
5757.89978027344 1.63004766166205e-09
5767.89978027344 6.19634051718305e-10
5777.89978027344 4.94871526368545e-09
5787.89978027344 3.66509511855172e-09
5797.89978027344 3.28214264475423e-09
5807.89978027344 2.26162813375327e-09
5817.89978027344 3.60109739391433e-10
5827.89978027344 3.0809223771613e-09
5837.89978027344 6.20610483452232e-09
5847.89978027344 4.72691889655646e-09
5857.89978027344 1.02924241413313e-08
5867.89978027344 4.29715858869968e-09
5877.89978027344 5.75419402672407e-09
5887.89978027344 2.9439528855849e-09
5897.89978027344 8.788848401429e-09
5907.89978027344 3.91125646500957e-10
5917.89978027344 8.05170958156107e-09
5927.89978027344 1.00156994199953e-08
5937.89978027344 1.61554567008617e-08
5947.89978027344 1.00711028021292e-08
5957.89978027344 1.20415371295755e-08
5967.89978027344 3.17983585332572e-08
5977.89978027344 4.10290483523616e-09
5987.89978027344 7.53441508351802e-09
5997.89978027344 3.77576803730189e-09
6007.89978027344 1.30840065478481e-08
6017.89978027344 1.37019643376532e-08
6027.89978027344 1.86416251162071e-08
6037.89978027344 3.25481230903432e-08
6047.89978027344 4.28901988850261e-09
6057.89978027344 8.29832367726839e-09
6067.89978027344 1.60431537212267e-08
6077.89978027344 6.93116651514435e-09
6087.89978027344 8.9999694130235e-09
6097.89978027344 5.14427863934527e-09
6107.89978027344 7.86839870664415e-09
6117.89978027344 6.03378086709097e-09
6127.89978027344 1.37042826732719e-08
6137.89978027344 1.9433508414623e-08
6147.89978027344 6.27491371671e-09
6157.89978027344 1.65880053925404e-08
6167.89978027344 2.32168312791567e-08
6177.89978027344 1.70024040378139e-08
6187.89978027344 1.40398704519004e-08
6197.89978027344 1.9648913160239e-08
6207.89978027344 1.99850411307894e-08
6217.89978027344 2.11969405489229e-08
6227.89978027344 1.51657870964079e-08
6237.89978027344 2.1103928911283e-08
6247.89978027344 1.44895635896427e-08
6257.89978027344 9.75193837881812e-09
6267.89978027344 3.44357348619207e-08
6277.89978027344 1.31487172431024e-09
6287.89978027344 1.38131181689244e-08
6297.89978027344 7.13986952726362e-09
6307.89978027344 2.43355617280597e-08
6317.89978027344 1.34038908780575e-08
6327.89978027344 5.37165306189141e-09
6337.89978027344 1.22037750634165e-08
6347.89978027344 8.45049334238531e-09
6357.89978027344 5.66763722563582e-08
6367.89978027344 2.2633953882148e-08
6377.89978027344 1.56548681558598e-08
6387.89978027344 2.15647946323244e-08
6397.89978027344 4.5737228198918e-08
6407.89978027344 2.01468963970572e-08
6417.89978027344 1.85479540712079e-08
6427.89978027344 2.6239973571701e-08
6437.89978027344 2.13317186880196e-08
6447.89978027344 2.34029057520168e-08
6457.89978027344 2.96986912043011e-08
6467.89978027344 1.26109196456119e-08
6477.89978027344 2.4656774211739e-08
6487.89978027344 1.69763802804963e-08
6497.89978027344 3.4889201441549e-08
6507.89978027344 1.86938294175093e-08
6517.89978027344 2.41451273742116e-08
6527.89978027344 2.45448711185063e-08
6537.89978027344 3.57652211795965e-08
6547.89978027344 3.14770767526617e-08
6557.89978027344 2.78744587322086e-08
6567.89978027344 3.82962073729819e-08
6577.89978027344 5.42227187665359e-08
6587.89978027344 1.711424483512e-08
6597.89978027344 3.94674654221742e-08
6607.89978027344 4.2974580020196e-08
6617.89978027344 5.63116521690373e-08
6627.89978027344 3.53971674234694e-08
6637.89978027344 4.45865937006062e-08
6647.89978027344 4.10739940358746e-08
6657.89978027344 4.08241715459416e-08
6667.89978027344 4.18339535972824e-08
6677.89978027344 8.49195430957002e-08
6687.89978027344 6.97374553878687e-08
6697.89978027344 5.92171853436285e-08
6707.89978027344 5.9799684934407e-08
6717.89978027344 5.20222861564377e-08
6727.89978027344 6.71974662312166e-08
6737.89978027344 5.12539510413667e-08
6747.89978027344 4.03020683472453e-08
6757.89978027344 4.18835108089848e-08
6767.89978027344 5.88949497994402e-08
6777.89978027344 5.11879930039294e-08
6787.89978027344 6.10284669324702e-08
6797.89978027344 8.99027224149938e-08
6807.89978027344 7.6287000218209e-08
6817.89978027344 6.68338134068617e-08
6827.89978027344 5.64441821240265e-08
6837.89978027344 5.13896582905772e-08
6847.89978027344 6.88648526571281e-08
6857.89978027344 8.12957826448634e-08
6867.89978027344 5.71706427250282e-08
6877.89978027344 6.14824527163985e-08
6887.89978027344 5.25311667277879e-08
6897.89978027344 7.52454099573864e-08
6907.89978027344 7.79684398268689e-08
6917.89978027344 7.44623410885614e-08
6927.89978027344 6.04493190420667e-08
6937.89978027344 6.79886628527172e-08
6947.89978027344 6.84870401263941e-08
6957.89978027344 7.85572122562495e-08
6967.89978027344 8.17389242440889e-08
6977.89978027344 7.78033598916633e-08
6987.89978027344 6.4817718534396e-08
6997.89978027344 3.80594008803553e-08
7007.89978027344 6.81443814376513e-08
7017.89978027344 8.06558029785038e-08
7027.89978027344 6.13122471740345e-08
7037.89978027344 7.03103271286707e-08
7047.89978027344 7.31814997721545e-08
7057.89978027344 7.18749463501057e-08
7067.89978027344 6.90233551681857e-08
7077.89978027344 6.17239577713589e-08
7087.89978027344 6.418913227772e-08
7097.89978027344 5.68607635798551e-08
7107.89978027344 4.97419563059801e-08
7117.89978027344 3.37760007720521e-08
7127.89978027344 4.50726746288302e-08
7137.89978027344 7.02483697779253e-08
7147.89978027344 5.56546101339335e-08
7157.89978027344 6.99035035271314e-08
7167.89978027344 6.28332913774088e-08
7177.89978027344 8.71128494753681e-08
7187.89978027344 7.25344210809052e-08
7197.89978027344 8.06055545740966e-08
7207.89978027344 8.32863429729015e-08
7217.89978027344 8.16495861936263e-08
7227.89978027344 9.09026137464854e-08
7237.89978027344 8.44628443780345e-08
7247.89978027344 9.30546141339296e-08
7257.89978027344 1.00288973349602e-07
7267.89978027344 5.60805830034544e-08
7277.89978027344 6.66828117799645e-08
7287.89978027344 7.11406892422538e-08
7297.89978027344 4.96007169627729e-08
7307.89978027344 6.04797069030279e-08
7317.89978027344 3.76544612258757e-08
7327.89978027344 7.27103709795342e-08
7337.89978027344 6.74172125051597e-08
7347.89978027344 7.05200233350974e-08
7357.89978027344 7.24451067307377e-08
7367.89978027344 7.78721664196327e-08
7377.89978027344 1.01187810892089e-07
7387.89978027344 9.57261060292798e-08
7397.89978027344 8.23155278721969e-08
7407.89978027344 8.85174461879489e-08
7417.89978027344 7.60096090858901e-08
7427.89978027344 9.28785367242054e-08
7437.89978027344 5.7048294563551e-08
7447.89978027344 6.67371423660091e-08
7457.89978027344 4.1607705731204e-08
7467.89978027344 5.00168691526002e-08
7477.89978027344 5.88943603063396e-08
7487.89978027344 9.00017109222088e-08
7497.89978027344 1.06073140484725e-07
7507.89978027344 1.04698828845187e-07
7517.89978027344 1.09816761784717e-07
7527.89978027344 9.07012258302686e-08
7537.89978027344 1.02949012233409e-07
7547.89978027344 8.4561250651933e-08
7557.89978027344 5.93089568824284e-08
7567.89978027344 1.01507769090092e-07
7577.89978027344 9.00275043533503e-08
7587.89978027344 8.22715828154886e-08
7597.89978027344 6.77726479666772e-08
7607.89978027344 7.71762808149102e-08
7617.89978027344 6.14774856126533e-08
7627.89978027344 6.8094869148812e-08
7637.89978027344 6.75431996197399e-08
7647.89978027344 8.49097325210501e-08
7657.89978027344 9.16910423960374e-08
7667.89978027344 8.30563131283099e-08
7677.89978027344 7.33012479591027e-08
7687.89978027344 6.89773587471372e-08
7697.89978027344 7.64265111049462e-08
7707.89978027344 9.85821256806569e-08
7717.89978027344 8.07113856428732e-08
7727.89978027344 6.08474083567152e-08
7737.89978027344 7.45662471826122e-08
7747.89978027344 7.76506726251962e-08
7757.89978027344 6.4839390780751e-08
7767.89978027344 4.47636217827719e-08
7777.89978027344 4.96387739973194e-08
7787.89978027344 6.65014208061928e-08
7797.89978027344 7.02428223716389e-08
7807.89978027344 4.01661951805009e-08
7817.89978027344 9.14867981663164e-08
7827.89978027344 6.13704865818593e-08
7837.89978027344 1.12655102080404e-07
7847.89978027344 6.20354246109824e-08
7857.89978027344 4.78646454170556e-08
7867.89978027344 4.19101868021111e-08
7877.89978027344 8.38090731814515e-08
7887.89978027344 7.22305206197801e-08
7897.89978027344 3.54931657795836e-08
7907.89978027344 6.64108088035144e-08
7917.89978027344 4.4667471899254e-08
7927.89978027344 7.29458289012648e-08
7937.89978027344 2.98810589027004e-08
7947.89978027344 3.38587270395392e-08
7957.89978027344 3.15398662918401e-08
7967.89978027344 1.74857096136106e-08
7977.89978027344 4.77677103620306e-08
7987.89978027344 2.70956437826478e-08
7997.89978027344 5.471614181462e-08
8007.89978027344 6.95687533661418e-08
8017.89978027344 7.14962374893882e-08
8027.89978027344 3.96916036195407e-08
8037.89978027344 6.52436051602217e-08
8047.89978027344 2.0563330464725e-08
8057.89978027344 5.32899109171562e-08
8067.89978027344 3.94999249107346e-08
8077.89978027344 2.98786776825488e-08
8087.89978027344 5.14965503213945e-08
8097.89978027344 2.73530286728456e-08
8107.89978027344 6.40104039609729e-08
8117.89978027344 1.04059377265653e-08
8127.89978027344 7.25888508117293e-08
8137.89978027344 4.91350424799087e-08
8147.89978027344 6.98164402009807e-08
8157.89978027344 1.04296313311688e-07
8167.89978027344 4.83550610583214e-08
8177.89978027344 4.56103926833549e-08
8187.89978027344 5.71941189277541e-08
8197.89978027344 8.44455601216153e-08
8207.89978027344 5.13360539862425e-08
8217.89978027344 9.60052957982601e-08
8227.89978027344 9.84505365044401e-08
8237.89978027344 3.75610209317188e-08
8247.89978027344 5.2163441436796e-08
8257.89978027344 6.62502354207939e-08
8267.89978027344 9.28222549737476e-09
8277.89978027344 3.46723506968221e-08
8287.89978027344 7.46361929438559e-08
8297.89978027344 7.45751338822163e-08
8307.89978027344 6.2929277547411e-08
8317.89978027344 5.84582735399872e-08
8327.89978027344 6.71482825175472e-08
8337.89978027344 1.09845205350569e-07
8347.89978027344 1.25612864227915e-07
8357.89978027344 1.49265478890896e-07
8367.89978027344 8.79368664781217e-08
8377.89978027344 6.4064634796695e-08
8387.89978027344 1.24131242454851e-07
8397.89978027344 1.37837232713061e-07
8407.89978027344 9.77795869939939e-08
8417.89978027344 3.8454295700681e-08
8427.89978027344 7.9685880552093e-08
8437.89978027344 1.0888615714349e-07
8447.89978027344 1.02106246686096e-07
8457.89978027344 1.34128822288092e-07
8467.89978027344 7.36419647182757e-08
8477.89978027344 1.1571600511105e-07
8487.89978027344 1.47645193533835e-07
8497.89978027344 9.61170876069812e-08
8507.89978027344 1.12663237082908e-07
8517.89978027344 1.30023192179857e-07
8527.89978027344 9.56244529729272e-08
8537.89978027344 5.17542408423613e-08
8547.89978027344 1.7643742274411e-07
8557.89978027344 1.50177137375896e-07
8567.89978027344 1.43233066185404e-07
8577.89978027344 1.11331704894217e-07
8587.89978027344 6.09509335302466e-09
8597.89978027344 1.14481185885857e-07
8607.89978027344 2.0953991410448e-07
8617.89978027344 1.81608737422648e-07
8627.89978027344 1.50635237497941e-07
8637.89978027344 9.25434291618032e-08
8647.89978027344 8.00889627112963e-08
8657.89978027344 5.28265541815147e-08
8667.89978027344 7.77608168543871e-08
8677.89978027344 3.04997787243535e-11
8687.89978027344 7.27580455878499e-08
8697.89978027344 3.05571240681611e-11
8707.89978027344 3.06114331629515e-11
8717.89978027344 3.06829463563057e-11
8727.89978027344 8.43092831437146e-08
8737.89978027344 3.07612462665883e-11
8747.89978027344 1.03850072470979e-07
8757.89978027344 2.88054095288524e-07
8767.89978027344 3.45702822884925e-07
8777.89978027344 3.09415416828424e-11
8787.89978027344 3.09645144383777e-11
8797.89978027344 3.57308542434227e-07
8807.89978027344 8.42716733677756e-08
8817.89978027344 7.67296263307708e-08
8827.89978027344 2.90411438190793e-07
8837.89978027344 3.03019828657907e-07
8847.89978027344 2.41208254842404e-07
8857.89978027344 6.53075134766129e-07
8867.89978027344 4.364710979081e-07
8877.89978027344 8.2183804207616e-09
8887.89978027344 6.32309134811912e-07
8897.89978027344 3.12416324761599e-11
8907.89978027344 8.83520739649246e-07
8917.89978027344 3.13706390744468e-11
8927.89978027344 3.1399159151306e-11
8937.89978027344 7.96355708711697e-07
8947.89978027344 3.14651374392676e-11
8957.89978027344 1.44249217162962e-06
8967.89978027344 3.14543320016983e-11
8977.89978027344 1.2999029042577e-07
8987.89978027344 3.90410810082343e-08
8997.89978027344 1.13521852115048e-07
9007.89978027344 2.00398497219906e-08
9017.89978027344 7.33369171462823e-08
9027.89978027344 3.03183999514388e-08
9037.89978027344 8.47997504298367e-08
9047.89978027344 1.35479691299201e-07
9057.89978027344 1.36619409718485e-07
9067.89978027344 9.53960937721252e-08
9077.89978027344 5.9298563252147e-08
9087.89978027344 9.68725900698936e-08
9097.89978027344 1.18592643237594e-07
9107.89978027344 1.81987037558579e-08
9117.89978027344 1.12220156627575e-07
9127.89978027344 1.87777424092325e-07
9137.89978027344 8.14559415278354e-08
9147.89978027344 1.30562770845225e-07
9157.89978027344 8.27082181913927e-08
9167.89978027344 1.31137890464833e-07
9177.89978027344 1.16630308746039e-07
9187.89978027344 7.08999273129246e-08
9197.89978027344 1.57867604170024e-07
9207.89978027344 1.14838678052099e-07
9217.89978027344 1.2135983284693e-07
9227.89978027344 1.70347848525571e-07
9237.89978027344 1.1801179069671e-07
9247.89978027344 1.59224995865032e-07
9257.89978027344 1.46440372734847e-07
9267.89978027344 7.65189198185725e-08
9277.89978027344 1.79398004519299e-07
9287.89978027344 2.40832543014563e-07
9297.89978027344 2.43138650859278e-07
9307.89978027344 1.25471004754639e-07
9317.89978027344 2.13563134959251e-07
9327.89978027344 2.47009295673543e-07
9337.89978027344 1.47693292342664e-07
9347.89978027344 2.15412596141761e-07
9357.89978027344 2.27498652241931e-07
9367.89978027344 2.43468621931813e-07
9377.89978027344 2.00336607542897e-07
9387.89978027344 2.48984573900209e-07
9397.89978027344 1.61122345546784e-07
9407.89978027344 1.81530136557093e-07
9417.89978027344 1.51743090166052e-07
9427.89978027344 2.16029941278797e-07
9437.89978027344 2.06089364353776e-07
9447.89978027344 1.56924017333977e-07
9457.89978027344 1.14821712217663e-07
9467.89978027344 2.28168129567284e-07
9477.89978027344 2.37304911741377e-07
9487.89978027344 2.31649630662171e-07
9497.89978027344 1.48116572906325e-07
9507.89978027344 2.54739974780014e-07
9517.89978027344 2.25309327568369e-07
9527.89978027344 2.53522504610778e-07
9537.89978027344 3.08562493023504e-07
9547.89978027344 2.34087443633044e-07
9557.89978027344 2.32349368851449e-07
9567.89978027344 2.54312480112484e-07
9577.89978027344 3.36653822332892e-07
9587.89978027344 2.70202994608622e-07
9597.89978027344 2.00530006316758e-07
9607.89978027344 2.24243895986353e-07
9617.89978027344 2.40779389272274e-07
9627.89978027344 1.39076078225048e-07
9637.89978027344 2.15958428042882e-07
9647.89978027344 2.04914807551095e-07
9657.89978027344 2.64060928090653e-07
9667.89978027344 2.26726759797653e-07
9677.89978027344 1.83469585419901e-07
9687.89978027344 3.14238911724356e-07
9697.89978027344 2.70753229387539e-07
9707.89978027344 2.46208437488574e-07
9717.89978027344 2.77723650717601e-07
9727.89978027344 3.1492740800724e-07
9737.89978027344 2.19352082041213e-07
9747.89978027344 2.22315313267242e-07
9757.89978027344 2.75254904763595e-07
9767.89978027344 2.28284641464374e-07
9777.89978027344 1.77862384802497e-07
9787.89978027344 1.13158720891542e-07
9797.89978027344 2.15975522958046e-07
9807.89978027344 1.92623345392342e-07
9817.89978027344 2.24415464127484e-07
9827.89978027344 1.38889110278244e-07
9837.89978027344 1.5938549701227e-07
9847.89978027344 1.91450260828167e-07
9857.89978027344 2.23737905579349e-07
9867.89978027344 2.90895783906464e-07
9877.89978027344 1.42669011943789e-07
9887.89978027344 2.41075668119114e-07
9897.89978027344 2.96009394196566e-07
9907.89978027344 2.47790338136607e-07
9917.89978027344 1.97111776681406e-07
9927.89978027344 2.14735912706487e-07
9937.89978027344 2.29862620618508e-07
9947.89978027344 2.57894589954952e-07
9957.89978027344 2.55023676243007e-07
9967.89978027344 2.34222498631952e-07
9977.89978027344 2.45092168633262e-07
9987.89978027344 1.6864943561046e-06
9997.89978027344 1.46868407811239e-06
10007.8997802734 1.60687588798853e-06
10017.8997802734 1.716603767883e-06
10027.8997802734 1.52768410915956e-06
10037.8997802734 1.59099334138424e-06
10047.8997802734 1.67871259817081e-06
10057.8997802734 1.92988487918953e-06
10067.8997802734 1.54059419530992e-06
10077.8997802734 1.15204073593958e-06
10087.8997802734 1.21650709648532e-06
10097.8997802734 1.52934385691984e-06
10107.8997802734 1.56645014282316e-06
10117.8997802734 1.24485337551471e-06
10127.8997802734 1.29744356916021e-06
10137.8997802734 1.41062629158928e-06
10147.8997802734 1.65556584095728e-06
10157.8997802734 1.55567156851371e-06
10167.8997802734 1.48973812122853e-06
10177.8997802734 1.11149476408369e-06
10187.8997802734 1.29643999248957e-06
10197.8997802734 1.5538304559474e-06
10207.8997802734 1.38391572162129e-06
10217.8997802734 1.72145074579342e-06
10227.8997802734 1.26839463741021e-06
10237.8997802734 1.40899638197368e-06
10247.900390625 1.68647139242344e-06
10257.900390625 1.4026774789693e-06
10267.900390625 1.20028194647879e-06
10277.900390625 1.36521357801592e-06
10287.900390625 1.13678815649724e-06
10297.900390625 9.57877969465485e-07
10307.900390625 1.06639646422467e-06
10317.900390625 1.23971854585228e-06
10327.900390625 9.55757735733164e-07
10337.900390625 1.23099739206127e-06
10347.900390625 1.179279116651e-06
10357.900390625 1.05584879152345e-06
10367.900390625 1.36940368523024e-06
10377.900390625 1.12757508339671e-06
10387.900390625 1.05128970365731e-06
10397.900390625 1.31432500294175e-06
10407.900390625 1.17523099138844e-06
10417.900390625 9.7873932259458e-07
10427.900390625 9.90487356710221e-07
10437.900390625 1.49597675026915e-06
10447.900390625 1.22851174106715e-06
10457.900390625 1.39843819380422e-06
10467.900390625 1.28323189688645e-06
10477.900390625 1.23298152417171e-06
10487.900390625 1.19559907816825e-06
10497.900390625 7.58228835060114e-07
10507.900390625 1.11929225596298e-06
10517.900390625 9.71162330545592e-07
10527.900390625 1.01560023378475e-06
10537.900390625 1.06131533757163e-06
10547.900390625 1.13102471772297e-06
10557.900390625 8.680305532485e-07
10567.900390625 8.66938864178029e-07
10577.900390625 1.06690439395419e-06
10587.900390625 8.62436230194407e-07
10597.900390625 1.20264159044292e-06
10607.900390625 1.14223796381249e-06
10617.900390625 1.19479675232476e-06
10627.900390625 9.3631771274994e-07
10637.900390625 9.95731649730267e-07
10647.900390625 1.12731796404841e-06
10657.900390625 1.30925834722894e-06
10667.900390625 1.48436198141175e-06
10677.900390625 1.19183164779861e-06
10687.900390625 8.06878834048825e-07
10697.900390625 9.16057892148269e-07
10707.900390625 1.13994727044969e-06
10717.900390625 1.18287805470464e-06
10727.900390625 1.16096361652398e-06
10737.900390625 1.05934422137931e-06
10747.900390625 1.23254516439141e-06
10757.900390625 8.9856835808391e-07
10767.900390625 1.24199009737638e-06
10777.900390625 8.61939218886701e-07
10787.900390625 8.6907906122754e-07
10797.900390625 1.09036679158825e-06
10807.900390625 8.66396547967315e-07
10817.900390625 1.04208779012299e-06
10827.900390625 7.6859377675599e-07
10837.900390625 9.37261928092081e-07
10847.900390625 1.33769134010844e-06
10857.900390625 7.02580261519771e-07
10867.900390625 9.65557914116422e-07
10877.900390625 1.07945454712298e-06
10887.900390625 1.02877619550954e-06
10897.900390625 7.47215950048516e-07
10907.900390625 9.67876074075263e-07
10917.900390625 9.42855147411933e-07
10927.900390625 1.19877412424459e-06
10937.900390625 8.75698982581e-07
10947.900390625 7.18318579224162e-07
10957.900390625 9.57625414830958e-07
10967.900390625 9.15138315869698e-07
10977.900390625 1.0053110928927e-06
10987.900390625 1.0290233799841e-06
10997.900390625 8.80957351689034e-07
11007.900390625 1.21873651947531e-06
11017.900390625 1.13279635686343e-06
11027.900390625 7.63484882262707e-07
11037.900390625 6.92619071090753e-07
11047.900390625 1.24946077685746e-06
11057.900390625 1.28650496487052e-06
11067.900390625 1.08883697214788e-06
11077.900390625 8.19677687783127e-07
11087.900390625 9.42548572495735e-07
11097.900390625 8.25873366325808e-07
11107.900390625 7.28971414118884e-07
11117.900390625 1.32409110282125e-06
11127.900390625 1.05410682045682e-06
11137.900390625 1.07198359183161e-06
11147.900390625 1.24020926422715e-06
11157.900390625 8.86798916548704e-07
11167.900390625 1.16068858636431e-06
11177.900390625 8.98050260177118e-07
11187.900390625 1.06346537003019e-06
11197.900390625 8.92381157221356e-07
11207.900390625 8.01136809928926e-07
11217.900390625 6.99080113737772e-07
11227.900390625 7.88546911212958e-07
11237.900390625 1.05698705741202e-06
11247.900390625 8.26755833501634e-07
11257.900390625 7.29002813134133e-07
11267.900390625 1.02138619379093e-06
11277.900390625 9.85230012210761e-07
11287.900390625 1.1005159708902e-06
11297.900390625 1.35338015471923e-06
11307.900390625 1.22214096385857e-06
11317.900390625 1.20205229654585e-06
11327.900390625 9.29976540972506e-07
11337.900390625 9.62662593567568e-07
11347.900390625 1.10819833671381e-06
11357.900390625 8.9375591438894e-07
11367.900390625 1.00274675810491e-06
11377.900390625 7.86069913155171e-07
11387.900390625 9.75194136105025e-07
11397.900390625 1.00468061958275e-06
11407.900390625 1.08410394535576e-06
11417.900390625 9.38157442776648e-07
11427.900390625 9.17058272229912e-07
11437.900390625 1.0625275557602e-06
11447.900390625 1.12889575381047e-06
11457.900390625 1.06230853444492e-06
11467.900390625 9.20873979221354e-07
11477.900390625 9.34145478671576e-07
11487.900390625 1.00008197637758e-06
11497.900390625 8.78764024984741e-07
11507.900390625 9.08149979171033e-07
11517.900390625 1.03475024204737e-06
11527.900390625 1.22640353171323e-06
11537.900390625 1.22571403191334e-06
11547.900390625 1.08356049091797e-06
11557.900390625 1.32236814643607e-06
11567.900390625 1.19189724105553e-06
11577.900390625 1.02250837642556e-06
11587.900390625 1.03986936352801e-06
11597.900390625 8.46866173599387e-07
11607.900390625 1.11586150792569e-06
11617.900390625 8.8772968254213e-07
11627.900390625 1.2860602074735e-06
11637.900390625 1.11465169856211e-06
11647.900390625 1.12435762611023e-06
11657.900390625 8.40524089858744e-07
11667.900390625 1.31513253265738e-06
11677.900390625 1.01722360067048e-06
11687.900390625 1.14350484275412e-06
11697.900390625 1.44469480551823e-06
11707.900390625 1.14916757499817e-06
11717.900390625 1.0470845796131e-06
11727.900390625 1.14053760078732e-06
11737.900390625 1.15500391892446e-06
11747.900390625 1.30102400952683e-06
11757.900390625 1.28432905288018e-06
11767.900390625 1.49212041253024e-06
11777.900390625 1.32022197656938e-06
11787.900390625 1.19530365032272e-06
11797.900390625 1.14314163839374e-06
11807.900390625 1.2770804135451e-06
11817.900390625 9.97955013272697e-07
11827.900390625 1.13566313090144e-06
11837.900390625 1.11830144965503e-06
11847.900390625 9.50250855380742e-07
11857.900390625 9.69392869404404e-07
11867.900390625 1.09236244974573e-06
11877.900390625 1.10834243285286e-06
11887.900390625 1.08812223035401e-06
11897.900390625 1.11112490927298e-06
11907.900390625 1.06550786253108e-06
11917.900390625 9.72665027014616e-07
11927.900390625 8.18661401606493e-07
11937.900390625 1.16297403309506e-06
11947.900390625 1.10461952688736e-06
11957.900390625 1.35869160816375e-06
11967.900390625 1.3398007469751e-06
11977.900390625 1.09682193145205e-06
11987.900390625 1.03166568715147e-06
11997.900390625 1.33953667253063e-06
12007.900390625 1.29400555129751e-06
12017.900390625 1.41874761328521e-06
12027.900390625 1.58699969924382e-06
12037.900390625 1.12103789355735e-06
12047.900390625 1.67974948881394e-06
12057.900390625 1.43741687739375e-06
12067.900390625 1.30004100579821e-06
12077.900390625 1.34907637271245e-06
12087.900390625 1.23308258061652e-06
12097.900390625 1.3975201836629e-06
12107.900390625 1.19130684078632e-06
12117.900390625 1.43742904991443e-06
12127.900390625 1.49983393107797e-06
12137.900390625 1.24186742715017e-06
12147.900390625 1.59766586231879e-06
12157.900390625 1.31343842457427e-06
12167.900390625 1.25941195838879e-06
12177.900390625 1.47929307137209e-06
12187.900390625 1.56447280767205e-06
12197.900390625 1.87559689863213e-06
12207.900390625 1.65252295707774e-06
12217.900390625 1.6739471310769e-06
12227.900390625 1.78788515123013e-06
12237.900390625 1.72933714927255e-06
12247.900390625 1.7356063591045e-06
12257.900390625 1.91847111792964e-06
12267.900390625 1.97178659004357e-06
12277.900390625 2.0746859426383e-06
12287.900390625 1.90186584486142e-06
12297.900390625 2.04438219487127e-06
12307.900390625 2.22286583959229e-06
12317.900390625 2.06656915578753e-06
12327.900390625 1.77905454240625e-06
12337.900390625 2.21840383816639e-06
12347.900390625 2.174720043639e-06
12357.900390625 2.24880211836274e-06
12367.900390625 2.42370473453659e-06
12377.900390625 2.68547280284164e-06
12387.900390625 2.69446326823374e-06
12397.900390625 3.03253922637524e-06
12407.900390625 2.8663328229881e-06
12417.900390625 3.22388437336626e-06
12427.900390625 3.64697532939791e-06
12437.900390625 3.15268320865475e-06
12447.900390625 3.74413809877342e-06
12457.900390625 3.91182615682956e-06
12467.900390625 4.24286164517691e-06
12477.900390625 4.58207192210841e-06
12487.900390625 4.74819723271354e-06
12497.900390625 5.30019707792224e-06
12507.900390625 5.57740519614173e-06
12517.900390625 6.32243154438043e-06
12527.900390625 6.72700367418341e-06
12537.900390625 7.15271041061598e-06
12547.900390625 8.0463560066872e-06
12557.900390625 8.70874327704335e-06
12567.900390625 9.39764391836977e-06
12577.900390625 1.00653882967807e-05
12587.900390625 1.10712132835063e-05
12597.900390625 1.19866252169238e-05
12607.900390625 1.33280370173885e-05
12617.900390625 1.42771047014212e-05
12627.900390625 1.61267306923275e-05
12637.900390625 1.76580164229277e-05
12647.900390625 1.93663678842604e-05
12657.900390625 2.15540316670519e-05
12667.900390625 2.37314466274784e-05
12677.900390625 2.6388440090475e-05
12687.900390625 2.91190478468358e-05
12697.900390625 3.22899695206026e-05
12707.900390625 3.66015207961237e-05
12717.900390625 4.07383130636085e-05
12727.900390625 4.6141956297042e-05
12737.900390625 5.17536135236244e-05
12747.900390625 5.88028174918979e-05
12757.900390625 6.68949942868886e-05
12767.900390625 7.64106499862853e-05
12777.900390625 8.6966681456641e-05
12787.900390625 9.95149375604224e-05
12797.900390625 0.000114017836753641
12807.900390625 0.000130903718760489
12817.900390625 0.000150552842627829
12827.900390625 0.000172760384945828
12837.900390625 0.000198264882915131
12847.900390625 0.000227337768935202
12857.900390625 0.000261516197937622
12867.900390625 0.000302631241272072
12877.900390625 0.000346275772668598
12887.900390625 0.000401940251572117
12897.900390625 0.000466703759558306
12907.900390625 0.000539473504244666
12917.900390625 0.000625161453809168
12927.900390625 0.000738184502358402
12937.900390625 0.000860926434572543
12947.900390625 0.0010068757892805
12957.900390625 0.00120138561046951
12967.900390625 0.00142181149472746
12977.900390625 0.00169381884505132
12987.900390625 0.00204396752470526
12997.900390625 0.00246138686350705
13007.900390625 0.00297228884110583
13017.900390625 0.00361802193590257
13027.900390625 0.00441296997747292
13037.900390625 0.00535764510405248
13047.900390625 0.00649437295606825
13057.900390625 0.00780338914456041
13067.900390625 0.00902662705409006
13077.900390625 0.00989438667274876
13087.900390625 0.010985128122653
13097.900390625 0.0119421713441139
13107.900390625 0.0130791203439411
13117.900390625 0.0145165473761878
13127.900390625 0.0162747796515322
13137.900390625 0.0181404827330999
13147.900390625 0.0207080332199793
13157.900390625 0.0228907049407564
13167.900390625 0.0262277232354401
13177.900390625 0.0297240668686275
13187.900390625 0.0346916816622963
13197.900390625 0.0400739597479094
13207.900390625 0.0475486309217521
13217.900390625 0.0556904921814743
13227.900390625 0.0659580688006766
13237.900390625 0.0769476141098416
13247.900390625 0.091265543180237
13257.900390625 0.105272828213515
13267.900390625 0.122619199764362
13277.900390625 0.141442125124278
13287.900390625 0.163153049351313
13297.900390625 0.186327944421002
13307.900390625 0.211411635470431
13317.900390625 0.236018524520187
13327.900390625 0.260667976889251
13337.900390625 0.284753830293506
13347.900390625 0.30602489694349
13357.900390625 0.324848820385942
13367.900390625 0.340603967806479
13377.900390625 0.353810173330881
13387.900390625 0.363584037917243
13397.900390625 0.370871870203852
13407.900390625 0.375996207438215
13417.900390625 0.379346498161391
13427.900390625 0.381722258875665
13437.900390625 0.385152569514815
13447.900390625 0.384408272967548
13457.900390625 0.385970568558377
13467.900390625 0.388144829370785
13477.900390625 0.388580324917687
13487.900390625 0.38983553146119
13497.900390625 0.390628291441471
13507.900390625 0.392413291043893
13517.900390625 0.392887165292465
13527.900390625 0.393184942155338
13537.900390625 0.394577507524631
13547.900390625 0.393761589298023
13557.900390625 0.394390828354799
13567.900390625 0.394374133653157
13577.900390625 0.393909691374748
13587.900390625 0.393781746754867
13597.900390625 0.393319272953621
13607.900390625 0.392614427647653
13617.900390625 0.391982043540334
13627.900390625 0.390799088833751
13637.900390625 0.3910440342824
13647.900390625 0.391815691774544
13657.900390625 0.391851435197074
13667.900390625 0.390566112052353
13677.900390625 0.390229752243929
13687.900390625 0.391193723115215
13697.900390625 0.390883019548356
13707.900390625 0.391949749967375
13717.900390625 0.391804651492793
13727.900390625 0.390813735678317
13737.900390625 0.390827814695152
13747.900390625 0.390674297342819
13757.900390625 0.390831150864342
13767.900390625 0.390571291028015
13777.900390625 0.390698865774687
13787.900390625 0.390257920610867
13797.900390625 0.389778079390914
13807.900390625 0.388963901550734
13817.900390625 0.388934293043711
13827.900390625 0.390304619912318
13837.900390625 0.389572399517541
13847.900390625 0.389260028540182
13857.900390625 0.389556402919389
13867.900390625 0.389587199082436
13877.900390625 0.388329843835401
13887.900390625 0.388750883287072
13897.900390625 0.389723622270352
13907.900390625 0.390249259275402
13917.900390625 0.389694947878765
13927.900390625 0.390939464022559
13937.900390625 0.390752293138126
13947.900390625 0.391694295715647
13957.900390625 0.39229930788205
13967.900390625 0.392602451722665
13977.900390625 0.394387788451298
13987.900390625 0.394653962929121
13997.900390625 0.394857535995911
14007.900390625 0.396593037361777
14017.900390625 0.397072637304621
14027.900390625 0.397762168614514
14037.900390625 0.398774897414255
14047.900390625 0.399182221311988
14057.900390625 0.400776026581651
14067.900390625 0.401068712036468
14077.900390625 0.401040155873347
14087.900390625 0.402324351514224
14097.900390625 0.403394506888019
14107.900390625 0.402741250349616
14117.900390625 0.404424876620857
14127.900390625 0.405129264150277
14137.900390625 0.406578912554858
14147.900390625 0.406582911151431
14157.900390625 0.407386414628078
14167.900390625 0.408520785094832
14177.900390625 0.407931742602606
14187.900390625 0.409695680033121
14197.900390625 0.409709131712205
14207.900390625 0.410056089545614
14217.900390625 0.411583809965766
14227.900390625 0.411804660976471
14237.900390625 0.412972051266466
14247.900390625 0.41318390868818
14257.900390625 0.412373340998503
14267.900390625 0.413732003493151
14277.900390625 0.413861954094196
14287.900390625 0.413910849585561
14297.900390625 0.416124253016826
14307.900390625 0.416325498625341
14317.900390625 0.41698152509339
14327.900390625 0.416109344553474
14337.900390625 0.416539068968776
14347.900390625 0.417403868661788
14357.900390625 0.416896485455881
14367.900390625 0.416902620984868
14377.900390625 0.418077287447387
14387.900390625 0.418199665023617
14397.900390625 0.418120623393973
14407.900390625 0.419259500719841
14417.900390625 0.418481095216183
14427.900390625 0.419168648203948
14437.900390625 0.41975843612096
14447.900390625 0.420273554141528
14457.900390625 0.419372975892572
14467.900390625 0.420094335440166
14477.900390625 0.419820226751757
14487.900390625 0.421372330882885
14497.900390625 0.420254084780982
14507.900390625 0.420131511852983
14517.900390625 0.421232747457348
14527.900390625 0.421128154585826
14537.900390625 0.419523005063124
14547.900390625 0.418556241867654
14557.900390625 0.419772031429846
14567.900390625 0.418626979397856
14577.900390625 0.418410138396704
14587.900390625 0.418916613817987
14597.900390625 0.418043986659683
14607.900390625 0.416280868081393
14617.900390625 0.415092137313762
14627.900390625 0.414780783333925
14637.900390625 0.414289509221236
14647.900390625 0.414398324267357
14657.900390625 0.414465568886281
14667.900390625 0.412523628991362
14677.900390625 0.412319231659646
14687.900390625 0.412326697197312
14697.900390625 0.411272187723101
14707.900390625 0.409755249233339
14717.900390625 0.409430329230015
14727.900390625 0.410262100840429
14737.900390625 0.408842562535126
14747.900390625 0.410666442929573
14757.900390625 0.409606257463975
14767.900390625 0.410158257661899
14777.900390625 0.410311195231221
14787.900390625 0.410477089229786
14797.900390625 0.410732415920127
14807.900390625 0.410269589421175
14817.900390625 0.410929965269582
14827.900390625 0.4116495204143
14837.900390625 0.411592638623646
14847.900390625 0.413051834860179
14857.900390625 0.415580303327268
14867.900390625 0.414759081469982
14877.900390625 0.41581003351169
14887.900390625 0.416324154203856
14897.900390625 0.416909920349584
14907.900390625 0.417657574913305
14917.900390625 0.419472064554279
14927.900390625 0.419825017658424
14937.900390625 0.420284752952283
14947.900390625 0.421116439220501
14957.900390625 0.422439242547203
14967.900390625 0.423619400091562
14977.900390625 0.423386276052137
14987.900390625 0.424415770638829
14997.900390625 0.426902803060672
15007.900390625 0.427414805161622
15017.900390625 0.427413541124388
15027.900390625 0.427733692650616
15037.900390625 0.429309060024054
15047.900390625 0.429739327840764
15057.900390625 0.430340733477065
15067.900390625 0.431887150779166
15077.900390625 0.431918838479372
15087.900390625 0.433195890698432
15097.900390625 0.434311779390299
15107.900390625 0.435024440353477
15117.900390625 0.434690853035515
15127.900390625 0.436141651253751
15137.900390625 0.43669022593246
15147.900390625 0.435649235891731
15157.900390625 0.436458727643286
15167.900390625 0.436623207051627
15177.900390625 0.437999945677101
15187.900390625 0.436369273372642
15197.900390625 0.437567027186901
15207.900390625 0.436741328298655
15217.900390625 0.436004802511283
15227.900390625 0.438140481086994
15237.900390625 0.436515493683506
15247.900390625 0.435495295086878
15257.900390625 0.436190545317295
15267.900390625 0.436459312840566
15277.900390625 0.436101193060742
15287.900390625 0.435450257664438
15297.900390625 0.433918603232789
15307.900390625 0.435420264257857
15317.900390625 0.434427772211435
15327.900390625 0.434055825285615
15337.900390625 0.432812837268511
15347.900390625 0.433383453538807
15357.900390625 0.433348196294754
15367.900390625 0.432481231025311
15377.900390625 0.433603553580361
15387.900390625 0.432715680541829
15397.900390625 0.431718175200516
15407.900390625 0.431534193220075
15417.900390625 0.431538607480315
15427.900390625 0.431283876019052
15437.900390625 0.431764761665705
15447.900390625 0.430756178336044
15457.900390625 0.430820856426248
15467.900390625 0.430975734552159
15477.900390625 0.430384741554426
15487.900390625 0.431899796715984
15497.900390625 0.429587103601652
15507.900390625 0.430517350889019
15517.900390625 0.428551797188921
15527.900390625 0.429801590130955
15537.900390625 0.428538191476426
15547.900390625 0.42939172736882
15557.900390625 0.427470192037366
15567.900390625 0.426618007316141
15577.900390625 0.426403637754239
15587.900390625 0.426392860592067
15597.900390625 0.426394507101179
15607.900390625 0.425630595897141
15617.900390625 0.426399649293415
15627.900390625 0.424302339817087
15637.900390625 0.425480364656895
15647.900390625 0.425137953441302
15657.900390625 0.42534102512686
15667.900390625 0.426257339332342
15677.900390625 0.426325830923211
15687.900390625 0.426731458777816
15697.900390625 0.427225843496465
15707.900390625 0.427450217506313
15717.900390625 0.428536564223301
15727.900390625 0.430945210997637
15737.900390625 0.43000637384904
15747.900390625 0.432157154815718
15757.900390625 0.431750694799644
15767.900390625 0.4340674351171
15777.900390625 0.434796142064944
15787.900390625 0.434610959470712
15797.900390625 0.436482177666621
15807.900390625 0.437767386043238
15817.900390625 0.43817242040354
15827.900390625 0.439216951407438
15837.900390625 0.440708155647012
15847.900390625 0.442139446574321
15857.900390625 0.442509333601543
15867.900390625 0.441305810423696
15877.900390625 0.443107343769916
15887.900390625 0.44246776578418
15897.900390625 0.443661597990351
15907.900390625 0.44359787908881
15917.900390625 0.444807587319879
15927.900390625 0.445263608766129
15937.900390625 0.444917153702303
15947.900390625 0.44432255423363
15957.900390625 0.444650494472715
15967.900390625 0.446457147495595
15977.900390625 0.446049039657457
15987.900390625 0.446119602454796
15997.900390625 0.444448826101311
16007.900390625 0.447120658239771
16017.900390625 0.446115781060991
16027.900390625 0.44619082258592
16037.900390625 0.445811743893648
16047.900390625 0.447159862822199
16057.900390625 0.44709310182634
16067.900390625 0.447230271583034
16077.900390625 0.446855850612719
16087.900390625 0.446470531941518
16097.900390625 0.446952631962433
16107.900390625 0.446927317363694
16117.900390625 0.447238218491836
16127.900390625 0.446007301468719
16137.900390625 0.447082381575806
16147.900390625 0.447248770159018
16157.900390625 0.447722791465647
16167.900390625 0.447853870408427
16177.900390625 0.448951801478753
16187.900390625 0.445839321433392
16197.900390625 0.447383675431191
16207.900390625 0.445267077937427
16217.900390625 0.447040159408725
16227.900390625 0.445348659129102
16237.900390625 0.445444174255111
16247.900390625 0.444872357621682
16257.900390625 0.444313596570893
16267.900390625 0.443065063436286
16277.900390625 0.444367176930213
16287.900390625 0.443503738464734
16297.900390625 0.442173322008708
16307.900390625 0.442439080965997
16317.900390625 0.442774588321236
16327.900390625 0.443459903290979
16337.900390625 0.44248457418388
16347.900390625 0.442839000627568
16357.900390625 0.44422930249421
16367.900390625 0.443932817323709
16377.900390625 0.444583634257854
16387.900390625 0.444294896650312
16397.900390625 0.445670767776684
16407.900390625 0.444695676384556
16417.900390625 0.445662722755123
16427.900390625 0.445512217469749
16437.900390625 0.446343645369624
16447.900390625 0.443358992236399
16457.900390625 0.44656323225627
16467.900390625 0.446212617695817
16477.900390625 0.447968766882371
16487.900390625 0.447172966203631
16497.900390625 0.447984579697397
16507.900390625 0.449034767609969
16517.900390625 0.449302842387104
16527.900390625 0.451428352759743
16537.900390625 0.451874744948358
16547.900390625 0.451760421217089
16557.900390625 0.449297003204658
16567.900390625 0.447951529447808
16577.900390625 0.444600168111431
16587.900390625 0.437925618943766
16597.900390625 0.428064783398093
16607.900390625 0.416868422238868
16617.900390625 0.399865646766235
16627.900390625 0.380668104055324
16637.900390625 0.355451482904105
16647.900390625 0.33017542547152
16657.900390625 0.303055858932712
16667.900390625 0.273507890967935
16677.900390625 0.245764949361218
16687.900390625 0.216548967865792
16697.900390625 0.188443764740129
16707.900390625 0.164294744033707
16717.900390625 0.140751432557505
16727.900390625 0.120592533884156
16737.900390625 0.102860287361592
16747.900390625 0.088526617017349
16757.900390625 0.0773626522286409
16767.900390625 0.0672326946449199
16777.900390625 0.0593764229089708
16787.900390625 0.0515753930584803
16797.900390625 0.0453600941108454
16807.900390625 0.0398709846854809
16817.900390625 0.0357356500292713
16827.900390625 0.0313485305397563
16837.900390625 0.0279712523701678
16847.900390625 0.0244129391479639
16857.900390625 0.0208385769510594
16867.900390625 0.0177046456231331
16877.900390625 0.0149126575971696
16887.900390625 0.0124571454356286
16897.900390625 0.0105117544546631
16907.900390625 0.00884456040930931
16917.900390625 0.00746396940978408
16927.900390625 0.00625230277623564
16937.900390625 0.00530308757102516
16947.900390625 0.00448086524803496
16957.900390625 0.00377614162433966
16967.900390625 0.00322804695493579
16977.900390625 0.00273699912194885
16987.900390625 0.0023354529066089
16997.900390625 0.00200252699355967
17007.900390625 0.00172626747705847
17017.900390625 0.00147907662039663
17027.900390625 0.00127840346689787
17037.900390625 0.00110753396876656
17047.900390625 0.000958459746933913
17057.900390625 0.000837361952196869
17067.900390625 0.000731684763883599
17077.900390625 0.000639122756524249
17087.900390625 0.000560401489110637
17097.900390625 0.000493744671837641
17107.900390625 0.000434561233455508
17117.900390625 0.000383373160899019
17127.900390625 0.000341318486541095
17137.900390625 0.000300290197890104
17147.900390625 0.000269039328185485
17157.900390625 0.000239677951799956
17167.900390625 0.000214888081649134
17177.900390625 0.000191748904724101
17187.900390625 0.000172787501737475
17197.900390625 0.000155734775792172
17207.900390625 0.000140657141618617
17217.900390625 0.000127873027899268
17227.900390625 0.000114670528523665
17237.900390625 0.000104725186784525
17247.900390625 9.49784830910118e-05
17257.900390625 8.69411131964178e-05
17267.900390625 7.80752506601786e-05
17277.900390625 7.26797978114017e-05
17287.900390625 6.50947053010921e-05
17297.900390625 6.06937829357035e-05
17307.900390625 5.57205173707973e-05
17317.900390625 5.04679553394345e-05
17327.900390625 4.7438513714013e-05
17337.900390625 4.17925761372702e-05
17347.900390625 3.95417444105017e-05
17357.900390625 3.63546891926487e-05
17367.900390625 3.33331195298674e-05
17377.900390625 3.16557828416059e-05
17387.900390625 2.91982537349704e-05
17397.900390625 2.69217154149809e-05
17407.900390625 2.47043491395811e-05
17417.900390625 2.28845937299476e-05
17427.900390625 2.13202449175829e-05
17437.900390625 2.04531384919861e-05
17447.900390625 1.85457737268335e-05
17457.900390625 1.79035396969987e-05
17467.900390625 1.62636085451329e-05
17477.900390625 1.59614485491815e-05
17487.900390625 1.5337263142528e-05
17497.900390625 1.37744195519244e-05
17507.900390625 1.3265257858894e-05
17517.900390625 1.23438604252045e-05
17527.900390625 1.13410347161783e-05
17537.900390625 1.08669374454225e-05
17547.900390625 1.08962789270419e-05
17557.900390625 9.77204432083339e-06
17567.900390625 9.62387115647585e-06
17577.900390625 8.84863209644549e-06
17587.900390625 9.22961158839049e-06
17597.900390625 7.67711618588366e-06
17607.900390625 9.09631337994382e-06
17617.900390625 7.17283111017356e-06
17627.900390625 6.92395547167391e-06
17637.900390625 7.58493849183897e-06
17647.900390625 6.93749071685294e-06
17657.900390625 7.4393109512575e-06
17667.900390625 6.20379212928125e-06
17677.900390625 6.35969606155823e-06
17687.900390625 4.96421895561399e-06
17697.900390625 6.85507506540058e-06
17707.900390625 5.99758169323161e-06
17717.900390625 5.22630829585351e-06
17727.900390625 5.86827289779678e-06
17737.900390625 5.2218927403403e-06
17747.900390625 5.02315426184131e-06
17757.900390625 5.00996159255764e-06
17767.900390625 5.62514162491173e-06
17777.900390625 5.821766684433e-06
17787.900390625 5.88525018835673e-06
17797.900390625 5.00896415275698e-06
17807.900390625 4.08297342877458e-06
17817.900390625 5.12918823950336e-06
17827.900390625 4.28625459229816e-06
17837.900390625 5.03330530678452e-06
17847.900390625 4.64309646190001e-06
17857.900390625 5.36102775723458e-06
17867.900390625 4.76360528368199e-06
17877.900390625 5.06860335927584e-06
17887.900390625 4.54928355965095e-06
17897.900390625 5.41061755090529e-06
17907.900390625 4.66907593958432e-06
17917.900390625 4.68694538121438e-06
17927.900390625 4.93709700816442e-06
17937.900390625 4.50754343410114e-06
17947.900390625 4.80883149091238e-06
17957.900390625 5.36793834669754e-06
17967.900390625 3.87341194381907e-06
17977.900390625 4.46773573367995e-06
17987.900390625 3.62750568935629e-06
17997.900390625 3.45632464159814e-06
18007.900390625 4.55043372912576e-06
18017.900390625 5.43814770794272e-06
18027.900390625 4.86207876736532e-06
18037.900390625 5.07381506910746e-06
18047.900390625 3.3203624424781e-06
18057.900390625 3.99343203063643e-06
18067.900390625 4.78650900277806e-06
18077.900390625 5.03522331436947e-06
18087.900390625 5.10127618532904e-06
18097.900390625 4.9850856860624e-06
18107.900390625 5.62331073862925e-06
18117.900390625 5.54848943357197e-06
18127.900390625 4.51442858716563e-06
18137.900390625 4.65376086810477e-06
18147.900390625 4.87924370073947e-06
18157.900390625 4.44769605143478e-06
18167.900390625 4.2899672771105e-06
18177.900390625 4.97543402877838e-06
18187.900390625 5.4922684635115e-06
18197.900390625 4.79661946764594e-06
18207.900390625 4.40430970766915e-06
18217.900390625 4.87102172624549e-06
18227.900390625 4.90531286120009e-06
18237.900390625 5.66370159300768e-06
18247.900390625 4.72234084793989e-06
18257.900390625 5.7218275729192e-06
18267.900390625 4.2267463657743e-06
18277.900390625 3.81577343143971e-06
18287.900390625 5.60542675001824e-06
18297.900390625 4.93495003211107e-06
18307.900390625 5.61882973501458e-06
18317.900390625 4.0698869504087e-06
18327.900390625 4.80692868726651e-06
18337.900390625 3.60805305729295e-06
18347.900390625 5.74242758368329e-06
18357.900390625 5.00372550864436e-06
18367.900390625 4.61845381384101e-06
18377.900390625 3.34180316884802e-06
18387.900390625 5.62512775014924e-06
18397.900390625 3.95795969306208e-06
18407.900390625 5.50417647018257e-06
18417.900390625 3.67643649241205e-06
18427.900390625 5.05556020540652e-06
18437.900390625 5.55027518680769e-06
18447.900390625 4.43458515310062e-06
18457.900390625 3.71233494198376e-06
18467.900390625 5.76000395167725e-06
18477.900390625 6.2723984033909e-06
18487.900390625 4.16916536414841e-06
18497.900390625 6.38887558799392e-06
18507.900390625 4.89377669269856e-06
18517.900390625 6.23427055097812e-06
18527.900390625 4.84854381106015e-06
18537.900390625 4.43963933568748e-06
18547.900390625 5.18930288107267e-06
18557.900390625 6.9264528978839e-06
18567.900390625 5.11560425081536e-06
18577.900390625 4.19858434896292e-06
18587.900390625 6.05774783980289e-06
18597.900390625 3.56429303483966e-06
18607.900390625 5.83031436796806e-06
18617.900390625 5.37781493457378e-06
18627.900390625 5.70838464887477e-06
18637.900390625 5.21287674295925e-06
18647.900390625 6.65452714288477e-06
18657.900390625 4.8708442363489e-06
18667.900390625 4.61659211878647e-06
18677.900390625 6.84045337017969e-06
18687.900390625 5.44670285393915e-06
18697.900390625 5.62079368807931e-06
18707.900390625 5.85089422712138e-06
18717.900390625 5.42708180655661e-06
18727.900390625 3.29269301316224e-06
18737.900390625 3.77196752814619e-06
18747.900390625 4.43024471789283e-06
18757.900390625 4.88278199881458e-06
18767.900390625 6.26006827184593e-06
18777.900390625 6.29287454956775e-06
18787.900390625 5.88985445424359e-06
18797.900390625 4.91539157131275e-06
18807.900390625 4.76048699048856e-06
18817.900390625 4.13604218952742e-06
18827.900390625 5.47517322073985e-06
18837.900390625 4.68539657013554e-06
18847.900390625 7.36187264007858e-06
18857.900390625 4.99667588758664e-06
18867.900390625 5.69362611970345e-06
18877.900390625 5.4380541860854e-06
18887.900390625 5.17817329075275e-06
18897.900390625 5.35447474693597e-06
18907.900390625 4.98784723988382e-06
18917.900390625 6.04086474420412e-06
18927.900390625 5.09230051911818e-06
18937.900390625 5.09984749837486e-06
18947.900390625 5.01131346673338e-06
18957.900390625 6.78495987322766e-06
18967.900390625 5.08674189378688e-06
18977.900390625 6.8399490621081e-06
18987.900390625 5.21767048537962e-06
18997.900390625 4.72274618622235e-06
19007.900390625 4.33331110409059e-06
19017.900390625 5.51717562058195e-06
19027.900390625 6.6733419505658e-06
19037.900390625 4.60964517526352e-06
19047.900390625 5.09718799871694e-06
19057.900390625 5.26186220114662e-06
19067.900390625 5.75304311203226e-06
19077.900390625 6.05212056134791e-06
19087.900390625 4.13393158995454e-06
19097.900390625 6.25199995472034e-06
19107.900390625 5.93462608246633e-06
19117.900390625 5.40386298838008e-06
19127.900390625 6.9416066093591e-06
19137.900390625 4.83445132246855e-06
19147.900390625 4.61193693995837e-06
19157.900390625 5.60919296387663e-06
19167.900390625 4.89829601101155e-06
19177.900390625 5.39961723562785e-06
19187.900390625 5.40089600629645e-06
19197.900390625 6.48969043461088e-06
19207.900390625 6.2741178199625e-06
19217.900390625 6.59166774660671e-06
19227.900390625 6.50845462658585e-06
19237.900390625 4.85662696657794e-06
19247.900390625 6.05243332123516e-06
19257.900390625 4.55223421644852e-06
19267.900390625 6.11758703967813e-06
19277.900390625 5.76955576065933e-06
19287.900390625 5.13550112624333e-06
19297.900390625 4.92730167026485e-06
19307.900390625 6.12168487825499e-06
19317.900390625 4.77015207294768e-06
19327.900390625 4.21557021684301e-06
19337.900390625 6.34335205870401e-06
19347.900390625 5.898166630223e-06
19357.900390625 6.49093133082821e-06
19367.900390625 6.01808840446423e-06
19377.900390625 6.45383613515454e-06
19387.900390625 4.33385081586594e-06
19397.900390625 6.06194521919759e-06
19407.900390625 6.27949432532256e-06
19417.900390625 6.57184099895587e-06
19427.900390625 6.35199857729691e-06
19437.900390625 5.96896667885656e-06
19447.900390625 8.97053671081209e-06
19457.900390625 6.10117961939174e-06
19467.900390625 7.09883703562283e-06
19477.900390625 7.14744251808485e-06
19487.900390625 4.79972276295385e-06
19497.900390625 7.15624192549942e-06
19507.900390625 7.17216936936552e-06
19517.900390625 5.25615660612832e-06
19527.900390625 6.73259360642254e-06
19537.900390625 5.57245281544269e-06
19547.900390625 5.29822852624799e-06
19557.900390625 5.6774062116767e-06
19567.900390625 5.47370093919758e-06
19577.900390625 6.94870767972201e-06
19587.900390625 5.82253555709722e-06
19597.900390625 6.17759927711997e-06
19607.900390625 5.53725008838663e-06
19617.900390625 6.16833834778781e-06
19627.900390625 5.33753724969305e-06
19637.900390625 5.05860888371094e-06
19647.900390625 5.85950650318644e-06
19657.900390625 6.57035021102224e-06
19667.900390625 6.04146983538571e-06
19677.900390625 5.45908639929775e-06
19687.900390625 7.01559231815037e-06
19697.900390625 6.2896241150193e-06
19707.900390625 6.55737190027394e-06
19717.900390625 6.21455922752789e-06
19727.900390625 5.88975797597011e-06
19737.900390625 5.92755753380363e-06
19747.900390625 6.71694745719864e-06
19757.900390625 5.06150402452233e-06
19767.900390625 5.90954102123675e-06
19777.900390625 5.9633503233646e-06
19787.900390625 6.51443429807441e-06
19797.900390625 6.3104331719689e-06
19807.900390625 5.14786110732478e-06
19817.900390625 5.713256944608e-06
19827.900390625 7.96580972480964e-06
19837.900390625 6.47070749575069e-06
19847.900390625 6.29413735930107e-06
19857.900390625 5.52331655576213e-06
19867.900390625 5.33960637434812e-06
19877.900390625 5.68072536770585e-06
19887.900390625 6.68725466927797e-06
19897.900390625 7.16652351131376e-06
19907.900390625 4.32680621355264e-06
19917.900390625 7.74454914655285e-06
19927.900390625 6.23725821270034e-06
19937.900390625 4.73735586180409e-06
19947.900390625 5.74077730216579e-06
19957.900390625 6.8213327980514e-06
19967.900390625 5.89714044902287e-06
19977.900390625 6.69053432075218e-06
19987.900390625 6.92543677270181e-06
19997.900390625 6.23471592204617e-06
20007.900390625 5.60785105371622e-06
20017.900390625 5.72810872999212e-06
20027.900390625 6.2147659254541e-06
20037.900390625 7.33276128144263e-06
20047.900390625 7.03073926189497e-06
20057.900390625 5.7272900857257e-06
20067.900390625 7.70245325989117e-06
20077.900390625 7.92680058711125e-06
20087.900390625 6.46489558553401e-06
20097.900390625 7.62352157446557e-06
20107.900390625 7.05178641576013e-06
20117.900390625 8.02934155533029e-06
20127.900390625 7.22658557181321e-06
20137.900390625 6.523274601903e-06
20147.900390625 7.41868767401347e-06
20157.900390625 7.83197009035295e-06
20167.900390625 4.98408339203112e-06
20177.900390625 8.15054481533571e-06
20187.900390625 6.87794408346831e-06
20197.900390625 9.24807821245622e-06
20207.900390625 6.18868675731796e-06
20217.900390625 7.76504996285503e-06
20227.900390625 6.19335318384909e-06
20237.900390625 7.21697429266338e-06
20247.900390625 7.48225550472241e-06
20257.900390625 5.76701833831538e-06
20267.900390625 7.03742517782931e-06
20277.900390625 6.28799127838143e-06
20287.900390625 8.51286648233339e-06
20297.900390625 6.71923312515637e-06
20307.900390625 7.4451900780286e-06
20317.900390625 7.53566638094605e-06
20327.900390625 8.24446418363661e-06
20337.900390625 8.03356224310794e-06
20347.900390625 5.90333693221579e-06
20357.900390625 8.03635182297904e-06
20367.900390625 5.79388420909047e-06
20377.900390625 7.45594850153297e-06
20387.900390625 6.07910730446281e-06
20397.900390625 7.66443870000077e-06
20407.900390625 5.52558852789796e-06
20417.900390625 1.05806213555228e-05
20427.900390625 5.90485848157298e-06
20437.900390625 7.43777651781533e-06
20447.900390625 5.47199367230708e-06
20457.900390625 9.57778261993618e-06
20467.900390625 7.12939888349957e-06
20477.900390625 6.66460287443294e-06
20487.900390625 8.9049264517999e-06
20497.900390625 6.12648640155923e-06
20507.900390625 8.96263120740472e-06
20517.900390625 7.26526807032e-06
20527.900390625 7.80810547010437e-06
20537.900390625 6.78007445692295e-06
20547.900390625 7.08326930688006e-06
20557.900390625 9.37755628815382e-06
20567.900390625 6.41701085539241e-06
20577.900390625 5.74711314034779e-06
20587.900390625 8.8914834075062e-06
20597.900390625 7.42788333493529e-06
20607.900390625 7.94629984067446e-06
20617.900390625 8.30626866739424e-06
20627.900390625 7.61158528210049e-06
20637.900390625 9.06938729143764e-06
20647.900390625 9.05465681886282e-06
20657.900390625 8.16837516707351e-06
20667.900390625 6.35309531742794e-06
20677.900390625 7.45059804382127e-06
20687.900390625 9.42442299621447e-06
20697.900390625 7.99480160473923e-06
20707.900390625 7.97445672556529e-06
20717.900390625 9.2886466516102e-06
20727.900390625 7.33106698854489e-06
20737.900390625 7.86516787565174e-06
20747.900390625 1.04944044633841e-05
20757.900390625 7.38812588035264e-06
20767.900390625 8.97269819182516e-06
20777.900390625 6.8632762761593e-06
20787.900390625 7.76999524190753e-06
20797.900390625 9.00885933355321e-06
20807.900390625 8.92730396691062e-06
20817.900390625 7.08437377414168e-06
20827.900390625 9.38555610237162e-06
20837.900390625 7.86740422380398e-06
20847.900390625 8.84493806288902e-06
20857.900390625 8.88904873759618e-06
20867.900390625 8.77652026720006e-06
20877.900390625 7.27898210637919e-06
20887.900390625 8.08078535863052e-06
20897.900390625 1.0492642314827e-05
20907.900390625 8.68016658019813e-06
20917.900390625 7.62776445405071e-06
20927.900390625 8.13339191498949e-06
20937.900390625 8.20927701297064e-06
20947.900390625 7.78904654002236e-06
20957.900390625 8.51331323985593e-06
20967.900390625 8.52293825504544e-06
20977.900390625 8.67010153202575e-06
20987.900390625 7.2221530079426e-06
20997.900390625 7.87180500542511e-06
21007.900390625 8.54617361054003e-06
21017.900390625 8.62906143906607e-06
21027.900390625 8.69103665153852e-06
21037.900390625 1.02055712385244e-05
21047.900390625 9.26209218656242e-06
21057.900390625 7.12595804088399e-06
21067.900390625 8.77323313077982e-06
21077.900390625 8.91749965569422e-06
21087.900390625 7.23556790383513e-06
21097.900390625 8.57491024493188e-06
21107.900390625 7.36342020205326e-06
21117.900390625 9.90251866776258e-06
21127.900390625 8.64079372156618e-06
21137.900390625 9.17893075960901e-06
21147.900390625 1.02672996902564e-05
21157.900390625 9.02235238105079e-06
21167.900390625 9.7156631935414e-06
21177.900390625 8.50848834264969e-06
21187.900390625 1.15972919238397e-05
21197.900390625 1.01575275695704e-05
21207.900390625 9.39092420487524e-06
21217.900390625 8.69418568210512e-06
21227.900390625 9.30083337706824e-06
21237.900390625 7.99922516253515e-06
21247.900390625 8.14867544858948e-06
21257.900390625 1.05682443059157e-05
21267.900390625 1.12735956047433e-05
21277.900390625 1.31508664906095e-05
21287.900390625 1.0538512736233e-05
21297.900390625 1.11861620161369e-05
21307.900390625 1.15469787881141e-05
21317.900390625 8.84352528829213e-06
21327.900390625 1.33597406696997e-05
21337.900390625 9.86223916582872e-06
21347.900390625 6.9652228784449e-06
21357.900390625 9.8901012832533e-06
21367.900390625 1.11012458959359e-05
21377.900390625 6.27916927425499e-06
21387.900390625 1.16982117759348e-05
21397.900390625 1.07781722311493e-05
21407.900390625 1.09657311668455e-05
21417.900390625 1.30273224277729e-05
21427.900390625 1.01607416238841e-05
21437.900390625 1.15744536475942e-05
21447.900390625 1.0286721595322e-05
21457.900390625 1.16242101908309e-05
21467.900390625 9.48882058179313e-06
21477.900390625 1.07277982009631e-05
21487.900390625 1.32304425870624e-05
21497.900390625 1.09050385535417e-05
21507.900390625 8.3521084121806e-06
21517.900390625 1.231565446614e-05
21527.900390625 1.37996883172816e-05
21537.900390625 1.44678249588318e-05
21547.900390625 1.20137059607808e-05
21557.900390625 1.32250800706421e-05
21567.900390625 1.06369349894193e-05
21577.900390625 1.20785233094855e-05
21587.900390625 1.03110258812056e-05
21597.900390625 1.1574886334669e-05
21607.900390625 1.06317239647278e-05
21617.900390625 1.08656726805243e-05
21627.900390625 1.03718081822306e-05
21637.900390625 1.22077856442238e-05
21647.900390625 1.18662724878292e-05
21657.900390625 7.95984657351466e-06
21667.900390625 1.00046357934393e-05
21677.900390625 9.10401960330547e-06
21687.900390625 1.02638026044794e-05
21697.900390625 1.19643819035582e-05
21707.900390625 1.23506481908108e-05
21717.900390625 1.09064079626188e-05
21727.900390625 1.0602636101795e-05
21737.900390625 1.33312717564065e-05
21747.900390625 1.12622386452898e-05
21757.900390625 1.18236176289063e-05
21767.900390625 6.63688638666439e-06
21777.900390625 9.60293614164437e-06
21787.900390625 1.00361150731918e-05
21797.900390625 1.00045260567641e-05
21807.900390625 8.27425834079017e-06
21817.900390625 1.19693135287172e-05
21827.900390625 1.05271664790341e-05
21837.900390625 1.07705400795912e-05
21847.900390625 1.25114012662103e-05
21857.900390625 1.03472916260544e-05
21867.900390625 1.05709753689288e-05
21877.900390625 7.70619450652028e-06
21887.900390625 9.84892423917787e-06
21897.900390625 1.16103322784871e-05
21907.900390625 1.06715923130797e-05
21917.900390625 1.38379825912389e-05
21927.900390625 1.16040067062234e-05
21937.900390625 9.50045042684932e-06
21947.900390625 1.16764050285246e-05
21957.900390625 1.13301810588072e-05
21967.900390625 1.40917356179598e-05
21977.900390625 1.2200652837285e-05
21987.900390625 1.40970462561633e-05
21997.900390625 1.21078048398941e-05
22007.900390625 1.18984198685514e-05
22017.900390625 1.31566126290062e-05
22027.900390625 1.38808637276686e-05
22037.900390625 1.39987706567659e-05
22047.900390625 1.32163304323565e-05
22057.900390625 1.49388992510937e-05
22067.900390625 1.48722132997779e-05
22077.900390625 1.35441043394336e-05
22087.900390625 1.33168837444925e-05
22097.900390625 1.68760443587535e-05
22107.900390625 1.44191501364469e-05
22117.900390625 1.79810741646373e-05
22127.900390625 1.7847436954398e-05
22137.900390625 1.8246357087913e-05
22147.900390625 1.7035712623114e-05
22157.900390625 9.7313006643074e-06
22167.900390625 1.67465106632884e-05
22177.900390625 1.80130735998058e-05
22187.900390625 1.52187928542203e-05
22197.900390625 1.47682216777238e-05
22207.900390625 1.360304359043e-05
22217.900390625 1.7216053084524e-05
22227.900390625 1.41801366687888e-05
22237.900390625 1.39613653088696e-05
22247.900390625 1.5818710572907e-05
22257.900390625 1.31857301385355e-05
22267.900390625 1.69301787442107e-05
22277.900390625 1.62773979692158e-05
22287.900390625 1.39004750452863e-05
22297.900390625 1.85921494318428e-05
22307.900390625 1.44916990953131e-05
22317.900390625 1.46907758377057e-05
22327.900390625 1.58662048649018e-05
22337.900390625 1.83612633470452e-05
22347.900390625 1.63755903247737e-05
22357.900390625 1.65014687327584e-05
22367.900390625 1.30885924132434e-05
22377.900390625 1.78500608791232e-05
22387.900390625 1.35025441970692e-05
22397.900390625 1.92419069724625e-05
22407.900390625 1.87016845456817e-05
22417.900390625 1.56544972692648e-05
22427.900390625 2.01414866484437e-05
22437.900390625 1.81909822569065e-05
22447.900390625 1.76606407224833e-05
22457.900390625 1.72777573593082e-05
22467.900390625 1.53558034009448e-05
22477.900390625 2.27863701089557e-05
22487.900390625 1.61518331750845e-05
22497.900390625 1.99085740391983e-05
22507.900390625 1.8059465571584e-05
22517.900390625 1.64081652953694e-05
22527.900390625 1.81505345296934e-05
22537.900390625 1.88809176107836e-05
22547.900390625 1.95577108781611e-05
22557.900390625 2.022473114987e-05
22567.900390625 1.94718881082546e-05
22577.900390625 1.70137716179804e-05
22587.900390625 1.64020187527678e-05
22597.900390625 2.15459635789024e-05
22607.900390625 1.93969698902343e-05
22617.900390625 2.079387285704e-05
22627.900390625 1.73435818205584e-05
22637.900390625 1.97512443779917e-05
22647.900390625 1.75441484356468e-05
22657.900390625 1.91626866866181e-05
22667.900390625 2.08264395406537e-05
22677.900390625 1.9731614806152e-05
22687.900390625 2.12903752746184e-05
22697.900390625 1.84105303260647e-05
22707.900390625 1.9346997669982e-05
22717.900390625 1.70930141514231e-05
22727.900390625 1.80577759271065e-05
22737.900390625 1.8315697298521e-05
22747.900390625 1.70898935207217e-05
22757.900390625 1.80005707902029e-05
22767.900390625 1.53427025829287e-05
22777.900390625 1.36737362342446e-05
22787.900390625 1.59099712096975e-05
22797.900390625 1.48011953490307e-05
22807.900390625 1.41050983526257e-05
22817.900390625 1.18825248860749e-05
22827.900390625 9.12147740441236e-06
22837.900390625 1.17003858580692e-05
22847.900390625 1.33974280622559e-05
22857.900390625 1.11635044689731e-05
22867.900390625 1.13187541522523e-05
22877.900390625 9.17960636939654e-06
22887.900390625 1.33504082618961e-05
22897.900390625 9.57959363800809e-06
22907.900390625 1.04447094272375e-05
22917.900390625 1.07000204624296e-05
22927.900390625 8.81205135442688e-06
22937.900390625 1.02108639087014e-05
22947.900390625 1.04504597406701e-05
22957.900390625 6.60178226369281e-06
22967.900390625 8.45171562279833e-06
22977.900390625 6.44061382780218e-06
22987.900390625 6.73306689519253e-06
22997.900390625 7.73479490824779e-06
23007.900390625 6.89239001157086e-06
23017.900390625 8.71329855769704e-06
23027.900390625 6.68117519509847e-06
23037.900390625 7.26542620434699e-06
23047.900390625 6.41970923079997e-06
23057.900390625 7.64899005654411e-06
23067.900390625 6.93533119983454e-06
23077.900390625 4.8501596838347e-06
23087.900390625 7.93174544282172e-06
23097.900390625 5.70738517133273e-06
23107.900390625 6.76699369756495e-06
23117.900390625 5.98965029380547e-06
23127.900390625 5.21835939112013e-06
23137.900390625 5.49168432118114e-06
23147.900390625 5.95009079338365e-06
23157.900390625 5.74258213475655e-06
23167.900390625 5.47613172796987e-06
23177.900390625 3.89391515663355e-06
23187.900390625 4.00263273408308e-06
23197.900390625 5.31330716879193e-06
23207.900390625 4.48440541893525e-06
23217.900390625 4.30828997902296e-06
23227.900390625 4.67848970624086e-06
23237.900390625 3.16245476025271e-06
23247.900390625 3.75322754798587e-06
23257.900390625 4.03587220178678e-06
23267.900390625 3.78759437183332e-06
23277.900390625 3.85803033539951e-06
23287.900390625 3.14423221584748e-06
23297.900390625 3.1519721852765e-06
23307.900390625 2.97169070581999e-06
23317.900390625 2.75322022035708e-06
23327.900390625 2.93748889464597e-06
23337.900390625 2.80083844493088e-06
23347.900390625 2.3269506017635e-06
23357.900390625 2.21734647972987e-06
23367.900390625 2.08069421214247e-06
23377.900390625 2.22101945126389e-06
23387.900390625 2.1762806840652e-06
23397.900390625 2.0158477761256e-06
23407.900390625 1.80702522760036e-06
23417.900390625 2.23131066800568e-06
23427.900390625 2.13942710707382e-06
23437.900390625 1.78183294590417e-06
23447.900390625 1.77568641970384e-06
23457.900390625 1.64735893638105e-06
23467.900390625 1.80570876140567e-06
23477.900390625 1.65790010265502e-06
23487.900390625 1.7214167560603e-06
23497.900390625 1.99612124937079e-06
23507.900390625 1.55835954826189e-06
23517.900390625 1.66423846106936e-06
23527.900390625 1.58409943262689e-06
23537.900390625 1.6798242034888e-06
23547.900390625 1.72024677245249e-06
23557.900390625 1.10226845002657e-06
23567.900390625 1.98615603485291e-06
23577.900390625 1.50232069931978e-06
23587.900390625 1.30832052486909e-06
23597.900390625 1.60437848966499e-06
23607.900390625 1.34612878777474e-06
23617.900390625 1.09556986605083e-06
23627.900390625 1.28889394021462e-06
23637.900390625 1.1870803863138e-06
23647.900390625 1.052571817164e-06
23657.900390625 8.91713975007922e-07
23667.900390625 7.1450068694445e-07
23677.900390625 7.46601542503436e-07
23687.900390625 5.13613767634097e-07
23697.900390625 4.97984649362275e-07
23707.900390625 4.62540226981317e-07
23717.900390625 4.25099705171124e-07
23727.900390625 3.65543928545998e-07
23737.900390625 2.32789936819412e-07
23747.900390625 2.88407475906536e-07
23757.900390625 2.6187626612197e-07
23767.900390625 2.23773517407471e-07
23777.900390625 2.33824498552436e-07
23787.900390625 2.46503461393816e-07
23797.900390625 2.45858399193922e-07
23807.900390625 1.47389482201612e-07
23817.900390625 1.87343482524367e-07
23827.900390625 1.79317979191305e-07
23837.900390625 1.39271985980125e-07
23847.900390625 1.4313155660163e-07
23857.900390625 1.46404880844753e-07
23867.900390625 1.07326706182544e-07
23877.900390625 8.75165945742521e-08
23887.900390625 1.07853089026914e-07
23897.900390625 8.51371207003117e-08
23907.900390625 9.04313968936534e-08
23917.900390625 1.19090212613249e-07
23927.900390625 7.60487006130811e-08
23937.900390625 8.11005392465693e-08
23947.900390625 6.42219066016566e-08
23957.900390625 6.0261841835451e-08
23967.900390625 5.22700824226289e-08
23977.900390625 4.17856646541234e-08
23987.900390625 3.91974987585812e-08
23997.900390625 4.60844034934832e-08
24007.900390625 4.11338342503601e-08
24017.900390625 3.10318709885284e-08
24027.900390625 3.10341998919432e-08
24037.900390625 2.30754001075075e-08
24047.900390625 2.15492924260807e-08
24057.900390625 2.09604613031664e-08
24067.900390625 2.0603272214151e-08
24077.900390625 1.48726783505446e-08
24087.900390625 1.41054634050892e-08
24097.900390625 1.20687634958669e-08
24107.900390625 8.97584915570978e-09
24117.900390625 8.83102567932296e-09
24127.900390625 7.89180353816068e-09
24137.900390625 7.80160762773311e-09
24147.900390625 5.19863855488973e-09
24157.900390625 5.59552926844191e-09
24167.900390625 5.08406262744249e-09
24177.900390625 4.0604666220831e-09
24187.900390625 4.72609414294812e-09
24197.900390625 3.45183716556399e-09
24207.900390625 2.96188511930056e-09
24217.900390625 2.61918861654749e-09
24227.900390625 2.82661191740207e-09
24237.900390625 1.62430753676427e-09
24247.900390625 1.70452242095389e-09
24257.900390625 1.56190571033176e-09
24267.900390625 1.46727934871008e-09
24277.900390625 1.29602707407105e-09
24287.900390625 1.2408373853943e-09
24297.900390625 1.10660449569734e-09
24307.900390625 1.0072916948373e-09
24317.900390625 8.58914798163639e-10
24327.900390625 7.70157643631196e-10
24337.900390625 9.08268480648242e-10
24347.900390625 6.77925451916611e-10
24357.900390625 4.85811023687005e-10
24367.900390625 6.55251730201192e-10
24377.900390625 4.81939414943105e-10
24387.900390625 4.65855590510986e-10
24397.900390625 4.80398483864025e-10
24407.900390625 2.75090643502603e-10
24417.900390625 3.12311046727734e-10
24427.900390625 2.54728344810802e-10
24437.900390625 2.82529128532733e-10
24447.900390625 1.55302895389438e-10
24457.900390625 2.50679164119956e-10
24467.900390625 2.12687604099192e-10
24477.900390625 2.19317379162237e-10
24487.900390625 1.19234662810058e-10
24497.900390625 1.69202595645264e-10
24507.900390625 1.01348673567185e-10
24517.900390625 1.01804927745646e-10
24527.900390625 1.31107669178738e-10
24537.900390625 9.60167955088901e-11
24547.900390625 8.64506689526058e-11
24557.900390625 6.94299229446756e-11
24567.900390625 6.61078782540478e-11
24577.900390625 6.60394158094540e-11
24587.900390625 6.75556881184243e-11
24597.900390625 6.13704646293565e-11
24607.900390625 4.28284909582638e-11
24617.900390625 4.7082460088818e-11
24627.900390625 5.39248552647636e-11
24637.900390625 2.86560944753614e-11
24647.900390625 2.81639399242477e-11
24657.900390625 3.42994854093432e-11
24667.900390625 2.59207633614314e-11
24677.900390625 2.63547418178736e-11
24687.900390625 2.29562403823819e-11
24697.900390625 1.80017440826496e-11
24707.900390625 1.69151619760017e-11
24717.900390625 1.56180368233464e-11
24727.900390625 1.02002662722315e-11
24737.900390625 1.3941108065026e-11
24747.900390625 1.15030952200239e-11
24757.900390625 9.5767357940881e-12
24767.900390625 1.05598947982132e-11
24777.900390625 6.65468186322074e-12
24787.900390625 5.33365521755078e-12
24797.900390625 6.02883366600558e-12
24807.900390625 6.85129754113451e-12
24817.900390625 5.68049021191449e-12
24827.900390625 4.9049453414442e-12
24837.900390625 4.22843528354049e-12
24847.900390625 3.40105409760977e-12
24857.900390625 3.71796651557998e-12
24867.900390625 2.56292927750413e-12
24877.900390625 3.21633574632098e-12
24887.900390625 2.86986511357297e-12
24897.900390625 2.96636940324275e-12
24907.900390625 2.6016376298132e-12
24917.900390625 1.97682911186932e-12
24927.900390625 1.6651147273227e-12
24937.900390625 1.60961514496307e-12
24947.900390625 1.81995951218225e-12
24957.900390625 1.27508354010339e-12
24967.900390625 1.37594888622235e-12
24977.900390625 1.23114131594779e-12
24987.900390625 1.32312926504308e-12
24997.900390625 9.32636497540515e-13
25007.900390625 6.88778510005527e-13
25017.900390625 7.97086020525948e-13
25027.900390625 7.93035052992122e-13
25037.900390625 6.61775466621013e-13
25047.900390625 4.28456847873832e-13
25057.900390625 4.90504083962412e-13
25067.900390625 5.24896724554793e-13
25077.900390625 5.55302533531704e-13
25087.900390625 3.71553653510297e-13
25097.900390625 3.54818877335952e-13
25107.900390625 3.66401901080857e-13
25117.900390625 3.4202732329544e-13
25127.900390625 3.26934460246466e-13
25137.900390625 3.84696517060657e-13
25147.900390625 3.4312322457e-13
25157.900390625 2.88810610656929e-13
25167.900390625 2.07084926815078e-13
25177.900390625 2.36702010317076e-13
25187.900390625 2.42432220677718e-13
25197.900390625 2.19543813451461e-13
25207.900390625 1.77242909233868e-13
25217.900390625 1.60765663406406e-13
25227.900390625 1.57217395530542e-13
25237.900390625 1.44695802336948e-13
25247.900390625 1.53369410707517e-13
25257.900390625 1.39332154485135e-13
25267.900390625 9.85731851837784e-14
25277.900390625 1.04341866489581e-13
25287.900390625 9.71894023068335e-14
25297.900390625 1.07459379016399e-13
25307.900390625 8.346202428177e-14
25317.900390625 1.04622581513681e-13
25327.900390625 8.50281537142035e-14
25337.900390625 7.937691715629e-14
25347.900390625 5.7071080458883e-14
25357.900390625 7.02896648717089e-14
25367.900390625 6.56951832050306e-14
25377.900390625 6.83746891613592e-14
25387.900390625 5.08234975649018e-14
25397.900390625 3.91345989144627e-14
25407.900390625 6.15568477210448e-14
25417.900390625 4.61883861218821e-14
25427.900390625 2.32502748291946e-14
25437.900390625 1.84182375412992e-14
25447.900390625 3.8838597341422e-14
25457.900390625 3.42771389281378e-14
25467.900390625 3.10614874135597e-14
25477.900390625 2.72540139367319e-14
25487.900390625 2.40520669471155e-14
25497.900390625 2.41918171869406e-14
25507.900390625 1.73155746921192e-14
25517.900390625 2.1052590320893e-14
25527.900390625 1.40897059908063e-14
25537.900390625 1.56362892355424e-14
25547.900390625 1.18226740145607e-14
25557.900390625 1.26270956031305e-14
25567.900390625 1.11163619768514e-14
25577.900390625 1.25051842303836e-14
25587.900390625 1.09405377017448e-14
25597.900390625 7.86984296440343e-15
25607.900390625 6.70548101801972e-15
25617.900390625 8.12787598421492e-15
25627.900390625 8.42142860981069e-15
25637.900390625 6.2317544097326e-15
25647.900390625 5.63910847690395e-15
25657.900390625 5.36889639688792e-15
25667.900390625 6.13767917988717e-15
25677.900390625 3.47533823938787e-15
25687.900390625 3.92855484179432e-15
25697.900390625 3.96422792369349e-15
25707.900390625 2.18214421017658e-15
25717.900390625 2.67945950064405e-15
25727.900390625 2.61915079436339e-15
25737.900390625 1.89327101909673e-15
25747.900390625 1.84381775118794e-15
25757.900390625 2.07192809269541e-15
25767.900390625 2.52624071192173e-15
25777.900390625 1.22718520506764e-15
25787.900390625 1.24754920882016e-15
25797.900390625 1.03924713935691e-15
25807.900390625 1.5139813296213e-15
25817.900390625 4.32707265296777e-16
25827.900390625 7.13791583568427e-16
25837.900390625 5.01059052423255e-16
25847.900390625 8.11037368052517e-16
25857.900390625 5.66936918729663e-16
25867.900390625 9.486789033995e-16
25877.900390625 1.99153535690952e-16
25887.900390625 6.12074348519607e-16
25897.900390625 4.88508940755944e-16
25907.900390625 4.95308877953799e-16
25917.900390625 3.63255834773719e-16
25927.900390625 2.1145822107104e-16
25937.900390625 3.57274340442835e-16
25947.900390625 3.37201411959076e-16
25957.900390625 2.86017320843914e-16
25967.900390625 1.98929166310023e-16
25977.900390625 2.13257759400008e-16
