"wave" "response"
30810.6 0.0004900000
30828.9 0.0005860000
30847.3 0.0004530000
30865.6 0.0004580000
30884.0 0.0004390000
30902.4 0.0005310000
30920.8 0.0006410000
30939.3 0.0004420000
30957.8 0.0005350000
30976.2 0.0006550000
30994.8 0.0005250000
31013.3 0.0006310000
31031.9 0.0006180000
31050.4 0.0004960000
31069.0 0.0007000000
31087.7 0.0008950000
31106.3 0.0008730000
31125.0 0.0010450000
31143.7 0.0012940000
31162.4 0.0013900000
31181.1 0.0016830000
31199.9 0.0021320000
31218.7 0.0024130000
31237.5 0.0027820000
31256.3 0.0033430000
31275.2 0.0038460000
31294.0 0.0045960000
31312.9 0.0057600000
31331.9 0.0068890000
31350.8 0.0083130000
31369.8 0.0101700000
31388.8 0.0121800000
31407.8 0.0148200000
31426.8 0.0181600000
31445.9 0.0218100000
31464.9 0.0264600000
31484.1 0.0319700000
31503.2 0.0385700000
31522.3 0.0465000000
31541.5 0.0552200000
31560.7 0.0653300000
31579.9 0.0774000000
31599.2 0.0914700000
31618.4 0.1061000000
31637.7 0.1220000000
31657.0 0.1406000000
31676.4 0.1589000000
31695.7 0.1788000000
31715.1 0.2002000000
31734.5 0.2205000000
31754.0 0.2412000000
31773.4 0.2618000000
31792.9 0.2822000000
31812.4 0.2986000000
31831.9 0.3140000000
31851.5 0.3304000000
31871.1 0.3431000000
31890.7 0.3529000000
31910.3 0.3606000000
31929.9 0.3685000000
31949.6 0.3723000000
31969.3 0.3737000000
31989.0 0.3750000000
32008.8 0.3744000000
32028.6 0.3718000000
32048.4 0.3703000000
32068.2 0.3686000000
32088.0 0.3653000000
32107.9 0.3619000000
32127.8 0.3580000000
32147.7 0.3541000000
32167.6 0.3513000000
32187.6 0.3495000000
32207.6 0.3484000000
32227.6 0.3452000000
32247.7 0.3437000000
32267.7 0.3446000000
32287.8 0.3436000000
32307.9 0.3436000000
32328.1 0.3443000000
32348.2 0.3448000000
32368.4 0.3474000000
32388.7 0.3496000000
32408.9 0.3512000000
32429.2 0.3541000000
32449.5 0.3578000000
32469.8 0.3623000000
32490.1 0.3661000000
32510.5 0.3698000000
32530.9 0.3748000000
32551.3 0.3795000000
32571.8 0.3841000000
32592.2 0.3895000000
32612.7 0.3936000000
32633.2 0.3974000000
32653.8 0.4007000000
32674.4 0.4034000000
32695.0 0.4065000000
32715.6 0.4104000000
32736.3 0.4125000000
32756.9 0.4137000000
32777.6 0.4158000000
32798.4 0.4158000000
32819.1 0.4163000000
32839.9 0.4165000000
32860.7 0.4153000000
32881.6 0.4145000000
32902.4 0.4143000000
32923.3 0.4145000000
32944.2 0.4134000000
32965.2 0.4125000000
32986.2 0.4117000000
33007.1 0.4091000000
33028.2 0.4086000000
33049.2 0.4091000000
33070.3 0.4069000000
33091.4 0.4060000000
33112.5 0.4056000000
33133.7 0.4050000000
33154.9 0.4055000000
33176.1 0.4044000000
33197.3 0.4024000000
33218.6 0.4027000000
33239.9 0.4036000000
33261.2 0.4042000000
33282.6 0.4047000000
33303.9 0.4043000000
33325.3 0.4047000000
33346.8 0.4066000000
33368.2 0.4068000000
33389.7 0.4066000000
33411.2 0.4070000000
33432.8 0.4067000000
33454.3 0.4065000000
33475.9 0.4067000000
33497.6 0.4072000000
33519.2 0.4070000000
33540.9 0.4066000000
33562.6 0.4063000000
33584.3 0.4051000000
33606.1 0.4051000000
33627.9 0.4049000000
33649.7 0.4039000000
33671.6 0.4048000000
33693.5 0.4041000000
33715.4 0.4016000000
33737.3 0.4033000000
33759.3 0.4056000000
33781.3 0.4056000000
33803.3 0.4063000000
33825.3 0.4071000000
33847.4 0.4080000000
33869.5 0.4109000000
33891.7 0.4135000000
33913.8 0.4160000000
33936.0 0.4187000000
33958.2 0.4208000000
33980.5 0.4245000000
34002.8 0.4273000000
34025.1 0.4291000000
34047.4 0.4321000000
34069.8 0.4333000000
34092.2 0.4335000000
34114.6 0.4353000000
34137.1 0.4367000000
34159.6 0.4354000000
34182.1 0.4344000000
34204.6 0.4356000000
34227.2 0.4351000000
34249.8 0.4343000000
34272.5 0.4340000000
34295.1 0.4303000000
34317.8 0.4265000000
34340.6 0.4254000000
34363.3 0.4243000000
34386.1 0.4221000000
34408.9 0.4202000000
34431.8 0.4179000000
34454.6 0.4163000000
34477.5 0.4157000000
34500.5 0.4143000000
34523.5 0.4139000000
34546.5 0.4140000000
34569.5 0.4131000000
34592.6 0.4134000000
34615.6 0.4145000000
34638.8 0.4158000000
34661.9 0.4176000000
34685.1 0.4186000000
34708.3 0.4194000000
34731.6 0.4218000000
34754.8 0.4248000000
34778.2 0.4271000000
34801.5 0.4305000000
34824.9 0.4343000000
34848.3 0.4369000000
34871.7 0.4402000000
34895.2 0.4434000000
34918.7 0.4451000000
34942.2 0.4477000000
34965.8 0.4506000000
34989.4 0.4529000000
35013.0 0.4557000000
35036.6 0.4572000000
35060.3 0.4564000000
35084.1 0.4564000000
35107.8 0.4583000000
35131.6 0.4599000000
35155.4 0.4605000000
35179.3 0.4614000000
35203.1 0.4615000000
35227.1 0.4615000000
35251.0 0.4616000000
35275.0 0.4615000000
35299.0 0.4621000000
35323.0 0.4629000000
35347.1 0.4620000000
35371.2 0.4596000000
35395.4 0.4580000000
35419.6 0.4582000000
35443.8 0.4571000000
35468.0 0.4555000000
35492.3 0.4555000000
35516.6 0.4547000000
35540.9 0.4537000000
35565.3 0.4528000000
35589.7 0.4518000000
35614.2 0.4521000000
35638.6 0.4526000000
35663.2 0.4526000000
35687.7 0.4515000000
35712.3 0.4505000000
35736.9 0.4503000000
35761.5 0.4508000000
35786.2 0.4522000000
35810.9 0.4528000000
35835.7 0.4528000000
35860.5 0.4544000000
35885.3 0.4562000000
35910.1 0.4574000000
35935.0 0.4586000000
35959.9 0.4595000000
35984.9 0.4602000000
36009.9 0.4602000000
36034.9 0.4596000000
36060.0 0.4595000000
36085.1 0.4588000000
36110.2 0.4591000000
36135.4 0.4597000000
36160.6 0.4584000000
36185.8 0.4576000000
36211.1 0.4568000000
36236.4 0.4558000000
36261.7 0.4553000000
36287.1 0.4536000000
36312.5 0.4509000000
36337.9 0.4487000000
36363.4 0.4469000000
36388.9 0.4456000000
36414.5 0.4448000000
36440.1 0.4425000000
36465.7 0.4406000000
36491.4 0.4401000000
36517.1 0.4381000000
36542.8 0.4369000000
36568.6 0.4376000000
36594.4 0.4364000000
36620.2 0.4352000000
36646.1 0.4355000000
36672.0 0.4357000000
36698.0 0.4367000000
36724.0 0.4382000000
36750.0 0.4389000000
36776.1 0.4390000000
36802.2 0.4405000000
36828.3 0.4441000000
36854.5 0.4460000000
36880.7 0.4468000000
36906.9 0.4495000000
36933.2 0.4525000000
36959.5 0.4551000000
36985.9 0.4572000000
37012.3 0.4590000000
37038.7 0.4602000000
37065.2 0.4623000000
37091.7 0.4658000000
37118.3 0.4688000000
37144.9 0.4702000000
37171.5 0.4705000000
37198.2 0.4705000000
37224.9 0.4710000000
37251.6 0.4721000000
37278.4 0.4732000000
37305.2 0.4734000000
37332.1 0.4727000000
37359.0 0.4730000000
37385.9 0.4728000000
37412.9 0.4728000000
37439.9 0.4732000000
37466.9 0.4723000000
37494.0 0.4710000000
37521.2 0.4697000000
37548.3 0.4694000000
37575.5 0.4697000000
37602.8 0.4675000000
37630.1 0.4647000000
37657.4 0.4637000000
37684.8 0.4635000000
37712.2 0.4622000000
37739.6 0.4604000000
37767.1 0.4601000000
37794.6 0.4596000000
37822.2 0.4584000000
37849.8 0.4567000000
37877.5 0.4568000000
37905.1 0.4575000000
37932.9 0.4568000000
37960.6 0.4571000000
37988.4 0.4571000000
38016.3 0.4556000000
38044.2 0.4564000000
38072.1 0.4569000000
38100.1 0.4541000000
38128.1 0.4530000000
38156.2 0.4529000000
38184.3 0.4511000000
38212.4 0.4495000000
38240.6 0.4470000000
38268.8 0.4443000000
38297.1 0.4430000000
38325.4 0.4413000000
38353.7 0.4385000000
38382.1 0.4374000000
38410.5 0.4352000000
38439.0 0.4317000000
38467.5 0.4302000000
38496.1 0.4294000000
38524.7 0.4280000000
38553.3 0.4280000000
38582.0 0.4280000000
38610.7 0.4282000000
38639.5 0.4301000000
38668.3 0.4330000000
38697.2 0.4364000000
38726.1 0.4396000000
38755.0 0.4423000000
38784.0 0.4445000000
38813.0 0.4461000000
38842.1 0.4471000000
38871.2 0.4483000000
38900.4 0.4473000000
38929.6 0.4437000000
38958.9 0.4347000000
38988.1 0.4211000000
39017.5 0.4050000000
39046.9 0.3835000000
39076.3 0.3559000000
39105.8 0.3286000000
39135.3 0.2937000000
39164.8 0.2563000000
39194.4 0.2215000000
39224.1 0.1869000000
39253.8 0.1522000000
39283.5 0.1237000000
39313.3 0.0989000000
39343.1 0.0775000000
39373.0 0.0586900000
39402.9 0.0448500000
39432.9 0.0337300000
39462.9 0.0251500000
39492.9 0.0187700000
39523.0 0.0137600000
39553.2 0.0096100000
39583.4 0.0068880000
39613.6 0.0047790000
39643.9 0.0029830000
39674.2 0.0020310000
39704.6 0.0016330000
39735.0 0.0013540000
39765.5 0.0012140000
39796.0 0.0011860000
39826.6 0.0010770000
39857.2 0.0011280000
39887.9 0.0012870000
39918.6 0.0012690000
39949.3 0.0011770000
39980.1 0.0011250000
40011.0 0.0010740000
40041.9 0.0009360000
40072.8 0.0007510000
40103.8 0.0005900000
