"wave" "response"
1000851.0 0.0004470000
1002105.0 0.0004740000
1003363.0 0.0003670000
1004623.0 0.0004070000
1005887.0 0.0004720000
1007154.0 0.0004940000
1008424.0 0.0005390000
1009697.0 0.0005890000
1010974.0 0.0005530000
1012253.0 0.0005480000
1013536.0 0.0006800000
1014822.0 0.0007000000
1016112.0 0.0005960000
1017405.0 0.0005570000
1018701.0 0.0006410000
1020000.0 0.0007240000
1021303.0 0.0006770000
1022609.0 0.0007150000
1023918.0 0.0007660000
1025231.0 0.0006650000
1026547.0 0.0007250000
1027866.0 0.0007150000
1029189.0 0.0007190000
1030516.0 0.0007990000
1031845.0 0.0007490000
1033178.0 0.0007520000
1034515.0 0.0007890000
1035855.0 0.0008220000
1037199.0 0.0008460000
1038546.0 0.0008190000
1039896.0 0.0007860000
1041250.0 0.0007970000
1042608.0 0.0009000000
1043969.0 0.0009660000
1045334.0 0.0009520000
1046702.0 0.0008080000
1048074.0 0.0007380000
1049449.0 0.0008190000
1050828.0 0.0009270000
1052211.0 0.0009320000
1053597.0 0.0008310000
1054987.0 0.0007920000
1056381.0 0.0007960000
1057778.0 0.0008190000
1059179.0 0.0008700000
1060584.0 0.0009040000
1061992.0 0.0009240000
1063404.0 0.0008890000
1064820.0 0.0009010000
1066240.0 0.0009430000
1067664.0 0.0008810000
1069091.0 0.0007960000
1070522.0 0.0008660000
1071957.0 0.0009430000
1073396.0 0.0009320000
1074839.0 0.0010090000
1076286.0 0.0009360000
1077736.0 0.0008030000
1079190.0 0.0009970000
1080649.0 0.0011140000
1082111.0 0.0010610000
1083577.0 0.0010210000
1085048.0 0.0009810000
1086522.0 0.0009170000
1088000.0 0.0009330000
1089482.0 0.0009370000
1090969.0 0.0008760000
1092459.0 0.0008640000
1093954.0 0.0008830000
1095452.0 0.0010110000
1096955.0 0.0011490000
1098462.0 0.0012160000
1099973.0 0.0012420000
1101488.0 0.0012550000
1103007.0 0.0012110000
1104531.0 0.0012160000
1106058.0 0.0012880000
1107590.0 0.0012820000
1109126.0 0.0013840000
1110667.0 0.0014550000
1112212.0 0.0015130000
1113761.0 0.0014420000
1115314.0 0.0014550000
1116872.0 0.0015390000
1118434.0 0.0014770000
1120000.0 0.0015620000
1121571.0 0.0015870000
1123146.0 0.0015180000
1124726.0 0.0014720000
1126310.0 0.0015100000
1127899.0 0.0014890000
1129492.0 0.0015180000
1131089.0 0.0016680000
1132691.0 0.0018090000
1134298.0 0.0017970000
1135909.0 0.0018510000
1137525.0 0.0018180000
1139145.0 0.0020910000
1140771.0 0.0022030000
1142400.0 0.0021790000
1144035.0 0.0022220000
1145674.0 0.0021930000
1147317.0 0.0023680000
1148966.0 0.0026350000
1150619.0 0.0027080000
1152277.0 0.0027660000
1153940.0 0.0032030000
1155607.0 0.0035200000
1157279.0 0.0036540000
1158957.0 0.0039830000
1160639.0 0.0041970000
1162326.0 0.0042520000
1164018.0 0.0042760000
1165714.0 0.0045260000
1167416.0 0.0048010000
1169123.0 0.0050020000
1170835.0 0.0055360000
1172552.0 0.0054230000
1174273.0 0.0056230000
1176000.0 0.0059420000
1177732.0 0.0062420000
1179469.0 0.0063480000
1181211.0 0.0063350000
1182959.0 0.0064410000
1184711.0 0.0066150000
1186469.0 0.0072400000
1188232.0 0.0075510000
1190000.0 0.0080080000
1191774.0 0.0082840000
1193552.0 0.0086400000
1195337.0 0.0089830000
1197126.0 0.0091910000
1198921.0 0.0094070000
1200721.0 0.0096080000
1202527.0 0.0099910000
1204338.0 0.0101520000
1206154.0 0.0105870000
1207976.0 0.0113190000
1209804.0 0.0118180000
1211637.0 0.0120910000
1213475.0 0.0123640000
1215319.0 0.0129360000
1217169.0 0.0134220000
1219025.0 0.0141210000
1220886.0 0.0148130000
1222752.0 0.0152290000
1224625.0 0.0165040000
1226503.0 0.0174050000
1228387.0 0.0179460000
1230277.0 0.0186050000
1232173.0 0.0194640000
1234074.0 0.0206630000
1235982.0 0.0218280000
1237895.0 0.0226740000
1239814.0 0.0237270000
1241739.0 0.0259790000
1243670.0 0.0279420000
1245608.0 0.0292830000
1247551.0 0.0306810000
1249500.0 0.0325410000
1251456.0 0.0342930000
1253417.0 0.0362610000
1255385.0 0.0381570000
1257359.0 0.0403490000
1259339.0 0.0433150000
1261325.0 0.0463260000
1263318.0 0.0491150000
1265317.0 0.0516960000
1267322.0 0.0546330000
1269334.0 0.0578370000
1271352.0 0.0608630000
1273376.0 0.0636070000
1275407.0 0.0669600000
1277444.0 0.0712320000
1279488.0 0.0766050000
1281539.0 0.0809610000
1283596.0 0.0855660000
1285659.0 0.0896460000
1287730.0 0.0943420000
1289807.0 0.0997030000
1291890.0 0.1044910000
1293981.0 0.1094020000
1296078.0 0.1149450000
1298182.0 0.1204420000
1300293.0 0.1275140000
1302411.0 0.1345960000
1304535.0 0.1388640000
1306667.0 0.1461230000
1308805.0 0.1503310000
1310951.0 0.1575030000
1313104.0 0.1620070000
1315263.0 0.1700090000
1317430.0 0.1743700000
1319604.0 0.1820980000
1321785.0 0.1878040000
1323974.0 0.1957490000
1326169.0 0.2005130000
1328372.0 0.2087060000
1330583.0 0.2133230000
1332800.0 0.2223230000
1335025.0 0.2269490000
1337258.0 0.2312590000
1339498.0 0.2392670000
1341745.0 0.2419750000
1344000.0 0.2499690000
1346263.0 0.2594550000
1348533.0 0.2685230000
1350811.0 0.2773110000
1353097.0 0.2852250000
1355390.0 0.2936490000
1357691.0 0.3021120000
1360000.0 0.3108230000
1362317.0 0.3188010000
1364642.0 0.3228650000
1366975.0 0.3341760000
1369315.0 0.3486800000
1371664.0 0.3561990000
1374021.0 0.3708310000
1376386.0 0.3857310000
1378759.0 0.4004230000
1381140.0 0.4145830000
1383530.0 0.4298780000
1385927.0 0.4450000000
1388334.0 0.4579520000
1390748.0 0.4659730000
1393171.0 0.4802370000
1395602.0 0.4954820000
1398042.0 0.5098540000
1400491.0 0.5322260000
1402948.0 0.5477510000
1405413.0 0.5623690000
1407888.0 0.5849990000
1410371.0 0.6080220000
1412862.0 0.6292900000
1415363.0 0.6451160000
1417873.0 0.6584100000
1420391.0 0.6715910000
1422918.0 0.6757740000
1425455.0 0.6884790000
1428000.0 0.7002920000
1430555.0 0.7024980000
1433119.0 0.7158880000
1435691.0 0.7282600000
1438274.0 0.7404540000
1440865.0 0.7419690000
1443466.0 0.7545910000
1446076.0 0.7571510000
1448696.0 0.7687150000
1451325.0 0.7705940000
1453964.0 0.7843530000
1456612.0 0.7869920000
1459270.0 0.7985930000
1461938.0 0.8043200000
1464616.0 0.8123170000
1467303.0 0.8132380000
1470000.0 0.8236840000
1472707.0 0.8346490000
1475425.0 0.8476350000
1478152.0 0.8590120000
1480889.0 0.8689080000
1483637.0 0.8799650000
1486394.0 0.8910540000
1489162.0 0.8985510000
1491941.0 0.9008320000
1494729.0 0.9120810000
1497528.0 0.9234890000
1500338.0 0.9332710000
1503158.0 0.9422130000
1505989.0 0.9518610000
1508830.0 0.9617710000
1511683.0 0.9720940000
1514546.0 0.9813950000
1517420.0 0.9944760000
1520304.0 0.9997490000
1523200.0 0.9991510000
1526107.0 0.9975480000
1529025.0 0.9957000000
1531954.0 0.9950620000
1534895.0 0.9936760000
1537846.0 1.0000000000
1540809.0 0.9983530000
1543784.0 0.9975020000
1546770.0 0.9950630000
1549768.0 0.9932750000
1552777.0 0.9929450000
1555798.0 0.9807010000
1558831.0 0.9777390000
1561875.0 0.9757560000
1564932.0 0.9655440000
1568000.0 0.9636340000
1571081.0 0.9607700000
1574173.0 0.9542580000
1577278.0 0.9577570000
1580396.0 0.9553370000
1583525.0 0.9526070000
1586667.0 0.9507780000
1589821.0 0.9597100000
1592988.0 0.9570480000
1596168.0 0.9540590000
1599360.0 0.9508790000
1602565.0 0.9493850000
1605783.0 0.9473780000
1609014.0 0.9466680000
1612258.0 0.9469530000
1615515.0 0.9478910000
1618786.0 0.9557650000
1622069.0 0.9535000000
1625366.0 0.9541590000
1628676.0 0.9560260000
1632000.0 0.9560260000
1635338.0 0.9649620000
1638689.0 0.9654610000
1642054.0 0.9650310000
1645432.0 0.9637970000
1648825.0 0.9534180000
1652232.0 0.9518260000
1655652.0 0.9490670000
1659087.0 0.9449640000
1662537.0 0.9312340000
1666000.0 0.9265870000
1669478.0 0.9208680000
1672971.0 0.9135800000
1676478.0 0.8985480000
1680000.0 0.8805140000
1683537.0 0.8615040000
1687089.0 0.8526930000
1690656.0 0.8339050000
1694238.0 0.8204300000
1697835.0 0.7975710000
1701447.0 0.7844590000
1705075.0 0.7598770000
1708718.0 0.7406170000
1712377.0 0.7113540000
1716052.0 0.6847080000
1719742.0 0.6572760000
1723449.0 0.6298940000
1727171.0 0.6106680000
1730909.0 0.5833450000
1734664.0 0.5551740000
1738435.0 0.5276460000
1742223.0 0.4969000000
1746026.0 0.4714990000
1749847.0 0.4459060000
1753684.0 0.4193620000
1757539.0 0.3933000000
1761410.0 0.3688250000
1765298.0 0.3447540000
1769204.0 0.3259550000
1773127.0 0.3036000000
1777067.0 0.2825850000
1781025.0 0.2652380000
1785000.0 0.2501960000
1788994.0 0.2341940000
1793005.0 0.2192110000
1797034.0 0.2032290000
1801081.0 0.1899030000
1805147.0 0.1773660000
1809231.0 0.1660200000
1813334.0 0.1531600000
1817455.0 0.1430910000
1821595.0 0.1337210000
1825754.0 0.1254810000
1829932.0 0.1168890000
1834129.0 0.1090560000
1838345.0 0.1022760000
1842581.0 0.0957990000
1846836.0 0.0887470000
1851111.0 0.0835560000
1855406.0 0.0782060000
1859721.0 0.0729860000
1864056.0 0.0685670000
1868412.0 0.0642520000
1872787.0 0.0593040000
1877183.0 0.0549560000
1881600.0 0.0517050000
1886038.0 0.0477430000
1890497.0 0.0446620000
1894977.0 0.0411590000
1899478.0 0.0385850000
1904000.0 0.0356770000
1908544.0 0.0330440000
1913110.0 0.0306340000
1917698.0 0.0287460000
1922308.0 0.0267420000
1926940.0 0.0246300000
1931595.0 0.0228290000
1936271.0 0.0208960000
1940971.0 0.0194060000
1945694.0 0.0181990000
1950439.0 0.0169010000
1955208.0 0.0160010000
1960000.0 0.0149350000
1964816.0 0.0138810000
1969655.0 0.0130610000
1974519.0 0.0120650000
1979406.0 0.0112100000
1984318.0 0.0104500000
1989254.0 0.0096670000
1994215.0 0.0090830000
1999200.0 0.0085010000
